# iteración mejor promedio
0 32.44619518103484 89.81118770734298
1 19.286428321519978 84.56808549713332
2 19.286428321519978 76.58353031123946
3 17.225292878101868 70.39864024042812
4 10.018524471010934 63.29220032356937
5 10.018524471010934 55.384045072609396
6 8.665262589117432 45.62226958616227
7 7.389005645554546 36.477245462123584
8 4.881550726607509 30.652384600386934
9 4.877590887640264 24.138179472484943
10 4.430198665013019 20.20544540367954
11 4.009323611428442 15.704658532176266
12 3.862858871919946 12.902557033228511
13 3.862858871919946 9.666473429813284
14 3.7579746204640485 8.29076993396261
15 3.625952757016931 7.931228320550491
16 3.625952757016931 8.168044371937638
17 3.017820081937775 7.028645839998722
18 2.9239339648079214 6.623428875536364
19 2.330020561147466 6.076163678652445
20 2.330020561147466 6.33566131643596
21 2.155553326372775 6.072109330329348
22 2.1554359251937467 5.429851762291069
23 2.154823954691861 5.108049346478573
24 2.1019943796636475 4.880547841964844
25 2.1019943796636475 5.505639513827194
26 2.0817474304811623 4.928873255428748
27 2.0817474304811623 4.062015716281044
28 2.0817474304811623 3.6447480584548066
29 2.0817474304811623 3.838044287853934
30 2.0817474304811623 4.126098094761896
31 2.0273900203805097 3.209788170077638
32 1.794710754903217 2.932105228881897
33 1.794710754903217 3.451075521083049
34 1.794698772945313 3.2982663037150077
35 1.7906906838759042 3.4824754936185864
36 1.7906906838759042 2.6425373186203824
37 1.6956212417494247 2.8354967889861205
38 1.6956212417494247 2.307507465731055
39 1.6956212417494247 2.989614796320467
40 1.6956212417494247 2.234253703621774
41 1.6949970383301192 2.821029187033346
42 1.6949970383301192 2.345174683765066
43 1.6949970383301192 3.1661654782031667
44 1.6949970383301192 2.286402532442394
45 1.6949970383301192 2.7054759527009735
46 1.675362752649213 2.43485751807921
47 1.6502400804024375 2.47626543130732
48 1.6318585399816483 2.265488405107979
49 1.6318585399816483 1.9469856804123271
50 1.6318585399816483 2.8149348702355197
51 1.6318585399816483 2.416232084427975
52 1.6318585399816483 2.1045443482742776
53 1.6294800415330388 1.9988453794725611
54 1.6294800415330388 2.2762505093800356
55 1.6294800415330388 1.994492752510494
56 1.6294800415330388 2.234809135598477
57 1.6294800415330388 1.9779891856176608
58 1.6294800415330388 1.8491025700968375
59 1.6294800415330388 1.9205455840963608
60 1.6294800415330388 2.4026398338282324
61 1.6267964442145817 2.8015059352635627
62 1.6267964442145817 2.279004211549194
63 1.6267964442145817 1.8825437949827046
64 1.6267964442145817 2.062335462366267
65 1.6267964442145817 2.1995716535763217
66 1.6267964442145817 2.5011429914480754
67 1.6267964442145817 2.202813717460492
68 1.6267964442145817 2.518392233053055
69 1.6267964442145817 2.034298071263887
70 1.6267964442145817 2.961248492705292
71 1.6267964442145817 2.2128062583579977
72 1.6267964442145817 2.3558084885120794
73 1.6266721535936395 3.191225856577563
74 1.6266721535936395 2.5287342351760547
75 1.6266721535936395 2.0514085295741116
76 1.6215655166251994 1.8172397591070135
77 1.6182717336310335 3.0865757028437644
78 1.6182717336310335 2.119618558554914
79 1.6182717336310335 2.3893325745374163
80 1.6182717336310335 1.7886821914108282
81 1.6182717336310335 2.2309926804575513
82 1.6182717336310335 2.4498634086862165
83 1.6182717336310335 2.4812021309625303
84 1.6181163130747647 1.737109256236577
85 1.6181163130747647 2.774588267283527
86 1.6181163130747647 2.8211189660010945
87 1.6181163130747647 1.794115883191129
88 1.6181163130747647 2.3803043695803683
89 1.6179232893964508 2.315437057641162
90 1.6179232893964508 2.5659082516894074
91 1.6179232893964508 3.020643599470432
92 1.6179232893964508 1.9297195450864135
93 1.6179232893964508 2.300772746686148
94 1.6179232893964508 2.7215497195059144
95 1.6179232893964508 2.6442751841948597
96 1.6179232893964508 2.29296463665264
97 1.6178423864476408 1.6886233127307824
98 1.6174572494689485 2.1206054847351803
99 1.6115077552742054 1.7214735850586893
100 1.6000519110359992 2.0164374234412574
101 1.6000519110359992 2.090099041510303
102 1.6000519110359992 1.7280377482790548
103 1.6000519110359992 3.305804242974805
104 1.3483660413966803 2.22192276235902
105 1.1362549969249305 2.3245141615152995
106 1.1362549969249305 2.2822378628135733
107 0.8729303802425987 2.6218345856904492
108 0.8609742266919012 1.8111829481441881
109 0.8609742266919012 2.1932397857315653
110 0.8609742266919012 2.409258819683567
111 0.851887307676533 1.8893420939148038
112 0.3018661198722525 1.9041740250394559
113 0.29204268898911684 1.4357845551183257
114 0.29091519782372155 1.2557838659038985
115 0.2881253222258272 0.7056864935234944
116 0.2881253222258272 1.160205189620519
117 0.2881253222258272 0.39555588380859447
118 0.28085810254302945 0.3372185035803145
119 0.28085810254302945 0.625766330651823
120 0.28085810254302945 0.358501798110607
121 0.27978541469174933 0.6718692123081123
122 0.2797545588663939 0.8003284933028928
123 0.2797306970057076 0.39466693099809147
124 0.27849741847688475 0.6444310352595849
125 0.27849741847688475 0.8589814220183828
126 0.2756048539929732 0.7687860855517361
127 0.2756048539929732 0.30512705677492424
128 0.2755737264299126 0.3074828019460514
129 0.2755737264299126 0.5181550223620945
130 0.2755737264299126 0.5003109777035325
131 0.2755737264299126 0.3048179318735102
132 0.2755737264299126 0.979946484187898
133 0.2755737264299126 0.5305729811088054
134 0.2753411120998048 0.382678067920934
135 0.2753411120998048 0.5750549435479044
136 0.2753411120998048 0.3759752041632101
137 0.2753411120998048 0.8596128903253261
138 0.2753411120998048 1.3478837158051393
139 0.2753411120998048 0.37412117392468663
140 0.27534111209980433 1.1400890209050822
141 0.27534111209980433 0.5141450305433721
142 0.27534111209980433 0.7780348756392159
143 0.27534111209980433 1.271515325372481
144 0.27534111209980433 2.0247858950692557
145 0.27534111209980433 1.1505644171413323
146 0.27534111209980433 0.30214140977472026
147 0.27534111209980433 1.0962285310844306
148 0.27534111209980433 1.2623318962789158
149 0.27534111209980433 1.57320296869804
150 0.27534111209980433 1.2319184670077896
151 0.27534111209980433 1.3892668568151303
152 0.27534111209980433 0.30173100609748144
153 0.27534111209980433 0.7629037716210751
154 0.27534111209980433 0.745860155729266
155 0.27534111209980433 1.5732612248878066
156 0.27534111209980433 1.2406960949216832
157 0.27534111209980433 0.5802955237751984
158 0.27534111209980433 0.39870355894053555
159 0.27534111209980433 1.5629308345040203
160 0.27534111209980433 0.9341647866546755
161 0.27534111209980433 0.5670276003800793
162 0.27534111209980433 1.3517480079690674
163 0.27534111209980433 0.7182622138007895
164 0.27534111209980433 0.6456039631313736
165 0.27534111209980433 0.6994657830492613
166 0.27534111209980433 0.363478527445905
167 0.27534111209980433 1.0531674067894965
168 0.2753411120998048 1.5382868965514134
169 0.2753411120998048 0.6451027486089096
170 0.2753411120998048 0.7635517149214741
171 0.2753411120998048 0.3697472839688014
172 0.2753411120998048 1.0917270206832363
173 0.2753411120998048 0.8166612315787121
174 0.2753411120998048 0.29536799790946877
175 0.2751472887651951 0.2933287096981648
176 0.2751472887651947 1.1088200085615525
177 0.2751472887651947 1.6000372577349262
178 0.2751472887651947 0.6646051400190883
179 0.2751472887651947 1.8466949654412252
180 0.2751472887651947 1.514823090022163
181 0.2751472887651947 0.8938748602300305
182 0.2751472887651947 1.6360418055537866
183 0.2751472887651947 0.29063311851577006
184 0.2751472887651947 0.36473312823395043
185 0.2751472887651947 0.8020840941450592
186 0.2751472887651947 0.2891178817491996
187 0.2751472887651947 2.1586352659310135
188 0.2751472887651947 0.5803018161061992
189 0.2751472887651947 0.7099437465021182
190 0.2751472887651947 0.28796696190621995
191 0.2751472887651947 0.5879479640294408
192 0.2751472887651947 0.8766484697033714
193 0.2751472887651947 1.3694300263124048
194 0.2751472887651947 0.288183628698871
195 0.2751472887651947 1.3254145666339558
196 0.2751472887651947 1.5784349429902458
197 0.2751472887651947 0.5245604656782286
198 0.2751472887651947 0.577993534646674
199 0.2751472887651947 0.6284006624820652
200 0.2751472887651947 0.6053807526067762
201 0.2751472887651947 0.6419395452778787
202 0.2751472887651947 1.182486924940602
203 0.2751472887651947 0.9605922659540305
204 0.2751472887651947 0.38894550992010324
205 0.2751472887651947 1.384333676517195
206 0.2751472887651947 0.6463689760800119
207 0.2751472887651947 1.064320692170472
208 0.2751472887651947 0.42924885906448734
209 0.2751472887651947 0.7934154891280035
210 0.2751472887651947 1.4048341111389129
211 0.2751472887651947 0.9202232784272637
212 0.2751472887651947 2.381153342305985
213 0.2751472887651947 0.7288341002500118
214 0.2751472887651947 0.834086774021173
215 0.2751472887651947 0.41912950883535577
216 0.2751472887651947 1.0807952513297185
217 0.2751472887651947 0.2847281010333621
218 0.2751472887651947 1.114308754973947
219 0.2751472887651951 2.4390087611372913
220 0.2751472887651951 0.6382178515990498
221 0.2751472887651951 1.1422481977130468
222 0.2751472887651951 0.2829115094894055
223 0.2751472887651951 0.6786801355562472
224 0.2751472887651951 0.693455145382911
225 0.2751472887651951 0.2811746758045638
226 0.2751472887651951 0.5883261040885011
227 0.2751472887651951 0.28059300854526786
228 0.2751472887651951 0.2805456857215894
229 0.2751472887651951 0.2809653244602878
230 0.2751472887651951 0.8680364469381422
231 0.2751472887651951 1.042756751090228
232 0.27513016892022446 0.8184593590884266
233 0.27513016892022446 0.2804889695681626
234 0.27513016892022446 1.0121145547430792
235 0.27513016892022446 0.669264829806864
236 0.27513016892022446 0.28032777990662905
237 0.27513016892022446 0.2796451146600041
238 0.27513016892022446 1.264800975369012
239 0.27512334875086136 0.2793233154761352
240 0.27512334875086136 0.9281132078060375
241 0.27512334875086136 0.2797338307918539
242 0.27512334875086136 0.2793869723078915
243 0.27512334875086136 1.0758630633782436
244 0.27512334875086136 0.27965440973514405
245 0.27512334875086136 0.27957133060952327
246 0.27512334875086136 0.8107178950391044
247 0.27512334875086136 0.6897803440039212
248 0.27512334875086136 1.7154940423530758
249 0.27512334875086136 0.3458011801272697
250 0.27512334875086136 0.27866869678493206
251 0.2751211915981337 0.6800628264426571
252 0.2751211915981337 0.8843514869300756
253 0.2751211915981337 0.4866787740154699
254 0.2751211915981337 1.0486457102042843
255 0.2751211915981337 1.3297473295735935
256 0.2751211408030312 0.27894289535861594
257 0.2751211408030312 0.38049860619905523
258 0.2751211408030312 0.3452819515685012
259 0.2751211408030312 1.0830151480564565
260 0.2751211408030312 0.27843791596001766
261 0.2751171586982614 0.47945461737480666
262 0.2751171586982614 0.5826327693885923
263 0.2751171586982614 0.611313257036416
264 0.2751171586982614 0.68555606336557
265 0.2751171586982614 1.382210170909825
266 0.2751171586982614 0.5387248048486666
267 0.2751171586982614 0.278202314020291
268 0.2751171586982614 0.27821623216239194
269 0.2751119077172876 0.27831563347481514
270 0.2751119077172876 1.221450372684349
271 0.2751119077172876 0.6506625112412852
272 0.2751119077172876 1.1474948240725704
273 0.2751119077172876 0.27837618321002744
274 0.2751119077172876 1.2612288976316433
275 0.2751119077172876 0.5388587955402048
276 0.2751119077172876 0.3613513540316516
277 0.2751119077172876 0.2787610019431563
278 0.2751119077172876 0.5754040265218414
279 0.2751119077172876 0.5393171348359328
280 0.2751119077172876 0.49385553785567504
281 0.2751119077172876 1.1743714551902726
282 0.2751119077172876 0.2777056808028928
283 0.2751119077172876 0.4446771376894524
284 0.2751119077172876 0.27776675000713674
285 0.2751119077172876 0.5727490599843219
286 0.2751119077172876 0.48450577284584767
287 0.2751119077172876 0.2776115670620963
288 0.2751119077172876 0.42978216083305326
289 0.2751119077172876 0.7020245243736225
290 0.2751119077172876 0.5393803415790327
291 0.2751119077172876 1.580017392759779
292 0.2751119077172876 0.42418082895393544
293 0.2751119077172872 0.6120575781853819
294 0.2751119077172876 0.9631388785713972
295 0.2751119077172876 0.2775324479812575
296 0.2751119077172876 1.4624154749894973
297 0.2751103059251416 0.27741065255677444
298 0.2751103059251416 0.7415512389686824
299 0.2751103059251416 0.34392729968107166
300 0.2751103059251416 1.6438210425779078
301 0.2751103059251416 0.6400622169597223
302 0.2748345258549419 0.7701876839573824
303 0.2748324846094617 1.5291943037550428
304 0.27481906399740286 0.29034242897648554
305 0.27481906399740286 0.3562669962505479
306 0.27481906399740286 0.2840988213274657
307 0.27481906399740286 1.363971722889631
308 0.27481906399740286 0.7483021204536101
309 0.27481906399740286 0.5831344777079382
310 0.27481906399740286 0.5390740497974087
311 0.27481906399740286 0.41729631470704764
312 0.27481906399740286 0.5236364696777618
313 0.27481906399740286 1.3966009428473845
314 0.27481906399740286 0.7086728258993584
315 0.27481906399740286 0.5850150062907633
316 0.27481906399740286 0.27694932103182707
317 0.27481906399740286 0.5236932344970328
318 0.27481906399740286 0.27687210808483387
319 0.27481906399740286 0.4129807480442277
320 0.27481074490163915 0.5384616138967513
321 0.27481074490163915 0.27662469878574175
322 0.2748006367120048 0.27663467281860804
323 0.274796204413138 0.48077776826856683
324 0.274796204413138 1.6561876415539694
325 0.274796204413138 0.27692125141166146
326 0.274796204413138 0.5076490114782813
327 0.274796204413138 0.27720183149936156
328 0.274796204413138 0.7684617954593675
329 0.274796204413138 1.2017960476951133
330 0.274796204413138 1.4654657822534367
331 0.274796204413138 0.9451901143218282
332 0.274796204413138 1.049568620248315
333 0.274796204413138 1.984668322533411
334 0.274796204413138 2.9615860284845454
335 0.274796204413138 0.6338420386487663
336 0.274796204413138 0.9782121160501234
337 0.274796204413138 0.8832104128880769
338 0.274796204413138 1.0976684986218777
339 0.274796204413138 0.889016395259518
340 0.274796204413138 0.8811151097614784
341 0.274796204413138 0.9176728464375664
342 0.274796204413138 1.2497640164108823
343 0.274796204413138 0.2768935706058921
344 0.274796204413138 0.3597799744091902
345 0.274796204413138 1.3667160081086607
346 0.274796204413138 1.4673677140134753
347 0.274796204413138 0.7637280463878892
348 0.274796204413138 0.7488785413626207
349 0.274796204413138 1.301457866215687
350 0.274796204413138 1.9740040639572518
351 0.274796204413138 0.30973289934855114
352 0.274796204413138 0.5439976690081856
353 0.274796204413138 1.226976354878763
354 0.274796204413138 0.5929730996428869
355 0.274796204413138 1.7910499274264404
356 0.274796204413138 1.6804642184749918
357 0.274796204413138 0.2769644231992439
358 0.274796204413138 0.52295377458809
359 0.274796204413138 1.7686838187025113
360 0.274796204413138 0.6378632569043309
361 0.274796204413138 0.7973344983863376
362 0.274796204413138 1.1194671215286198
363 0.274796204413138 1.10379333895264
364 0.274796204413138 1.3746070635724783
365 0.274796204413138 0.5389722156626714
366 0.274796204413138 1.3164689541707262
367 0.274796204413138 1.0119916614378877
368 0.2747962044131385 1.0885733980457872
369 0.2747962044131385 0.4218555970657094
370 0.2747962044131385 0.2769699223166178
371 0.2747909534321647 0.4031446297032033
372 0.2747909534321647 0.6693538161826068
373 0.2747909534321647 1.3499737600752588
374 0.27475340840083395 0.33953085741904615
375 0.27475340840083395 0.27684488420872766
376 0.27475340840083395 0.27682421600410145
377 0.27475340840083395 1.043253485291295
378 0.27474408723130456 0.35510088342372936
379 0.27473883625033074 0.5332930665828006
380 0.27473883625033074 0.2771222856633676
381 0.27473883625033074 0.4504138799943098
382 0.27473883625033074 0.5389208094298816
383 0.27473883625033074 0.8815029706894713
384 0.27473883625033074 0.2770217497703873
385 0.27473883625033074 1.1783583777993853
386 0.27473883625033074 0.2769495941821629
387 0.27473883625033074 0.4178977819652476
388 0.27473883625033074 0.2769450551360953
389 0.27473883625033074 0.27693967920131507
390 0.27473883625033074 1.3313561564295273
391 0.2746949004536237 0.2768616368476649
392 0.2746949004536237 0.27684570600839775
393 0.2746949004536237 0.7830122446705827
394 0.2746949004536237 1.0305413345180556
395 0.2746803283031205 0.6530851743337377
396 0.27434932130839257 0.32338437017540067
397 0.27434932130839257 0.7443369748380839
398 0.27434932130839257 1.460492443033227
399 0.27434932130839257 0.596321019236421
400 0.27434932130839257 0.8513772066849971
401 0.27434932130839257 2.575613749811861
402 0.27434932130839257 0.45779409266640575
403 0.27434932130839257 0.6356233737579217
404 0.27434932130839257 1.598811350339428
405 0.27434932130839257 0.31054165488522917
406 0.27434932130839257 0.7717757490192214
407 0.27434932130839257 0.929556873900539
408 0.27434932130839257 1.0047088015274672
409 0.27434932130839257 0.2766525371547958
410 0.27434932130839257 0.615500727179541
411 0.27434932130839257 0.27763817906380717
412 0.27434932130839257 0.5675276166444057
413 0.27434932130839257 0.5762561292481709
414 0.27434932130839257 1.086022102436408
415 0.27434932130839257 0.4111918387704683
416 0.27434932130839257 1.375351027299338
417 0.27268239224606033 0.5429035308464014
418 0.27268239224606033 0.28105781494487825
419 0.2726302750642264 0.2795467185241274
420 0.27255216762227313 0.5966119343545383
421 0.27196245443519224 0.8556565725448587
422 0.27196245443519224 0.7848149829454488
423 0.27196245443519224 0.4520581582102085
424 0.27196245443519224 0.293832878350362
425 0.27196245443519224 0.2903075156195073
426 0.2711760471736263 0.2804774611161007
427 0.2707520671287938 0.9052764177663625
428 0.27031397220859027 0.9892241269526529
429 0.27031397220859027 0.30455592493957917
430 0.27031397220859027 0.2885544980783888
431 0.27031397220859027 0.2802508502097449
432 0.2695627366513987 0.3646327274247689
433 0.26953278388452584 0.553357294048537
434 0.2692607969842025 0.285423233889079
435 0.2684556246337138 0.7958800389480918
436 0.2684556246337138 0.34352335283103536
437 0.2684556246337138 1.2173371428443192
438 0.2684556246337138 0.8978992207202251
439 0.2684556246337138 0.739691176753682
440 0.2684556246337138 1.5919165250759528
441 0.26840962572853266 0.905345501233527
442 0.26840962572853266 0.468049677397786
443 0.26840962572853266 0.8672286683690856
444 0.26840962572853266 1.4412844318224243
445 0.26840962572853266 0.4578797364108833
446 0.26840962572853266 1.974820663038458
447 0.26840962572853255 0.9701957871345503
448 0.26840962572853255 1.4429358644943553
449 0.26840962572853255 0.5536946760595967
450 0.26840962572853255 0.5162896906592273
451 0.26840962572853255 0.28477070701249735
452 0.26840962572853255 0.7041678436299611
453 0.26840962572853255 0.7719700891668776
454 0.26840962572853255 1.107140759848118
455 0.26840962572853255 0.3548150117717836
456 0.26840962572853255 0.34258017520231454
457 0.26840962572853255 0.9404612152712231
458 0.26840962572853255 1.1806374441588767
459 0.26840962572853255 0.8889502653112572
460 0.26840962572853255 0.8512041886600074
461 0.26840962572853255 1.0187527772545948
462 0.26840962572853255 0.684894406923568
463 0.26840962572853255 0.29335392951912603
464 0.26840962572853255 1.1129805448326033
465 0.26840962572853255 1.192003009152526
466 0.26840962572853255 0.733386659161363
467 0.26840962572853255 1.0285566941269375
468 0.26840962572853255 0.7850187052591973
469 0.26840962572853255 1.3977514282795251
470 0.26840962572853255 0.9737736465080524
471 0.26840962572853255 0.6859035204863848
472 0.26840962572853255 1.025984022059273
473 0.26840962572853255 0.8350348425803743
474 0.26840962572853255 0.27662910887209224
475 0.26840962572853255 0.6813893411993434
476 0.26840962572853255 1.0999084849766387
477 0.26840962572853255 0.27887385018649913
478 0.26840962572853255 1.641559014004978
479 0.26840962572853255 1.1551063665359507
480 0.26840962572853255 1.204996716309342
481 0.26840962572853255 0.9824949818245117
482 0.26840962572853255 1.163312696357873
483 0.26840962572853255 1.5391140330867643
484 0.26840962572853255 0.9784521746269735
485 0.26840962572853255 0.2762797428447412
486 0.26840962572853255 0.5727506055137694
487 0.26840962572853255 1.2931047586740152
488 0.26840962572853255 1.686198707275215
489 0.26840962572853255 1.7605561017209366
490 0.26840962572853255 0.9940439348902426
491 0.26840962572853255 0.5421302983209416
492 0.26840962572853255 0.8903198055826776
493 0.26840962572853255 0.9911558934545046
494 0.26840962572853255 1.6097297689214118
495 0.26840962572853255 0.7494286909214745
496 0.26840962572853255 0.2764988917171879
497 0.26840962572853255 1.9218664618315007
498 0.26840962572853255 0.8917763557294002
499 0.26840962572853255 0.8157034863894056
500 0.26840962572853255 1.0037440167374112
501 0.26840962572853255 0.5874203998150018
502 0.26840962572853255 1.2833438501277905
503 0.26840962572853255 2.1621634132506373
504 0.26840962572853255 1.4753507093377871
505 0.26840962572853255 1.7401605488778162
506 0.26840962572853255 0.5565496620994681
507 0.26840962572853255 0.8437651639619773
508 0.26840962572853255 1.0917056170765693
509 0.26840962572853255 0.8029980802069232
510 0.26840962572853255 1.2779115674908348
511 0.26840962572853255 1.2734634739666937
512 0.26840962572853255 0.8588846668418353
513 0.26840962572853255 1.6170955987082272
514 0.26840962572853255 1.1613457124687778
515 0.26840962572853255 0.7928684964417938
516 0.26840962572853255 0.5157500928876552
517 0.26840962572853255 1.1567391262228421
518 0.26840962572853255 1.0984213893767636
519 0.26840962572853255 0.890292679729795
520 0.26840962572853255 1.8942543832067407
521 0.26840962572853255 0.5748064867433527
522 0.26840962572853255 0.5035514677505654
523 0.26840962572853255 0.37939374829880157
524 0.26840962572853255 0.9181916884631298
525 0.26840962572853255 1.3373544071463932
526 0.26840962572853255 1.3327358809746372
527 0.26840962572853255 0.27655062360428134
528 0.26840962572853255 0.6013326293804926
529 0.26840962572853255 0.4396205748735774
530 0.26840962572853255 1.020055957403045
531 0.26840962572853255 0.5248104547521565
532 0.26840962572853255 0.7360178928287886
533 0.26840962572853255 0.9624200113999946
534 0.26840962572853255 0.6711933236386152
535 0.26840962572853255 1.1525818442988174
536 0.26840962572853255 1.242173361880641
537 0.26840962572853255 1.6586418281806714
538 0.26840962572853255 0.9808841532088083
539 0.26840962572853255 1.2371252931785082
540 0.26840962572853255 0.2767679510376659
541 0.26840962572853255 0.27679925005213835
542 0.26840962572853255 0.2767709369098087
543 0.26840962572853255 0.6024506858586028
544 0.26840962572853255 0.5584407462747963
545 0.26840962572853255 0.2767601839407806
546 0.26840962572853255 0.8490230459255308
547 0.26840962572853255 1.0062390767437
548 0.26840962572853255 1.1375534081326821
549 0.26840962572853255 0.6249604865700188
550 0.26840962572853255 0.675650910955169
551 0.26840962572853255 0.579238293173778
552 0.26840962572853255 1.2824408454811276
553 0.26840962572853255 1.0833338947018443
554 0.26840962572853255 0.6358972119454205
555 0.26840962572853255 0.906080033118987
556 0.26840962572853255 0.2768129880918646
557 0.26840962572853255 0.27680272999087424
558 0.26840962572853255 1.2299808844218167
559 0.26840962572853255 0.8061533154967271
560 0.26840962572853255 0.5386572206964053
561 0.26840962572853255 1.523896258702254
562 0.26840962572853255 1.3972915275770952
563 0.26840962572853255 0.7171785793483219
564 0.26840962572853255 0.5897457464296465
565 0.26840962572853255 0.3447104632227048
566 0.26840962572853255 0.49806797067238695
567 0.26840962572853255 0.4087728134560063
568 0.26840962572853255 1.318141123342316
569 0.26840962572853255 0.5902789909323676
570 0.26840962572853255 0.9970159595724759
571 0.26840962572853255 0.654195609809355
572 0.26840962572853255 0.7257821928234597
573 0.26840962572853255 0.6328506631168557
574 0.26840962572853255 0.7829886944131151
575 0.26840962572853255 1.0843981811697128
576 0.26840962572853255 0.3804744153217654
577 0.26840962572853255 1.0902411187536662
578 0.26840962572853255 0.9057462551952696
579 0.26840962572853255 1.593630957153804
580 0.26840962572853255 0.41714138169268755
581 0.26840962572853255 1.5134352359602092
582 0.26840962572853255 0.27691404963666977
583 0.26840962572853255 0.7620725954779985
584 0.26840962572853255 0.2769288935933043
585 0.26840962572853255 1.1039594839615106
586 0.26840962572853255 0.8587440776840927
587 0.26840962572853255 0.4382844357197335
588 0.26840962572853255 0.967541665488623
589 0.26840962572853255 1.8012512560492338
590 0.26840962572853255 0.7684718072036936
591 0.26840962572853255 1.659865825336099
592 0.26840962572853255 1.004255789546688
593 0.26840962572853255 1.3595000795571406
594 0.26840962572853255 0.5361948567683307
595 0.26840962572853255 0.9661453935856944
596 0.26840962572853255 1.4469157314321668
597 0.26840962572853255 0.562910198385183
598 0.26840962572853255 0.9422674182529692
599 0.26840962572853255 1.2898302573480485
600 0.26840962572853255 1.0491848335006635
601 0.26840962572853255 0.4241305771392716
602 0.26840962572853255 1.5707509987060109
603 0.26840962572853255 0.6836223172856499
604 0.26840962572853255 1.8728867140327066
605 0.26840962572853255 0.46704991661118833
606 0.26840962572853255 0.5876186038432286
607 0.26840962572853255 0.5021630438730046
608 0.2652192558767673 1.1501864988307882
609 0.2652192558767673 0.4391913924997284
610 0.26469567568392494 0.6639277743105622
611 0.26464043502648066 0.6206286280760425
612 0.26464043502648066 0.3422575329179128
613 0.26464043502648066 0.4413407108658712
614 0.26464043502648066 1.2915597295953989
615 0.2637360802494523 0.3080191552795141
616 0.2637360802494523 0.8038429479212043
617 0.2637360802494523 1.4455299385694342
618 0.2637360802494523 1.1221457814541547
619 0.2637334556172725 0.2754998905453004
620 0.2637334556172725 0.907913635989619
621 0.2637334556172725 0.3489158691927563
622 0.2637334556172725 0.2745068216366357
623 0.2637334556172725 0.48894576864812833
624 0.2637334556172725 0.2901324802813271
625 0.2637334556172725 0.8506323607640901
626 0.2637334556172725 0.951176709973975
627 0.2637321442667785 0.43927097317495145
628 0.2637321442667785 0.4315220579464465
629 0.2637321442667785 0.3522674855943647
630 0.2637321442667785 0.7590472047433184
631 0.2637321442667785 0.5150093033009715
632 0.26372164459365044 0.742788533379527
633 0.26372164459365044 0.6282910921286419
634 0.26372164459365044 0.39031886316493314
635 0.26372164459365044 0.2777290038597445
636 0.26372164459365044 0.3937152190194951
637 0.26372164459365044 0.5305002503673717
638 0.26372164459365044 0.8175323462111932
639 0.26372164459365044 0.276254117667358
640 0.26372164459365044 1.0103285902557204
641 0.26372164459365044 0.6701882535348761
642 0.26372164459365044 2.861630327052713
643 0.26372164459365044 0.7404503930496226
644 0.26372164459365044 0.404053683143322
645 0.26372164459365044 0.5195251115633475
646 0.26372164459365044 0.7853824718120683
647 0.26372164459365044 0.48740190020017216
648 0.26372164459365044 1.5273117833204737
649 0.26372164459365044 0.4184502412264064
650 0.26372164459365044 0.2806260482989624
651 0.26372164459365044 0.5240479673728483
652 0.26372164459365044 0.6080418722625006
653 0.26372164459365044 0.8316496334648282
654 0.26372164459365044 1.1540101384859658
655 0.26372164459365044 0.27667486120001256
656 0.26372164459365044 0.27694108161821335
657 0.26372164459365044 0.6989219587195492
658 0.26372164459365044 0.27874809643641174
659 0.26372164459365044 0.7604906708174132
660 0.26372164459365044 1.8109942873230367
661 0.26372164459365044 0.6027978379076795
662 0.26372164459365044 1.5049824676331462
663 0.26372164459365044 0.3398321295817324
664 0.26372164459365044 1.334221649344796
665 0.26372164459365044 0.283884612904825
666 0.26372164459365044 0.27864593147821365
667 0.26372164459365044 1.1822303939443828
668 0.26372164459365044 1.164287874082616
669 0.26372164459365044 0.27712934925875277
670 0.26372164459365044 0.27408264932429416
671 0.26372164459365044 0.6530011123682403
672 0.26372164459365044 0.5846324622029738
673 0.26372164459365044 0.6770192112490547
674 0.26372164459365044 0.5152870152219896
675 0.26372164459365044 0.7755696937360039
676 0.26372164459365044 0.33627312004272
677 0.26372164459365044 0.6608386794853687
678 0.26372164459365044 0.7976606356910649
679 0.26372113626115556 0.6332932327743325
680 0.26372113626115556 1.3841368661529785
681 0.26372113626115556 0.5529328943239818
682 0.26372113626115556 0.3400390704383994
683 0.26372113626115556 0.8651206577001469
684 0.26372113626115556 0.3858708954349634
685 0.26372113626115556 0.338231806672462
686 0.26372113626115556 0.752053390613758
687 0.26372113626115556 0.4069478558378494
688 0.26372113626115556 0.7967646146544303
689 0.26372113626115556 1.0880616056508299
690 0.26372113626115556 0.6534868473169299
691 0.26372113626115556 1.5622249457346853
692 0.26372113626115556 1.1664877840784293
693 0.26372113626115556 0.9203521552544451
694 0.26372113626115556 0.5876553895587652
695 0.26372113626115556 0.36271615814923763
696 0.26372113626115556 0.34054985895255513
697 0.26372113626115556 1.4036308788896614
698 0.26372113626115556 0.9273600264352754
699 0.26372113626115556 1.0042735756660486
700 0.26372113626115556 0.7046903710682565
701 0.26372113626115556 0.9146720848240141
702 0.26372113626115556 0.28177904354960204
703 0.26372113626115556 0.47488243794870655
704 0.26372113626115556 0.2861765703688437
705 0.2637210094462529 0.6699230020683035
706 0.26372012474600953 0.3386984392161484
707 0.26372012474600953 0.9455304526972002
708 0.26372012474600953 1.093495613244644
709 0.26372012474600953 0.2909714612566478
710 0.26372012474600953 0.7237552585821975
711 0.26372012474600953 0.43739171247460135
712 0.26372012474600953 1.3762024753702575
713 0.26372012474600953 1.0979831942119898
714 0.26372012474600953 0.9963363012447032
715 0.26372012474600953 0.6402295550467261
716 0.26372012474600953 0.3953958495998633
717 0.26372012474600953 0.5178239359866974
718 0.26372012474600953 0.5328896606148349
719 0.26372012474600953 1.2888855194488116
720 0.26372012474600953 0.6670539667965822
721 0.26372012474600953 0.5944909382018408
722 0.26372012474600953 0.6723030407775448
723 0.26372012474600953 1.1193926700188106
724 0.26372012474600953 0.7868257605338296
725 0.26372012474600953 0.5230975805772632
726 0.26372012474600953 0.5825488221932664
727 0.26372012474600953 0.2680510327054862
728 0.26372012474600953 0.9517112932771705
729 0.26372012474600953 0.6909706743379082
730 0.26372012474600953 0.3714981720045223
731 0.26372012474600953 1.031176202688792
732 0.26372012474600953 0.40783757059348674
733 0.26372012474600953 0.8260998849654969
734 0.26372012474600953 1.0211440660500857
735 0.26372012474600953 0.46738383006770534
736 0.26372012474600953 0.8421681102947635
737 0.26372012474600953 0.7386217475068146
738 0.26372012474600953 0.26483767159939536
739 0.26372012474600953 0.9218853078428272
740 0.26372012474600953 0.5130562584293827
741 0.26372012474600953 0.334932509659574
742 0.26372012474600953 1.067885669528862
743 0.26372012474600953 0.2673181565781832
744 0.26372012474600953 0.9902059961517473
745 0.26372012474600953 0.687922912002065
746 0.26372012474600953 0.8491837225362038
747 0.26372012474600953 0.32815509925135855
748 0.26372012474600953 0.2645897345981375
749 0.26372012474600953 0.2673297510957574
750 0.26372012474600953 0.2655148152625126
751 0.26372012474600953 0.577738027942698
752 0.26372012474600953 0.4084535999751935
753 0.26371999878941416 0.7871976464113248
754 0.26371999878941416 0.5787187926915167
755 0.26371999878941416 1.0223487078511533
756 0.26371999878941416 0.5133099310696699
757 0.26371999878941416 0.5256642367522951
758 0.26371999878941416 0.3470997182207355
759 0.26371999878941416 0.8348920250070329
760 0.26371999878941416 0.40339553714280835
761 0.26371999878941416 0.4118599790404111
762 0.26371999878941416 0.9993642873764825
763 0.26371999878941416 0.7302325325818405
764 0.26371999878941416 1.0144283607324311
765 0.26371999878941416 0.6192322959542738
766 0.26371999878941416 0.8370068765006791
767 0.26371999878941416 0.464235336619154
768 0.26371999878941416 1.4628916178467584
769 0.26371999878941416 0.7065855090501542
770 0.26371999878941416 0.5330587174015783
771 0.26371999878941416 0.3288513139047742
772 0.26371999878941416 1.5635972038260784
773 0.26371999878941416 1.337531895736806
774 0.26371999878941416 0.46463515212999423
775 0.26371999878941416 0.26375943145163083
776 0.26371999878941416 0.525857832559416
777 0.26371999878941416 0.7629003264502215
778 0.26371999878941416 0.4958027135686415
779 0.26371999878941416 0.8940302533933024
780 0.26371999878941416 0.42095817362230953
781 0.26371999878941416 0.26379308861490836
782 0.26371999878941416 0.5808517762160096
783 0.26371999878941416 0.26377793481393014
784 0.26371999878941416 0.7256420518427323
785 0.26371999878941416 0.26375864892995016
786 0.26371999878941416 0.7416569048899728
787 0.26371999878941416 0.7465279566229548
788 0.26371999878941416 0.8022230202194092
789 0.26371999878941416 0.5134949208063407
790 0.26371999878941416 0.4845942894749551
791 0.26371999878941416 0.6817754833194145
792 0.26371029645992017 0.298490973774344
793 0.26371029645992017 0.4109388131843875
794 0.26272637646560415 0.3294739698670175
795 0.26272637646560415 0.47739103336005234
796 0.26272637646560415 0.4328233793405666
797 0.26272637646560415 0.4119171561149869
798 0.26144513806169334 1.4477161368303713
799 0.26144513806169334 1.0145749785107876
800 0.26144513806169334 0.26369588210814027
801 0.2614340021444418 0.4109105089766787
802 0.2614340021444418 0.5357632259937098
803 0.2614340021444418 0.5395146286430663
804 0.2614340021444418 0.6169746781787775
805 0.2614340021444418 0.3950450714960215
806 0.2614340021444418 1.1902468387884837
807 0.2614340021444418 0.7303048954413811
808 0.2614340021444418 0.9720068372987961
809 0.2614340021444418 0.26366446292397105
810 0.2614340021444418 0.3996018380681468
811 0.2614307596740616 0.6663267161861117
812 0.2463092390730187 0.9521475699087166
813 0.2463092390730187 0.35259781328971196
814 0.2463092390730187 0.4418442841560748
815 0.24630723874018617 0.9586530830643017
816 0.24630723874018617 0.5088150809507465
817 0.24630723874018617 0.8135075668257321
818 0.24630723874018617 0.7547633209246892
819 0.24630723874018617 1.7277679865755575
820 0.24630723874018617 0.4065028466664779
821 0.2463071541849968 0.8467160124011203
822 0.24630656363381567 0.40195625713847105
823 0.24630656363381567 0.5105164805699198
824 0.24630656363381567 0.2756340610870853
825 0.24630656363381567 0.267950391468458
826 0.24630656363381567 0.9451623399137746
827 0.24630656363381567 0.2763332516386362
828 0.24630656363381567 0.5221095984880497
829 0.24630656363381567 0.32566130887789485
830 0.24630656363381567 0.5158657682605772
831 0.24622051715933674 0.5238385716100968
832 0.24622051715933674 0.26269720474358726
833 0.24622051715933674 0.9021252797615159
834 0.24621376342534237 0.41158960071125117
835 0.24621376342534237 0.2605457814356089
836 0.24621376342534237 1.2539725075821795
837 0.24621376342534237 1.570892287082956
838 0.2462080310293442 0.32749479600823256
839 0.2462080310293442 0.7533216287105857
840 0.2462080310293442 0.26298830007244045
841 0.2462080310293442 0.6558521197388371
842 0.2462080310293442 1.1681425542166421
843 0.2462080310293442 0.5501460727212464
844 0.2462080310293442 0.5169451351678124
845 0.2462080310293442 1.2046844285344052
846 0.2462080310293442 1.3894896705945763
847 0.24588264580434158 1.0418032548888363
848 0.24588264580434158 0.27502563241218325
849 0.24588264580434158 1.0207605991853372
850 0.24588264580434158 1.4821533638351252
851 0.24588264580434158 1.1212710386479048
852 0.24587580751515783 0.7721117751900826
853 0.24587580751515783 0.338871096789447
854 0.24587580751515783 0.8553864697303147
855 0.24587580751515783 1.5189741128016387
856 0.2458233333370941 0.6171212499104375
857 0.2458233333370941 0.6744865574301373
858 0.2458233333370941 0.7838446334784228
859 0.2458233333370941 1.1727263028161714
860 0.2458233333370941 0.7545733697404412
861 0.24570923954985585 0.9665761940918947
862 0.24570856444348535 0.6430140239364848
863 0.24570759689274674 0.25127770599057725
864 0.24570759689274674 1.0508909535928754
865 0.24570759689274674 1.1982144290228662
866 0.24570759689274674 0.8750489919090932
867 0.24570759689274674 0.5053384960534864
868 0.24570692178637624 0.5107001443245808
869 0.24570692178637624 0.24954739421820127
870 0.24570692178637624 0.3309651147545938
871 0.24570595424755798 0.5988103600843144
872 0.24570595424755798 0.5219977571788769
873 0.24565011140410048 1.564404750486225
874 0.24565011140410048 0.7732252153638587
875 0.24564335767010612 0.6965173724908427
876 0.24564335767010612 0.7915415944279429
877 0.24564335767010612 0.38570429410874774
878 0.24564335767010612 0.2714838082587244
879 0.24564335767010612 0.45699215668552035
880 0.24564335767010612 0.45056682170487283
881 0.24564335767010612 0.4452614569076437
882 0.24564335767010612 1.0994999226404618
883 0.24564335767010612 0.24734075557332103
884 0.2456429198380187 0.8551256756844273
885 0.24564268256373561 0.5795768054690891
886 0.24564268256373561 0.5267819087554078
887 0.2456024916332776 1.651044538124425
888 0.2456024916332776 1.458977965697308
889 0.2456024916332776 0.3373972743860406
890 0.24560205380119016 0.7583361410532836
891 0.24560205380119016 0.2731767367441434
892 0.24560205380119016 0.6360640765616299
893 0.24559573789928324 0.5751985012803945
894 0.24559573789928324 0.5083810372259504
895 0.24559573789928324 0.6572440500545959
896 0.24559506279291274 1.2946370359809427
897 0.24559506279291274 0.4977118740126199
898 0.24559506279291274 0.9175778325562354
899 0.24559506279291274 0.40057510499450344
900 0.24559506279291274 1.2215048341290073
901 0.24559506279291274 0.7699624431713106
902 0.24559506279291274 0.7545653432355539
903 0.24559506279291274 0.8521924559034609
904 0.24559506279291274 0.4846103154352342
905 0.24559506279291274 0.954884174055843
906 0.24559506279291274 0.9456415687524472
907 0.24559081228829982 0.6268713466274238
908 0.24559013718192932 0.3893690543492471
909 0.24559013718192932 0.7372906899190435
910 0.24559013718192932 0.6433943289384843
911 0.24559013718192932 0.4888536070645679
912 0.24559013718192932 1.1510624262975042
913 0.24558969934984187 0.7132852585001221
914 0.24558969934984187 0.3109240221233295
915 0.24558969934984187 0.34422585201641814
916 0.24558969934984187 0.6264310705838775
917 0.24558969934984187 0.24625821441241968
918 0.24558969934984187 0.24609884550628214
919 0.24558969934984187 0.24608509243151563
920 0.24558969934984187 0.2460620193720411
921 0.24558969934984187 0.45019995160074117
922 0.24558969934984187 0.24603622583625126
923 0.24558969934984187 0.9154087033250184
924 0.24558969934984187 0.8780722030408259
925 0.24558969934984187 0.8403653572561174
926 0.24558969934984187 0.52236035304441
927 0.24558969934984187 0.9234451533565138
928 0.24558969934984187 1.715894944980975
929 0.24558969934984187 0.39586487067232057
930 0.24558969934984187 0.2619469455760309
931 0.24558969934984187 0.5118927883584391
932 0.24558969934984187 0.7747063060582697
933 0.24558969934984187 0.24598913945572845
934 0.24558969934984187 0.24598858319451988
935 0.24558969934984187 0.6568017853619251
936 0.24558969934984187 0.6957149968390057
937 0.24558969934984187 0.24587556288595602
938 0.24558969934984187 0.3277309779202648
939 0.24558969934984187 0.24576481983413234
940 0.24558969934984187 0.2457175000352124
941 0.24558969934984187 0.5078434807154156
942 0.24558969934984187 0.7683013827622728
943 0.24558969934984187 0.5075370280434331
944 0.24558969934984187 0.245739266059094
945 0.24558969934984187 0.3270496662801514
946 0.24558969934984187 1.0431294842408827
947 0.24558969934984187 1.0498175029364833
948 0.24558969934984187 0.5718994186065077
949 0.24558969934984187 0.2456700711090761
950 0.24558969934984187 1.322262708848143
951 0.24558969934984187 1.3838628208019872
952 0.24558969934984187 0.6595462830862786
953 0.24558969934984187 0.3125535312567323
954 0.24558969934984187 0.47679604225193734
955 0.24558969934984187 0.5412836769663038
956 0.24558969934984187 0.3784947500731133
957 0.24558969934984187 0.7204776711028625
958 0.24558969934984187 0.47594626541260837
959 0.24558969934984187 0.3648276734535117
960 0.24558969934984187 0.31152656955464236
961 0.24558969934984187 0.24573245693912643
962 0.2455896151761224 0.7555991855090716
963 0.2455896151761224 0.39339509676518425
964 0.2455896151761224 0.8338735578561217
965 0.2455896151761224 0.9853270523168124
966 0.2455896151761224 0.38370374744734836
967 0.2455896151761224 0.29603474405751645
968 0.2455896151761224 0.24565888556968268
969 0.2455896151761224 0.24563073232624685
970 0.2455896151761224 0.6332689507800935
971 0.2455896151761224 0.3832083333464444
972 0.2455896151761224 1.6589628179070315
973 0.2455896151761224 0.3928913894252621
974 0.2455896151761224 1.0676286653036653
975 0.2455896151761224 0.635594663342398
976 0.2455896151761224 0.9321112454178373
977 0.2455896151761224 0.34868519462258973
978 0.2455896151761224 0.5876772409296257
979 0.2455896151761224 0.3482042928045995
980 0.2455896151761224 0.24560670659341913
981 0.2455896151761224 0.4419204450885736
982 0.2455896151761224 0.6314836693575235
983 0.2455896151761224 0.24560742667837002
984 0.2455896151761224 1.9065773629077096
985 0.2455896151761224 0.7800882465766208
986 0.2455896151761224 0.7138745653210777
987 0.2455896151761224 0.7688151956175464
988 0.2455896151761224 0.8830964668568897
989 0.2455896151761224 0.24560228071969792
990 0.2455896151761224 0.245601962043551
991 0.2455896151761224 0.6396473721344689
992 0.2455896151761224 0.24560232777782573
993 0.2455896151761224 0.5001013190692707
994 0.2455896151761224 0.70001009804023
995 0.2455896151761224 0.38420596756490305
996 0.2455896151761224 0.5944773522222786
997 0.2455896151761224 0.24560023902771916
998 0.2455896151761224 2.2596474943575724
999 0.2455896151761224 1.3032700960076165
