# iteración mejor promedio
0 30.92625829240601 86.48098111186717
1 16.493266531751544 79.79008253065807
2 16.493266531751544 69.08903230275475
3 16.077755182831062 58.22240587545535
4 11.93910794698609 50.13563388837958
5 9.575884362537607 43.86175690113484
6 7.509991577671494 36.086682935749174
7 7.437103816012945 29.002079790256584
8 7.437103816012945 26.060096966661437
9 6.942943302058565 21.433902205135112
10 5.070015872381456 19.107349106815388
11 3.760501275280511 15.78294826001751
12 3.7030511385712392 13.905465670721835
13 3.5128741732859643 12.148082640189257
14 2.4799737387798757 10.297863363000513
15 2.4504948079470474 9.057334882455432
16 2.4504948079470474 7.941553589823494
17 2.3756093297673675 7.551430500572965
18 2.3745834962198553 5.639823528155375
19 2.317989398989855 5.175681615763726
20 2.2679290104436816 4.491625959692385
21 2.2607690580725848 4.39528102870423
22 2.231700776162987 3.305035056111351
23 2.1740737059257964 3.1400472800835524
24 2.1740737059257964 2.875843568735051
25 2.171469163668229 3.501091415216326
26 2.034988162681659 2.9199025476587774
27 2.034988162681659 3.8073414054551464
28 2.033725650254085 3.8978308261518424
29 2.033725650254085 4.243137050744493
30 2.033725650254085 4.709988477595645
31 2.033725650254085 3.900735054085355
32 2.033725650254085 3.0181659960609735
33 2.033725650254085 2.9571221180182152
34 2.033725650254085 3.331411127878239
35 2.0197289286422415 3.546828795179962
36 2.0197289286422415 3.6582358088258484
37 2.0197289286422415 2.7152783610089
38 2.0197289286422415 4.473134745956704
39 2.0197289286422415 3.1036995152768596
40 2.0197289286422415 3.5854948292738325
41 1.9985176827901323 3.5864958704592906
42 1.9985176827901323 2.582597808118403
43 1.9737011856113413 2.7612795831598653
44 1.9737011856113413 2.415857539593341
45 1.9737011856113413 3.0569530849424438
46 1.9737011856113413 4.090477350797111
47 1.9712038801955656 2.8708450175601485
48 1.9712038801955656 3.17187754052748
49 1.9712038801955678 3.8508751182728553
50 1.9712038801955678 4.531016091854538
51 1.9712038801955678 5.874279993699151
52 1.9712038801955678 5.350329525644067
53 1.9712038801955678 3.004580203167543
54 1.9712038801955678 3.5115042630768274
55 1.9712038801955678 3.1488225533888596
56 1.9712038801955678 3.330823364366873
57 1.9712038801955678 3.390862080027186
58 1.9712038801955678 3.5284072806249203
59 1.9712038801955678 3.2400197692920596
60 1.95920988316102 2.822278906148705
61 1.95920988316102 3.6704383248680874
62 1.95920988316102 3.5813764623351854
63 1.95920988316102 2.438536740133559
64 1.9585262599026076 2.7596448074797872
65 1.9585262599026076 3.6982006531455944
66 1.9585262599026076 3.085913560919851
67 1.9585262599026076 2.778287163175739
68 1.9585262599026076 2.643277812568483
69 1.9561718367590186 2.8009036328621715
70 1.9518876428216247 2.554301380422925
71 1.9518876428216247 3.2557143636553745
72 1.9509909732208224 2.4554930689357035
73 1.9493511523042517 2.8704087462785384
74 1.9493511523042517 2.702190402832009
75 1.9493511523042517 2.156326066473154
76 1.9493511523042517 3.4009479873124144
77 1.9493511523042517 2.8990667423848606
78 1.9493511523042517 2.1385019275480732
79 1.2441289735246055 2.3300837191316806
80 1.2441289735246055 3.292542018741248
81 1.2137814724862936 3.072137693351902
82 0.14385035847739835 3.7645367951830497
83 0.1007415125955349 1.9650824104669333
84 0.07708320867512237 0.8302887901954372
85 0.07009964012188055 0.923880322833581
86 0.05835598891364677 0.36929964630596807
87 0.03598987867647377 0.11864792454274241
88 0.03198364086861005 0.23615242556692287
89 0.03198364086861005 0.10876030356498546
90 0.031072620441373336 0.32551338809751273
91 0.031072620441373336 0.30566883951177765
92 0.029222710861662587 0.8794035346484442
93 0.028621730126369916 0.2983902901955865
94 0.028304744248862666 0.8113319383716422
95 0.028304744248862666 0.45868939322106284
96 0.028304744248862666 0.7986561316038545
97 0.02027224847245025 1.0842637381095812
98 0.02027224847245025 0.03525710739891683
99 0.02027224847245025 0.03435956630113711
100 0.02027224847245025 0.8159909351432152
101 0.0200906871065782 0.03315510356913789
102 0.019810444327207542 0.3946172530450015
103 0.01732495647964691 0.5294881922832746
104 0.01732495647964691 0.03056954276450354
105 0.017257442314000216 0.5442027954353599
106 0.017257442314000216 0.028627879768670265
107 0.017257442314000216 0.2970899113050702
108 0.01724371417759038 0.7133860435500542
109 0.017234522564778535 0.3383411078018272
110 0.017234522564778535 0.02323568137678081
111 0.01712824570393249 0.5411508520264205
112 0.0170923506253236 0.8842981798150298
113 0.01706692554863615 0.5761217439512847
114 0.017060837479632062 0.3850601184864983
115 0.017051912919598025 0.43063122758176375
116 0.017051912919598025 1.4686117942600223
117 0.017041405068708895 0.35675066785645476
118 0.017041405068708895 0.7462714676744368
119 0.017041405068708895 0.5319532651254306
120 0.017041405068708895 0.589123047300268
121 0.017041405068708895 0.8249062744983084
122 0.017041186414925736 0.23138003665948348
123 0.01704112040871064 0.3468012309565253
124 0.01704112040871064 0.01819469048967995
125 0.01704112040871064 0.017994594459220057
126 0.01704112040871064 0.6242708819507634
127 0.01704112040871064 0.017911521244236995
128 0.01704112040871064 0.3908601556968019
129 0.01704112040871064 0.39785011681035476
130 0.01704112040871064 0.017682353806007717
131 0.017041085885683926 0.5375533786237543
132 0.017041085885683926 0.017512604452897238
133 0.017041085885683926 0.017455530462814985
134 0.017041085885683926 0.46543126057324663
135 0.017041084347883356 0.017431418873449234
136 0.017041084347883356 0.017361407864525683
137 0.017041084347883356 0.12298945053556488
138 0.017041084347883356 0.5270267397793184
139 0.017041084347883356 0.017375452244317604
140 0.017041084347883356 0.01737346129844628
141 0.017041084347883356 0.017370964711767484
142 0.017041084347883356 0.39910885546067126
143 0.017041084347883356 0.4922090467040484
144 0.017041084347883356 0.017405734234205324
145 0.017039493344183566 0.0173969864609167
146 0.017039493344183566 0.017378559459773246
147 0.017039493344183566 0.5627816620899889
148 0.017039493344183566 0.23027266306007413
149 0.017039493344183566 0.34994803167408245
150 0.017039493344183566 0.3338063308123544
151 0.017039493344183566 1.3125521487785545
152 0.017039493344183566 0.017330230328013053
153 0.017039493344183566 0.01733733719835764
154 0.017039493344183566 0.09998127201354984
155 0.01703946558032679 0.7245244359452009
156 0.01703946558032679 0.08304003880907487
157 0.01703946558032679 0.521357700677997
158 0.01703946558032679 0.017326973508523198
159 0.01703946558032679 0.2922290718886431
160 0.01703946558032679 0.6865540826360588
161 0.01703946558032679 0.34097829776531774
162 0.01703946558032679 0.017302947804663512
163 0.01703946558032679 0.11211083243939593
164 0.01703946558032679 0.4893237332611916
165 0.01703946558032679 0.01726442558076309
166 0.01703946558032679 0.017252897882054228
167 0.01703946558032679 0.16411176918262213
168 0.01703946558032679 0.4420940489556775
169 0.01703946558032679 1.404014796630861
170 0.01703946558032679 0.3475524185462604
171 0.01703946558032679 0.1589719117675508
172 0.01703946558032679 0.8047448548480909
173 0.01703946558032679 0.533417350765961
174 0.01703946558032679 1.2480681385905101
175 0.01703946558032679 0.01725089288116254
176 0.01703946558032679 1.2716971852268144
177 0.01703946558032679 1.7510882760560842
178 0.01703946558032679 0.017219314042240145
179 0.01703946558032679 0.44261510097225826
180 0.01703946558032679 0.01721653326518831
181 0.01703946558032679 0.017222022387573872
182 0.01703946558032679 0.9411350261649073
183 0.01703946558032679 0.017217390664405155
184 0.01703946558032679 0.21091244974007559
185 0.01703946558032679 0.8069619546545661
186 0.01703946558032679 0.2864476929322045
187 0.01703946558032679 0.23993025084726674
188 0.01703946558032679 1.4703830519820462
189 0.01703946558032679 0.017195201156353507
190 0.017039232490291767 0.01719105435254683
191 0.017039232490291767 0.48045020411534173
192 0.017039232490291767 0.7247303225785424
193 0.017039232490291767 0.9836700084964113
194 0.017039232490291767 0.017208995683607394
195 0.017039232490291767 0.01721171599690387
196 0.017039232490291767 0.017200518389352007
197 0.017039232490291767 0.3781834355593994
198 0.017039232490291767 0.5142967244076315
199 0.017039232490291767 0.36668891543710136
200 0.017039232490291767 1.0595333905706479
201 0.017039232490291767 1.179581024752621
202 0.017039232490291767 1.0328623095099025
203 0.017039232490291767 0.4939677762360417
204 0.017039232490291767 0.36463355390108126
205 0.017039232490291767 0.4485969304419768
206 0.017039232490291767 0.22198923646454122
207 0.017039232490291767 0.017173523168275882
208 0.017039232490291767 0.017161666030604344
209 0.017039232490291767 0.01716780680372941
210 0.017039232490291767 0.21829143270136445
211 0.017039232490291767 0.5734840203101403
212 0.017039232490291767 0.7525431539047664
213 0.017039232490291767 1.1662264510010178
214 0.017039232490291767 0.5915219820974645
215 0.017039232490291767 0.27970690659415653
216 0.017039232490291767 0.017174339451593097
217 0.017039232490291767 0.6329924696584434
218 0.017039232490291767 0.29521627857082755
219 0.017039232490291767 0.25284761575696973
220 0.017039232490291767 0.6143667267817394
221 0.017039232490291767 0.6173054682204225
222 0.017039232490291767 0.4904231326755643
223 0.017039232490291767 1.1133039773501006
224 0.017039232490291767 0.34515387654117824
225 0.017039232490291767 0.017178067985506484
226 0.017039232490291767 0.6118129126868674
227 0.017039232490291767 0.017176578559733133
228 0.017039232490291767 0.01716085590009871
229 0.017039232490291767 0.01716394764879729
230 0.017039232490291767 1.5121762034640411
231 0.017039232490291767 0.5574579800905765
232 0.017039232490291767 0.1729732520044953
233 0.017039232490291767 1.0167853392329074
234 0.017039232490291767 0.308995420364801
235 0.017039232490291767 0.5616001321164678
236 0.017039232490291767 0.12369401116049117
237 0.017039232490291767 1.14629202285791
238 0.017039232490291767 0.017132967464192083
239 0.017039232490291767 0.1424651479590564
240 0.017039232490291767 1.6970975403768838
241 0.017039232490291767 0.01714945958803058
242 0.017039232490291767 0.4868651895947487
243 0.017039232490291767 0.017149224979864545
244 0.017039232490291767 0.2783584361822736
245 0.017039232490291767 0.574550216207813
246 0.017039232490291767 0.08299870667484849
247 0.017039232490291767 0.2285521713927478
248 0.017039232490291767 0.01713889977909216
249 0.017039232490291767 0.41284127296076967
250 0.017039232490291767 0.01712341648115606
251 0.017039232490291767 0.017120897284398154
252 0.017039232490291767 0.39093742949861665
253 0.017039232490291767 1.2004918011343038
254 0.017039232490291767 0.0171215302474633
255 0.017039232490291767 0.08266633849290786
256 0.017039232490291767 0.017106610820762504
257 0.017039232490291767 0.30434186372999056
258 0.017039232490291767 0.017101225103842262
259 0.017039232490291767 0.5096372998742998
260 0.017039232490291767 0.6985894184613041
261 0.017039232490291767 0.34156222971168115
262 0.017039232490291767 0.01708616608132792
263 0.017039232490291767 0.08337790329069779
264 0.017039232490291767 1.2258234012193707
265 0.017039232490291767 1.677415782219211
266 0.017039232490291767 0.6988136968475526
267 0.017039232490291767 0.16394620117923334
268 0.017039232490291767 0.01708147121159749
269 0.017039232490291767 0.4634090596096533
270 0.017039232490291767 0.0170789663304516
271 0.017039232490291767 0.6599517921738449
272 0.017039232490291767 0.6693311717352114
273 0.017039232490291767 0.08313178742547155
274 0.017039232490291767 0.050768246626313004
275 0.017039232490291767 0.9906044691441541
276 0.017039232490291767 0.9928464571239779
277 0.017039232490291767 0.30153781689347275
278 0.017039232490291767 0.11951775800007285
279 0.017039232490291767 0.017082672840855476
280 0.017039232490291767 0.4248302667296962
281 0.017039232490291767 0.01707164151490424
282 0.017039232490291767 0.2514117085349219
283 0.017039232490291767 0.26309036844984834
284 0.017039232490291767 0.7918060215686815
285 0.017039232490291767 0.27918714659767785
286 0.017039232490291767 0.017064961886505994
287 0.017039232490291767 0.09382712377154234
288 0.017039232490291767 0.017066555296982876
289 0.017039232490291767 0.017065709390739103
290 0.017039232490291767 0.40776822242607985
291 0.017039232490291767 0.6414264149671617
292 0.017039232490291767 0.5436710248600051
293 0.017039232490291767 0.017062292031247598
294 0.017039232490291767 0.42450154718672983
295 0.017039232490291767 0.08461115485776415
296 0.017039232490291767 0.31282006633861226
297 0.017039232490291767 0.1151802137229802
298 0.017039232490291767 0.27909497621414286
299 0.017039232490291767 0.017058809709516832
300 0.017039232490291767 0.017058988816791416
301 0.017039232490291767 1.421532955771523
302 0.017039232490291767 0.4021297472859971
303 0.017039232490291767 0.017059155723347014
304 0.017039232490291767 0.9175673832712892
305 0.017039232490291767 0.5751925315282762
306 0.017039232490291767 0.8397290318989435
307 0.017039232490291767 0.27918100559376346
308 0.017039232490291767 0.6070104270455143
309 0.017039232490291767 0.5614976486956855
310 0.017039232490291767 0.1643079393868063
311 0.017039232490291767 0.0170553542507182
312 0.017039232490291767 0.8077931702697034
313 0.017039232490291767 0.23192275880139154
314 0.017039232490291767 0.3774978688353648
315 0.017039232490291767 0.017055228646267195
316 0.017039232490291767 0.6628850301180245
317 0.017039232490291767 0.017055556059386235
318 0.017039232490291767 0.017055748653291024
319 0.017039232490291767 0.9379890246459426
320 0.017039232490291767 0.017056918737490965
321 0.017039232490291767 0.1926544777420543
322 0.017039232490291767 0.5088527629243491
323 0.017039232490291767 0.7476105083171938
324 0.017039232490291767 1.338457482755815
325 0.017039232490291767 0.7045209272488806
326 0.017039232490291767 0.017050073702488726
327 0.017039232490291767 1.5434270283873506
328 0.017039232490291767 0.08649369396725122
329 0.017039232490291767 0.7121437939200796
330 0.017039232490291767 0.09562158935711519
331 0.017039232490291767 0.3082916045159424
332 0.017039232490291767 0.7810400360673388
333 0.017039232490291767 0.9323857776707605
334 0.017039232490291767 0.1751392065245202
335 0.017039232490291767 1.545611999065545
336 0.017039232490291767 0.2282484933461385
337 0.017039232490291767 0.6584299003920903
338 0.017039232490291767 0.3366435891339411
339 0.017039232490291767 0.017049386102859502
340 0.017039232490291767 0.7131773841960661
341 0.017039232490291767 0.5173457534677703
342 0.017039232490291767 0.16213970530977764
343 0.017039232490291767 0.01704860096203035
344 0.017039232490291767 0.3765439685237636
345 0.017039232490291767 0.01704877774931223
346 0.017039232490291767 0.09707743879356474
347 0.017039232490291767 1.665554673917698
348 0.017039232490291767 0.017047333049037924
349 0.017039232490291767 0.017048027931106487
350 0.017039232490291767 0.017048587733130765
351 0.017039232490291767 1.0110359151033983
352 0.017039232490291767 0.3678425068890869
353 0.017039232490291767 0.01704752567393713
354 0.017039232490291767 0.3517260237330701
355 0.017039232490291767 0.017045918824454175
356 0.017039232490291767 0.22173952505856684
357 0.017039232490291767 1.059411798598135
358 0.017039232490291767 0.8099494429092269
359 0.017039232490291767 0.6108691811410096
360 0.017039232490291767 0.09049439508486219
361 0.017039232490291767 0.3458561548849874
362 0.017039232490291767 0.545330409428939
363 0.017039232490291767 0.4270433045035613
364 0.017039232490291767 0.017042122990129437
365 0.017039232490291767 0.017043329767681456
366 0.017039232490291767 0.352966519045103
367 0.017039232490291767 0.5127239662422671
368 0.017039232490291767 0.8475540787239569
369 0.017039232490291767 1.0379118666806222
370 0.017039232490291767 1.5246748405935917
371 0.017039232490291767 0.18695708781227616
372 0.017039232490291767 0.017042824080739982
373 0.017039232490291767 0.2379272404007133
374 0.017039232490291767 0.6630667629303032
375 0.017039232490291767 0.017043234955421874
376 0.017039232490291767 0.9326495760459739
377 0.017039232490291767 1.0906408558791179
378 0.017039232490291767 0.523922408148036
379 0.017039232490291767 0.01704406703499077
380 0.017039232490291767 0.5834347618587925
381 0.017039232490291767 0.20649937531851553
382 0.017039232490291767 0.017042630919815952
383 0.017039232490291767 0.017042589656871596
384 0.017039232490291767 0.01704271154479241
385 0.017039232490291767 0.3496297542387659
386 0.017039232490291767 0.017043506929221092
387 0.017039232490291767 0.017042887813990465
388 0.017039232490291767 1.0586766170749637
389 0.017039232490291767 0.08259296631685807
390 0.017039232490291767 0.017042212773840774
391 0.017039232490291767 0.4544139614327699
392 0.017039232490291767 0.13743679873462059
393 0.017039232490291767 0.16251341433347194
394 0.017039232490291767 0.5610316050469454
395 0.017039232490291767 0.6253737684167351
396 0.017039232490291767 0.01704050153493856
397 0.017039232490291767 1.425739694249161
398 0.017039232490291767 0.01704012254261755
399 0.017039232490291767 0.13729938410412898
400 0.017039232490291767 0.11967803108746608
401 0.017039232490291767 0.1901094986392733
402 0.017039232490291767 0.34883769097621325
403 0.017039232490291767 0.27070015980994777
404 0.017039232490291767 0.881320865334396
405 0.017039232490291767 0.017040292224247525
406 0.017039232490291767 0.34032543351072875
407 0.017039232490291767 0.1409582966957235
408 0.017039232490291767 0.3577092281428859
409 0.017039232490291767 0.15856644141461754
410 0.017039232490291767 0.35338409352340716
411 0.017039232490291767 0.11955605147059563
412 0.017039232490291767 0.017040077684676934
413 0.017039232490291767 1.1506827370350263
414 0.017039232490291767 0.29659333029069634
415 0.017039232490291767 0.15849231023349344
416 0.017039232490291767 0.01704010321067627
417 0.017039232490291767 0.24673599077693653
418 0.017039232490291767 0.08258550706040747
419 0.017039232490291767 0.7263107045310115
420 0.017039232490291767 0.49955882447857264
421 0.017039232490291767 0.27107450275532896
422 0.017039232490291767 0.017040164218979918
423 0.017039232490291767 0.01704023728518973
424 0.017039232490291767 0.6988173628366745
425 0.017039232490291767 0.4722946942358074
426 0.017039232490291767 0.16481425407420802
427 0.017039232490291767 0.28198483073475117
428 0.017039232490291767 0.08316926562977117
429 0.017039232490291767 0.4980161309997186
430 0.017039232490291767 0.2631291452363664
431 0.017039232490291767 0.5764390259111906
432 0.017039232490291767 0.7556665620561731
433 0.017039232490291767 2.113053364272292
434 0.017039232490291767 0.5879552060657182
435 0.017039232490291767 0.5054251457128922
436 0.017039232490291767 0.4866763275652609
437 0.017039232490291767 0.18189981075229056
438 0.017039232490291767 0.16511495259693
439 0.017039232490291767 0.6990043088693505
440 0.017039232490291767 0.09101424428021133
441 0.017039232490291767 0.017040185770420414
442 0.017039232490291767 0.16322926933252788
443 0.017039232490291767 0.6686674958891472
444 0.017039232490291767 0.14593438312100923
445 0.017039232490291767 0.08887508237526273
446 0.017039232490291767 0.5087461410562182
447 0.017039232490291767 0.017040184905675812
448 0.017039232490291767 0.017040148797939646
449 0.017039232490291767 0.017040135713223752
450 0.017039232490291767 0.3182172785650442
451 0.017039232490291767 0.19008003522688718
452 0.017039232490291767 0.3751284322220738
453 0.017039232490291767 0.017040103273559194
454 0.017039232490291767 0.1892818827780409
455 0.017039232490291767 0.6315918715954643
456 0.017039232490291767 0.9164242972063735
457 0.017039232490291767 0.017040208307006952
458 0.017039232490291767 0.01704024495076793
459 0.017039232490291767 0.16412958355429821
460 0.017039232490291767 0.3610722890847898
461 0.017039232490291767 0.3447583049711642
462 0.017039232490291767 0.017040106518795232
463 0.017039232490291767 0.48564665265528895
464 0.017039232490291767 1.0578664757144332
465 0.017039232490291767 0.08306669816908274
466 0.017039232490291767 0.3418389083054618
467 0.017039232490291767 0.34975777952801573
468 0.017039232490291767 1.3816537738297523
469 0.017039232490291767 0.017040095372304102
470 0.017039232490291767 0.017040062617926854
471 0.017039232490291767 0.017040052035832375
472 0.017039232490291767 0.38105170113779524
473 0.017039232490291767 0.5401627247973845
474 0.017039232490291767 0.6425332843802374
475 0.017039232490291767 0.1517434655810344
476 0.017039232490291767 0.017039932373550087
477 0.017039232490291767 0.017039917351324686
478 0.017039232490291767 0.8060783668288686
479 0.017039232490291767 0.7365863449235603
480 0.017039232490291767 0.017039807326283577
481 0.017039232490291767 0.017039804223323896
482 0.017039232490291767 0.5110724154695171
483 0.017039232490291767 0.24002615090000481
484 0.017039232490291767 0.017039844428106476
485 0.017039232490291767 2.676652367492399
486 0.017039232490291767 1.2025299779540741
487 0.017039232490291767 0.6856886300896033
488 0.017039232490291767 0.33265013077173966
489 0.017039232490291767 0.017039927711034127
490 0.017039232490291767 0.2034258287105816
491 0.017039232490291767 0.01703998997347971
492 0.017039232490291767 0.26353957760056024
493 0.017039232490291767 0.43394461696127123
494 0.017039232490291767 0.017039927410686186
495 0.017039232490291767 0.8792365981963864
496 0.017039232490291767 0.7857900947884349
497 0.017039232490291767 0.24800846594348427
498 0.017039232490291767 1.0047035566786822
499 0.017039232490291767 0.6084372396539642
500 0.017039232490291767 0.39796183173967997
501 0.017039232490291767 0.40366630683416466
502 0.017039232490291767 0.09101297572628957
503 0.017039232490291767 0.17054012771522156
504 0.017039232490291767 0.7968557339628433
505 0.017039232490291767 0.017039840630335132
506 0.017039232490291767 0.017039836976628267
507 0.017039232490291767 0.01703986336737219
508 0.017039232490291767 0.5341199008539131
509 0.017039232490291767 0.21058429417378557
510 0.017039232490291767 0.27915659113010494
511 0.017039232490291767 0.01704003458209397
512 0.017039232490291767 0.017040043998738267
513 0.017039232490291767 0.46759590984295757
514 0.017039232490291767 0.6678266215278725
515 0.017039232490291767 0.017040114984446974
516 0.017039232490291767 0.017040149233351797
517 0.017039232490291767 1.158820965753481
518 0.017039232490291767 0.017040090024274812
519 0.017039232490291767 0.44810271774454746
520 0.017039232490291767 0.16413762206499682
521 0.017039232490291767 0.5390483766449986
522 0.017039232490291767 0.017040055160666992
523 0.017039232490291767 0.16576244316276206
524 0.017039232490291767 0.6003918225282432
525 0.017039232490291767 0.017039828139818237
526 0.017039232490291767 0.017039737848751936
527 0.017039232490291767 0.6808440630994974
528 0.017039232490291767 1.2031350634561457
529 0.017039232490291767 0.41484088216618614
530 0.017039232490291767 1.1951640437249695
531 0.017039232490291767 0.32377748600516165
532 0.017039232490291767 0.017039778947366198
533 0.017039232490291767 0.017039778947366194
534 0.017039232490291767 0.01703979615785795
535 0.017039232490291767 2.5244738274680363
536 0.017039232490291767 0.017039722683892554
537 0.017039232490291767 0.01703983568290884
538 0.017039232490291767 0.6068507544574409
539 0.017039232490291767 0.6414573626349147
540 0.017039232490291767 0.4865834052179318
541 0.017039232490291767 0.01703977894736619
542 0.017039232490291767 0.017039899804185753
543 0.017039232490291767 0.6726215391731071
544 0.017039232490291767 0.3633326624311772
545 0.017039232490291767 0.3489294272865696
546 0.017039232490291767 0.19006564713281274
547 0.017039232490291767 0.7564420613771603
548 0.017039232490291767 0.017040013668661896
549 0.017039232490291767 0.341863202880102
550 0.017039232490291767 1.2538887480842424
551 0.017039232490291767 0.08359747165046295
552 0.017039232490291767 0.46539488666740875
553 0.017039232490291767 0.14411935556630523
554 0.017039232490291767 0.258189347811015
555 0.017039232490291767 0.1481815257970134
556 0.017039232490291767 0.01704019071027692
557 0.017039232490291767 0.219523990477664
558 0.017039232490291767 0.5434196906127337
559 0.017039232490291767 0.08595858568230896
560 0.017039232490291767 0.5080076821780776
561 0.017039232490291767 0.2713655908273738
562 0.017039232490291767 0.017040254123450314
563 0.017039232490291767 0.6483913875150995
564 0.017039232490291767 0.017040245636221696
565 0.017039232490291767 0.6164211361555146
566 0.017039232490291767 1.0991462174790345
567 0.017039232490291767 0.5900570273939151
568 0.017039232490291767 0.49516185820963265
569 0.017039232490291767 1.2876548044832448
570 0.017039232490291767 0.5439551848145093
571 0.017039232490291767 0.0170402783262855
572 0.017039232490291767 0.13028312191098043
573 0.017039232490291767 0.9098661349883227
574 0.017039232490291767 0.08258581561901852
575 0.017039232490291767 0.6541334886006878
576 0.017039232490291767 0.533629537949429
577 0.017039232490291767 0.017040310544280294
578 0.017039232490291767 0.903235508467988
579 0.017039232490291767 0.18514741069490306
580 0.017039232490291767 1.3610638143029938
581 0.017039232490291767 0.47937036318996185
582 0.017039232490291767 0.7390722287103625
583 0.017039232490291767 0.23835781386472474
584 0.017039232490291767 0.017040335612575324
585 0.017039232490291767 0.2124434737947925
586 0.017039232490291767 0.4667534134310993
587 0.017039232490291767 0.017040311409740147
588 0.017039232490291767 0.2041828440169418
589 0.017039232490291767 1.0564443019243155
590 0.017039232490291767 0.01704027117658574
591 0.017039232490291767 0.6906769148041434
592 0.017039232490291767 0.017040118809874903
593 0.017039232490291767 0.017040102150130323
594 0.017039232490291767 0.017040086277167427
595 0.017039232490291767 0.5435839473639157
596 0.017039232490291767 0.6016166578338548
597 0.017039232490291767 0.25283638938837427
598 0.017039232490291767 0.492788216512874
599 0.017039232490291767 0.017040085647742086
600 0.017039232490291767 1.0365725719430217
601 0.017039232490291767 0.01704006175961958
602 0.017039232490291767 0.7332405353374273
603 0.017039232490291767 0.017040117472346034
604 0.017039232490291767 0.01704008454624772
605 0.017039232490291767 0.017040133660021595
606 0.017039232490291767 0.43982137092045165
607 0.017039232490291767 0.6014279120502891
608 0.017039232490291767 0.01704002034629264
609 0.017039232490291767 0.5101851442352929
610 0.017039232490291767 0.8362940421732442
611 0.017039232490291767 0.39823423458978446
612 0.017039232490291767 0.017040004237295236
613 0.017039232490291767 0.017039980506529075
614 0.017039232490291767 0.16451018931563827
615 0.017039232490291767 0.41014278961848677
616 0.017039232490291767 0.017040208078125004
617 0.017039232490291767 0.017040151027869696
618 0.017039232490291767 1.8244087059737382
619 0.017039232490291767 0.7789421558422188
620 0.017039232490291767 0.08263044152578435
621 0.017039232490291767 0.25516431624664576
622 0.017039232490291767 0.18113635018686225
623 0.017039232490291767 0.3531986747978362
624 0.017039232490291767 0.30088640221768137
625 0.017039232490291767 0.6923692941305478
626 0.017039232490291767 0.017040087614696296
627 0.017039232490291767 1.2682107557883788
628 0.017039232490291767 0.6288283385975417
629 0.017039232490291767 0.017040095236465075
630 0.017039232490291767 0.017040111817531477
631 0.017039232490291767 0.3470965307520576
632 0.017039232490291767 0.01704021688006631
633 0.017039232490291767 0.1749581129019693
634 0.017039232490291767 0.01704017696162458
635 0.017039232490291767 0.5294338528945634
636 0.017039232490291767 0.017040217430813492
637 0.017039232490291767 0.9084998848371656
638 0.017039232490291767 0.01704008840147798
639 0.017039232490291767 0.017040105139900726
640 0.017039232490291767 0.017040136728470167
641 0.017039232490291767 0.017040113155060342
642 0.017039232490291767 0.2756110383112451
643 0.017039232490291767 1.0284089373107277
644 0.017039232490291767 0.3298542620823249
645 0.017039232490291767 0.1584299549103669
646 0.017039232490291767 0.017040049741886946
647 0.017039232490291767 0.7599816692094025
648 0.017039232490291767 0.7320256448124934
649 0.017039232490291767 0.017039959922889644
650 0.017039232490291767 0.2387349495840887
651 0.017039232490291767 0.8445801356368245
652 0.017039232490291767 0.1648656741199037
653 0.017039232490291767 0.2474580310356624
654 0.017039232490291767 0.01703986366229611
655 0.017039232490291767 0.3449615553587742
656 0.017039232490291767 0.6731253397707987
657 0.017039232490291767 0.017039862875514424
658 0.017039232490291767 0.017039797259352306
659 0.017039232490291767 0.1644838466730482
660 0.017039232490291767 1.1124032963764257
661 0.017039232490291767 0.017039780442251393
662 0.017039232490291767 0.21772770393880744
663 0.017039232490291767 0.16451763633435557
664 0.017039232490291767 1.1991921052534418
665 0.017039232490291767 0.08259057081130061
666 0.017039232490291767 0.5054007127646932
667 0.017039232490291767 0.27095237205390404
668 0.017039232490291767 0.5314261870314472
669 0.017039232490291767 0.8922024541101947
670 0.017039232490291767 1.228668298378662
671 0.017039232490291767 1.1230033436792946
672 0.017039232490291767 0.1299239568692165
673 0.017039232490291767 0.5402429167252071
674 0.017039232490291767 0.18600061704926188
675 0.017039232490291767 0.6259579272032272
676 0.017039232490291767 0.017039544698139505
677 0.017039232490291767 0.5447285989903371
678 0.017039232490291767 0.017039642374940073
679 0.017039232490291767 0.1195148297534297
680 0.017039232490291767 0.5947462626156527
681 0.017039232490291767 0.017039641666836556
682 0.017039232490291767 0.3447113133847818
683 0.017039232490291767 1.1461214549019685
684 0.017039232490291767 0.30791539200668544
685 0.017039232490291767 0.33914824543831523
686 0.017039232490291767 0.017039600725578634
687 0.017039232490291767 0.6582703510038974
688 0.017039232490291767 0.2177599849029582
689 0.017039232490291767 0.9016572630641068
690 0.017039232490291767 1.0496487165014015
691 0.017039232490291767 0.5912162055217668
692 0.017039232490291767 0.43153851139471955
693 0.017039232490291767 0.863637093509436
694 0.017039232490291767 0.48080022491212676
695 0.017039232490291767 0.8188374763169917
696 0.017039232490291767 0.18869596797857027
697 0.017039232490291767 0.22123053951085203
698 0.017039232490291767 0.16541828791642985
699 0.017039232490291767 0.6098154940700149
700 0.017039232490291767 0.43038885320284415
701 0.017039232490291767 0.27941993320698716
702 0.017039232490291767 0.7118652041085376
703 0.017039232490291767 0.017039438298075797
704 0.017039232490291767 0.6914611334671037
705 0.017039232490291767 1.121211192245394
706 0.017039232490291767 0.01703935759573248
707 0.017039232490291767 0.27115456016148426
708 0.017039232490291767 0.01703936545353576
709 0.017039232490291767 0.017039389105623762
710 0.017039232490291767 0.43076187064364807
711 0.017039232490291767 0.01703945377764785
712 0.017039232490291767 0.017039454249716854
713 0.017039232490291767 0.41815475836441857
714 0.017039232490291767 0.01703940623743734
715 0.017039232490291767 0.7301726596908935
716 0.017039232490291767 0.8245748832614634
717 0.017039232490291767 1.7310791538051078
718 0.017039232490291767 1.1137826677602705
719 0.017039232490291767 0.20238376776992964
720 0.017039232490291767 0.26333062127391765
721 0.017039232490291767 0.01703942996820351
722 0.017039232490291767 0.017039405135942976
723 0.017039232490291767 1.0943124350462234
724 0.017039232490291767 0.017039455115176717
725 0.017039232490291767 0.3660371219894064
726 0.017039232490291767 1.190295248296076
727 0.017039232490291767 0.23825002202981355
728 0.017039232490291767 0.0170393912299343
729 0.017039232490291767 0.0170393333928973
730 0.017039232490291767 0.42975354035579594
731 0.017039232490291767 0.4189316173057877
732 0.017039232490291767 0.01703939719946154
733 0.017039232490291767 0.39044489303772245
734 0.017039232490291767 0.017039325063025006
735 0.017039232490291767 0.2855831468928393
736 0.017039232490291767 0.5433996053977199
737 0.017039232490291767 0.7766196601026404
738 0.017039232490291767 0.9487401360681254
739 0.017039232490291767 1.1895598901398199
740 0.017039232490291767 0.08259006710162517
741 0.017039232490291767 0.36961752883373883
742 0.017039232490291767 0.3943737681203933
743 0.017039232490291767 0.4242733112041998
744 0.017039232490291767 0.7422081934873416
745 0.017039232490291767 0.017039355078031077
746 0.017039232490291767 0.2177674045413151
747 0.017039232490291767 0.6089586005698568
748 0.017039232490291767 0.017039355786134597
749 0.017039232490291767 0.2592643429981762
750 0.017039232490291767 0.4777924361624132
751 0.017039232490291767 0.5408363142793171
752 0.017039232490291767 0.21740382401659292
753 0.017039232490291767 0.27715820887204423
754 0.017039232490291767 0.39518068229145237
755 0.017039232490291767 1.2794320947783975
756 0.017039232490291767 0.7637265827072822
757 0.017039232490291767 0.899408350901009
758 0.017039232490291767 0.01703942768653662
759 0.017039232490291767 0.47693664377848427
760 0.017039232490291767 0.017039419199307994
761 0.017039232490291767 0.017039435308305397
762 0.017039232490291767 0.22282683698549655
763 0.017039232490291767 0.01703941912062983
764 0.017039232490291767 1.0420891085793904
765 0.017039232490291767 0.25551131334067895
766 0.017039232490291767 0.017039426978433105
767 0.017039232490291767 0.017039418805917153
768 0.017039232490291767 0.01703948355661942
769 0.017039232490291767 0.6185888990769733
770 0.017039232490291767 0.017039475620137964
771 0.017039232490291767 0.017039443244786835
772 0.017039232490291767 0.017039516010648716
773 0.017039232490291767 0.017039419041951654
774 0.017039232490291767 0.017039451259946454
775 0.017039232490291767 0.16565041726333884
776 0.017039232490291767 0.017039572431478692
777 0.017039232490291767 1.0092013919860243
778 0.017039232490291767 0.017039515774614208
779 0.017039232490291767 0.24754713929527253
780 0.017039232490291767 0.9673966601497154
781 0.017039232490291767 2.345341017916072
782 0.017039232490291767 0.6435095578467773
783 0.017039232490291767 0.550212803327852
784 0.017039232490291767 0.8155945956052539
785 0.017039232490291767 0.7327486444340026
786 0.017039232490291767 0.23891812598316478
787 0.017039232490291767 0.01703958861915425
788 0.017039232490291767 0.36983015753667947
789 0.017039232490291767 0.6237205633767783
790 0.017039232490291767 0.6510149411954228
791 0.017039232490291767 0.9447302519546303
792 0.017039232490291767 0.017039483399263082
793 0.017039232490291767 1.5329060033758108
794 0.017039232490291767 0.3652009996181509
795 0.017039232490291767 0.4356548075470942
796 0.017039232490291767 0.2182020294332513
797 0.017039232490291767 0.08359511656825858
798 0.017039232490291767 0.01703952386845199
799 0.017039232490291767 0.23432155462635837
800 0.017039232490291767 0.5705071840861388
801 0.017039232490291767 0.017039475305425295
802 0.017039232490291767 0.2768304495194745
803 0.017039232490291767 0.22450146460697049
804 0.017039232490291767 1.9641966238648383
805 0.017039232490291767 1.0715934618938412
806 0.017039232490291767 0.017039378179371904
807 0.017039232490291767 0.017039410554723033
808 0.017039232490291767 0.9203882561149135
809 0.017039232490291767 0.729951414929194
810 0.017039232490291767 0.219657419740506
811 0.017039232490291767 0.4625154727060392
812 0.017039232490291767 0.7419588519808188
813 0.017039232490291767 0.363125178049151
814 0.017039232490291767 1.2521472561380262
815 0.017039232490291767 0.017039281053318513
816 0.017039232490291767 0.37650570413108214
817 0.017039232490291767 0.01703928914715629
818 0.017039232490291767 0.27819496376761355
819 0.017039232490291767 0.5407196472103979
820 0.017039232490291767 0.4570103684460218
821 0.017039232490291767 0.6983355522843522
822 0.017039232490291767 0.47875323874255626
823 0.017039232490291767 0.5111659080868225
824 0.017039232490291767 0.4362349999474037
825 0.017039232490291767 0.01703934580402077
826 0.017039232490291767 0.01703937008553412
827 0.017039232490291767 0.34337785809257837
828 0.017039232490291767 0.49226212918690154
829 0.017039232490291767 0.21652644120772602
830 0.017039232490291767 2.8114490135790944
831 0.017039232490291767 0.017039491493100866
832 0.017039232490291767 0.6078321258387809
833 0.017039232490291767 0.017039394367047468
834 0.017039232490291767 0.8338827735554911
835 0.017039232490291767 0.6446809135399305
836 0.017039232490291767 0.4970323291981312
837 0.017039232490291767 0.16413719623383355
838 0.017039232490291767 0.24361945577129096
839 0.017039232490291767 1.4377686496945536
840 0.017039232490291767 0.017039402460885252
841 0.017039232490291767 0.15547065134579288
842 0.017039232490291767 0.6383654255389439
843 0.017039232490291767 0.017039394367047468
844 0.017039232490291767 0.01703943483623638
845 0.017039232490291767 1.4237979706477146
846 0.017039232490291767 0.08258717047853978
847 0.017039232490291767 0.3075862948439159
848 0.017039232490291767 0.3918595523334766
849 0.017039232490291767 0.017039353897858555
850 0.017039232490291767 0.6233395289834514
851 0.017039232490291767 0.28660835857478284
852 0.017039232490291767 0.2603874454887694
853 0.017039232490291767 0.2814003035425043
854 0.017039232490291767 0.017039232490291812
855 0.017039232490291767 0.5223268500845603
856 0.017039232490291767 0.8479042841452042
857 0.017039232490291767 0.017039232490291812
858 0.017039232490291767 0.9759762692093407
859 0.017039232490291767 0.1689167291846073
860 0.017039232490291767 0.5117985895573025
861 0.017039232490291767 0.4807526524285523
862 0.017039232490291767 0.27715791890055436
863 0.017039232490291767 0.017039232490291812
864 0.017039232490291767 0.017039232490291812
865 0.017039232490291767 0.7889829144907375
866 0.017039232490291767 0.46040757045567693
867 0.017039232490291767 0.017039232490291812
868 0.017039232490291767 0.6046431629769037
869 0.017039232490291767 0.2630721817962641
870 0.017039232490291767 0.017039232490291812
871 0.017039232490291767 0.21775963792222044
872 0.017039232490291767 0.017039232490291812
873 0.017039232490291767 1.008512666535045
874 0.017039232490291767 0.017039232490291812
875 0.017039232490291767 0.4527783562524557
876 0.017039232490291767 0.017039232490291812
877 0.017039232490291767 0.017039232490291812
878 0.017039232490291767 0.42667595978529826
879 0.017039232490291767 0.24778669513090348
880 0.017039232490291767 0.24646571704575326
881 0.017039232490291767 0.017039232490291812
882 0.017039232490291767 0.017039232490291812
883 0.017039232490291767 0.39482697887190815
884 0.017039232490291767 0.017039232490291812
885 0.017039232490291767 0.09997386921470426
886 0.017039232490291767 0.5295909080749002
887 0.017039232490291767 0.3882680518456719
888 0.017039232490291767 0.017039232490291812
889 0.017039232490291767 0.5722527441794507
890 0.017039232490291767 0.017039232490291812
891 0.017039232490291767 0.4545987592806592
892 0.017039232490291767 0.6379638050312885
893 0.017039232490291767 0.017039232490291812
894 0.017039232490291767 0.08258458119646143
895 0.017039232490291767 0.017039232490291812
896 0.017039232490291767 0.24388122587940422
897 0.017039232490291767 0.7821827200585025
898 0.017039232490291767 0.017039232490291812
899 0.017039232490291767 0.3089042679064173
900 0.017039232490291767 0.13034884613660738
901 0.017039232490291767 0.08307891510350968
902 0.017039232490291767 0.5420648630825502
903 0.017039232490291767 0.8198029691744465
904 0.017039232490291767 0.324630465655411
905 0.017039232490291767 0.2398405086520805
906 0.017039232490291767 1.0514340241479392
907 0.017039232490291767 0.21460111714427044
908 0.017039232490291767 0.2591210050439704
909 0.017039232490291767 0.11970488854652561
910 0.017039232490291767 0.08264859149579111
911 0.017039232490291767 0.017039232490291812
912 0.017039232490291767 0.017039232490291812
913 0.017039232490291767 0.2517230701490831
914 0.017039232490291767 0.017039232490291812
915 0.017039232490291767 0.2568924138045934
916 0.017039232490291767 0.6334922902877156
917 0.017039232490291767 0.5630780686969753
918 0.017039232490291767 0.017039232490291812
919 0.017039232490291767 0.3044591433122665
920 0.017039232490291767 0.9322767219073141
921 0.017039232490291767 0.16467338754349517
922 0.017039232490291767 0.3525258192157865
923 0.017039232490291767 2.0875365467996776
924 0.017039232490291767 1.1865254896112034
925 0.017039232490291767 0.165503326720979
926 0.017039232490291767 0.08659296883402254
927 0.017039232490291767 1.434835198773405
928 0.017039232490291767 0.017039232490291812
929 0.017039232490291767 0.39790042662841174
930 0.017039232490291767 0.017039232490291812
931 0.017039232490291767 0.6329956687952719
932 0.017039232490291767 0.017039232490291812
933 0.017039232490291767 0.22888691020959873
934 0.017039232490291767 0.017039232490291812
935 0.017039232490291767 0.9783889313086636
936 0.017039232490291767 1.4680354300017382
937 0.017039232490291767 0.3588355967142827
938 0.017039232490291767 0.2323185030511492
939 0.017039232490291767 1.5873747980823996
940 0.017039232490291767 0.017039232490291812
941 0.017039232490291767 0.41056513365391895
942 0.017039232490291767 0.017039232490291812
943 0.017039232490291767 0.017039232490291812
944 0.017039232490291767 0.017039232490291812
945 0.017039232490291767 0.26307218030030677
946 0.017039232490291767 0.017039232490291812
947 0.017039232490291767 0.38649864632754266
948 0.017039232490291767 0.017039232490291812
949 0.017039232490291767 0.9045907208060648
950 0.017039232490291767 0.6072456017903224
951 0.017039232490291767 0.30057890046840313
952 0.017039232490291767 0.017039232490291812
953 0.017039232490291767 0.5100298285789567
954 0.017039232490291767 0.017039232490291812
955 0.017039232490291767 0.017039232490291812
956 0.017039232490291767 1.055499602070799
957 0.017039232490291767 0.12010765114158854
958 0.017039232490291767 1.2062400481088908
959 0.017039232490291767 0.017039232490291812
960 0.017039232490291767 0.2313105465768664
961 0.017039232490291767 0.017039232490291812
962 0.017039232490291767 0.8264557940045358
963 0.017039232490291767 0.017039232490291812
964 0.017039232490291767 0.9286162444735325
965 0.017039232490291767 1.2510202968493305
966 0.017039232490291767 0.9664007238336118
967 0.017039232490291767 0.09082567978378175
968 0.017039232490291767 0.1673751188139183
969 0.017039232490291767 1.0080626330015743
970 0.017039232490291767 0.12071172696564768
971 0.017039232490291767 0.2791647324814553
972 0.017039232490291767 0.11945139072638755
973 0.017039232490291767 0.017039232490291812
974 0.017039232490291767 0.017039232490291812
975 0.017039232490291767 0.017039232490291812
976 0.017039232490291767 0.08804907346370784
977 0.017039232490291767 0.26303730693758637
978 0.017039232490291767 0.397897679531517
979 0.017039232490291767 0.7940890805555523
980 0.017039232490291767 0.5023801562886689
981 0.017039232490291767 0.5293544163883213
982 0.017039232490291767 0.3173444281941122
983 0.017039232490291767 0.2925079475689698
984 0.017039232490291767 0.14800526179229836
985 0.017039232490291767 0.3944922867641394
986 0.017039232490291767 0.6324695415156909
987 0.017039232490291767 0.017039232490291812
988 0.017039232490291767 0.017039232490291812
989 0.017039232490291767 0.42495928829955365
990 0.017039232490291767 0.5409425915032751
991 0.017039232490291767 0.554372864577554
992 0.017039232490291767 0.017039232490291812
993 0.017039232490291767 0.16448135231093533
994 0.017039232490291767 0.0825845762447438
995 0.017039232490291767 0.11942764073437445
996 0.017039232490291767 0.24646291237587037
997 0.017039232490291767 0.11424315121621376
998 0.017039232490291767 0.27916489810043055
999 0.017039232490291767 0.6261997720045781
