# iteración mejor promedio
0 14.432902480689048 83.84067123673516
1 14.432902480689048 77.06629174315975
2 7.9123694337485935 65.71864674593486
3 7.9123694337485935 52.53928477038992
4 4.088386620720567 41.83311139380995
5 3.4997249102977457 33.115326533886055
6 3.076073487927613 25.716840061657013
7 2.6337185894963855 17.3169355956098
8 2.1077844208433243 12.47407016209765
9 2.1077844208433243 8.312039825373743
10 1.5177856917699621 5.160358809311005
11 1.3017838200878686 5.582486602360692
12 0.8579903326613817 3.9493070209316232
13 0.6568446519140353 3.859488651785224
14 0.6568446519140353 2.979575114619915
15 0.6568446519140353 2.99808366230228
16 0.5988153273685004 2.402393244632046
17 0.5965755542668021 2.0842654315076747
18 0.5818594564512428 1.581081577113159
19 0.5818594564512428 1.7580321565285089
20 0.5798087622356143 1.8527108695166825
21 0.55068841452341 3.055725690578677
22 0.55068841452341 1.6673909129372078
23 0.5444248592524735 1.7781691302158442
24 0.5361034640835043 2.135791639629011
25 0.5359377358288395 1.24135357957944
26 0.5224651518804259 1.7122029005491473
27 0.5195965187443284 2.4758935888200013
28 0.5049561666309146 2.6890224662932845
29 0.49561761037054114 1.8260215231032646
30 0.49561761037054114 1.230474822274828
31 0.494721325076826 0.9018373944751794
32 0.4910100761133514 1.0060426176794757
33 0.4910100761133514 0.6522438153844416
34 0.4910100761133514 0.6340487511624336
35 0.4910100761133514 0.6189469906530577
36 0.4910100761133514 1.0936752190882977
37 0.4844774748366673 0.5892585288713965
38 0.4844774748366673 1.0562469322088022
39 0.4844774748366673 0.7134862700712368
40 0.4844774748366673 0.6053521303655182
41 0.4844774748366673 0.6478785983998874
42 0.47506371483559984 0.995834378189866
43 0.47506371483559984 0.6707124511984565
44 0.47506371483559984 0.8924351781016325
45 0.47502663575784154 1.6927391880282099
46 0.47502663575784154 1.8215624547933282
47 0.47502663575784154 0.8512741479040007
48 0.47502663575784154 1.2406814347534352
49 0.47502663575784154 0.5416766858673671
50 0.47502663575784154 0.7552642742989945
51 0.4746336912345335 0.6079315085537127
52 0.4746336912345335 0.7938314970678815
53 0.4746336912345335 0.6027456611398879
54 0.47463311945882447 0.5956088558753888
55 0.47463311945882447 1.142979888299108
56 0.47342797913988716 1.9370313935601897
57 0.47342797913988716 1.2352643436831567
58 0.47342797913988716 0.526209075593954
59 0.47342797913988716 1.172637404635436
60 0.47342797913988716 0.7097571328050126
61 0.47342797913988716 1.4165108256787806
62 0.47342797913988716 0.5276436856740697
63 0.47342797913988716 0.5262673135755065
64 0.47342797913988716 0.5231343589384179
65 0.47342797913988716 0.7371190930535815
66 0.4731256221446111 0.7096436112643603
67 0.4731256221446111 2.0711310977257975
68 0.46836309123958825 0.7480734727735553
69 0.46836309123958825 1.4174584075974173
70 0.46836309123958825 1.6854756189849573
71 0.46836309123958825 0.5046471127791058
72 0.46836309123958825 1.072725346329435
73 0.46836309123958825 0.5016628049555397
74 0.46836309123958825 0.4995489454121635
75 0.46823331528401785 1.2168136720705751
76 0.46823331528401785 1.27893258103397
77 0.46823331528401785 0.4997361064290034
78 0.4678227892537034 2.2016405181772716
79 0.46767869856829264 0.6561461448839622
80 0.46767869856829264 0.9490410692848951
81 0.46767869856829264 0.4939230244890883
82 0.46767869856829264 0.5725485920633787
83 0.46767869856829264 1.1047316936016371
84 0.46767869856829264 0.6934521244992812
85 0.46767869856829264 0.48950659792621815
86 0.46753373324390735 1.5378635128246925
87 0.46753373324390735 1.3368642002219158
88 0.46753373324390735 0.8974390898531004
89 0.46753373324390735 1.0862792821877134
90 0.46753373324390735 0.9870777605165919
91 0.4675337332439071 1.196598445824589
92 0.4675337332439071 1.2442718722392194
93 0.4675337332439071 0.6987076067193856
94 0.4675337332439071 0.7599816988564646
95 0.4675337332439071 1.1900848339955525
96 0.4675337332439071 1.145676880264696
97 0.4675337332439071 0.704832450661238
98 0.4675337332439071 0.4860524302884328
99 0.4675337332439071 0.9276732400326146
100 0.4675337332439071 0.8265335807955174
101 0.4675337332439071 0.5541997276264004
102 0.4675337332439071 0.5679438609165753
103 0.4675337332439071 1.5595319560902803
104 0.4675337332439071 0.9787378937066323
105 0.4675337332439071 1.0172439453652855
106 0.4675337332439071 0.7436487922758236
107 0.4675337332439071 1.3583097395396597
108 0.4675337332439071 0.69026423809947
109 0.4675337332439071 0.5470182461872958
110 0.4675337332439071 1.2120381119960992
111 0.4675337332439071 0.5457368395652288
112 0.4675337332439071 1.3310842337271331
113 0.46751154790770616 1.2041334830822186
114 0.46751154790770616 1.5602162370522858
115 0.46751154790770616 1.4699962962178572
116 0.4675114809835791 0.5289911323246684
117 0.4675114809835791 0.6074632479133251
118 0.4675114809835791 0.8950909463006085
119 0.4675114809835791 0.4940958776164981
120 0.4675114809835791 1.1895739813867643
121 0.4675114809835791 0.5414935777967637
122 0.4675114809835791 1.909732304103471
123 0.4675114809835791 1.190068071845438
124 0.46750759456815166 0.8342792592803404
125 0.46750759456815166 1.1487883212544603
126 0.46750759456815166 0.47788766424839824
127 0.46750759456815166 1.6485944991641293
128 0.46750759456815166 1.0356594848620828
129 0.46750759456815166 0.9665864653520458
130 0.46750759456815166 1.106263949595602
131 0.46750759456815166 1.086305691508203
132 0.46750759456815166 0.8275554550713808
133 0.46750759456815166 0.7371631935880094
134 0.46750759456815166 0.47672022218348475
135 0.46750759456815166 0.4766291698458734
136 0.46750759456815166 0.47657688089392103
137 0.46750759456815166 0.47618751508567747
138 0.46750759456815166 0.9925932237223889
139 0.46750759456815166 1.1193897694245034
140 0.46750759456815166 0.778778347879054
141 0.46750759456815166 0.8173636176920028
142 0.4675048191599908 0.4763502417807265
143 0.46750454748189035 0.901573789316085
144 0.467497889496843 1.017717895503353
145 0.467497889496843 0.6204425030410545
146 0.467497889496843 1.0478166867708263
147 0.467497889496843 0.6355464191299527
148 0.467497889496843 1.0776132964584437
149 0.46638750543293916 0.4753407447138723
150 0.46634509440721883 0.6961733269847005
151 0.46634509440721883 0.4745072384383352
152 0.46634509440721883 0.474434247656019
153 0.46634509440721883 0.8750735763964524
154 0.46634509440721883 1.5481792079066152
155 0.4001404759152783 1.4662819762321952
156 0.4001404759152783 0.7340511003258289
157 0.4001355111797872 0.7144516740562736
158 0.39771368678564467 1.873361944276676
159 0.39771368678564467 0.5185315013828583
160 0.39588874180075817 0.4682222602120415
161 0.39588874180075817 1.0651845381236245
162 0.39588874180075817 1.200723353346388
163 0.3761744332340418 0.9894573594903311
164 0.37429697560223574 1.8017981486071626
165 0.37429697560223574 0.6823031854444643
166 0.3281201377636661 0.4559918496247146
167 0.3281201377636661 0.8529777170753426
168 0.3281201377636661 0.7247601174552583
169 0.3281201377636661 0.7038989965135036
170 0.32811986608556565 0.4478488573282617
171 0.3279519951263454 0.773538558758064
172 0.32795025630305596 1.8202929079104968
173 0.32795025630305596 1.4713656056250581
174 0.32795025630305596 0.42973987898526295
175 0.32795025630305596 0.6453460082426931
176 0.32617651496301936 0.7162186646961942
177 0.32617651496301936 0.8538539116010352
178 0.32617651496301936 0.5193866326263287
179 0.3077946165684838 0.7785807490300679
180 0.3077946165684838 0.9016839908239873
181 0.3059712241899666 0.6408407102335727
182 0.3059712241899666 0.5880437573648986
183 0.3059712241899666 0.6046865477713823
184 0.3059712241899666 0.43136605768352987
185 0.30579833151318747 0.3555505384698489
186 0.30418495251711153 1.111711790312961
187 0.30418495251711153 0.35342790545963665
188 0.30418495251711153 0.7589161634155258
189 0.30418495251711153 0.5645873681434632
190 0.30418495251711153 0.8105498205439322
191 0.30418495251711153 0.6300171023256311
192 0.30418495251711153 1.0604290301218757
193 0.3041841589643345 0.32895856582863375
194 0.3041841589643345 1.2768208700522026
195 0.3041841589643345 0.7950798298817202
196 0.30418394734390275 0.6194905790949484
197 0.30418394734390275 1.010355399337424
198 0.30418394734390275 0.8315775618477281
199 0.30418394734390275 0.8186713910427298
200 0.3041838949156322 1.22457796064052
201 0.3041838949156322 0.8851415022864444
202 0.3041838949156322 0.43997235773583904
203 0.3041838949156322 0.7008506111598736
204 0.3041838949156322 0.5629775456823601
205 0.3041838949156322 0.7573460105765676
206 0.3041838949156322 0.5114397814640259
207 0.3041838949156322 0.8078254056067153
208 0.3041838949156322 0.32203827552806685
209 0.3041838949156322 1.1951762919443367
210 0.3041838949156322 1.0867692230363937
211 0.3041838949156322 0.319876329072733
212 0.3041838949156322 0.5173569211232582
213 0.3041838949156322 0.9633650934024348
214 0.3041838949156322 0.5429631356926299
215 0.3041838949156322 0.3185471281814405
216 0.3041838949156322 0.3166029680303595
217 0.3041838949156322 1.1531172222934165
218 0.3041838949156322 0.9951325265278967
219 0.3041838949156322 1.1165744943095373
220 0.3041838949156322 0.5936447270882279
221 0.3041838949156322 0.8802005327326906
222 0.3041838949156322 0.5567896513926786
223 0.3041838949156322 0.4729264399638211
224 0.3041838949156322 0.8887315077270391
225 0.3041838949156322 1.0993560300966017
226 0.3041838949156322 0.3153497748617465
227 0.3041838949156322 0.9230125817801214
228 0.3041838949156322 0.8574179266102665
229 0.3041838949156322 0.4009092180214737
230 0.3035304854567998 0.7444034130055651
231 0.3035304854567998 0.8863265276906711
232 0.3035304854567998 0.31229018316126816
233 0.3035264204419296 0.3118850799711546
234 0.3035264204419296 0.3112406309506145
235 0.3035264204419296 1.1801383465718411
236 0.3035264204419296 0.7562535737196723
237 0.3035264204419296 0.5672700905236107
238 0.3035264204419296 0.6083188506220109
239 0.3035264204419296 0.3109355628625868
240 0.3035264204419296 0.7958959828475775
241 0.3035264204419296 0.6790570597110882
242 0.3035264204419296 1.3403486866473668
243 0.3035264204419296 0.5455571034904895
244 0.3035264204419296 0.6361692652972639
245 0.3035264204419296 0.7944671591770952
246 0.3035264204419296 0.6008970022266169
247 0.3035264204419296 0.44033306524772003
248 0.3035264204419296 0.31052238801913257
249 0.3035264204419296 0.4593143904788303
250 0.3035264204419296 0.7475223924511326
251 0.3035264204419296 0.3912297096411763
252 0.3035264204419296 0.3499552689935454
253 0.3034826548046438 0.9805390955454
254 0.3034826548046438 0.9339260408087036
255 0.3034826548046438 0.8187084045171413
256 0.3034826548046438 0.7687044240549601
257 0.3034826548046438 0.7896921710399156
258 0.3034826548046438 0.5245771135066988
259 0.3034826548046438 0.45626653576069126
260 0.3034826548046438 0.7111419629076727
261 0.3034826548046438 0.6473584492348418
262 0.3034826548046438 0.43730223902693355
263 0.3034826548046438 0.569245852641718
264 0.3034826548046438 0.35662669769681904
265 0.3034826548046438 0.4076744275158061
266 0.3034826548046438 1.0580766490084634
267 0.3034826548046438 0.6981265480246966
268 0.3034826548046438 0.43694561039724705
269 0.3034826548046438 1.1456063139139652
270 0.3034826548046438 0.37364987884620826
271 0.3034826548046438 1.5758653813569268
272 0.30348260237637326 0.7585278798801486
273 0.30348260237637326 0.8755785125809468
274 0.30348260237637326 0.3058682211765333
275 0.30348260237637326 0.49803867363154325
276 0.30348260237637326 0.6943457549540022
277 0.30348260237637326 0.4472088741903642
278 0.30348260237637326 0.30536973981789484
279 0.30348260237637326 0.5681380099796377
280 0.30348260237637326 1.0881465466082287
281 0.30348260237637326 0.9542475898333066
282 0.30348260237637326 0.6041187456115709
283 0.30348260237637326 0.61110107936311
284 0.30348260237637326 0.8208556458795893
285 0.30348260237637326 0.3046524490273174
286 0.30348260237637326 0.5033972297536343
287 0.30348260237637326 1.2849623447822642
288 0.30348260237637326 0.5547971226677562
289 0.30348260237637326 0.893686221125657
290 0.30348260237637326 0.5695120730955026
291 0.30348260237637326 0.46602811693557994
292 0.30348260237637326 1.1683288857640002
293 0.30348260237637326 0.9566585869350306
294 0.30348260237637326 0.304751495164434
295 0.30348260237637326 0.6549049842553282
296 0.30348260237637326 0.7909854686402079
297 0.30348260237637326 0.39909413930468124
298 0.30348260237637326 0.4682739446666899
299 0.30348260237637326 0.715477461120128
300 0.30348260237637326 0.4503168371390259
301 0.30348260237637326 1.0110864844804346
302 0.30348260237637326 0.3048519157401936
303 0.30348260237637326 0.428478445436129
304 0.30348260237637326 0.8591817790182473
305 0.30348260237637326 1.8106267866261965
306 0.30348260237637326 0.3046557585744723
307 0.30348260237637326 0.591236581873422
308 0.30348260237637326 1.3559115035981375
309 0.30348260237637326 0.7109194642874619
310 0.30348260237637326 1.9108544834510102
311 0.30348260237637326 0.4524720036924239
312 0.30348260237637326 0.30463889245777404
313 0.30348260237637326 0.7930660148638096
314 0.30348260237637326 0.30454494821186595
315 0.30348260237637326 0.5051300040280546
316 0.30348260237637326 0.3046321601250163
317 0.30348260237637326 0.5650818865929569
318 0.30348260237637326 0.4280597705716938
319 0.30348260237637326 1.20321789021468
320 0.30348260237637326 0.846117677010036
321 0.30348260237637326 0.4418614201431237
322 0.30348260237637326 0.3047924419921781
323 0.30348260237637326 0.7086831682532826
324 0.30348260237637326 0.30472579994494325
325 0.30348260237637326 0.6687132212663964
326 0.30348260237637326 1.1412366128432632
327 0.30348260237637326 0.7822697941487785
328 0.30348260237637326 0.4460675359419499
329 0.30348260237637326 1.0581657623792333
330 0.30348260237637326 0.30491455830479697
331 0.30348260237637326 0.5596562998567142
332 0.30348260237637326 0.8361950394823257
333 0.30348260237637326 0.40257530340564474
334 0.30348260237637326 0.714317364624872
335 0.30348260237637326 0.5818121238375561
336 0.30348260237637326 0.6532890597977548
337 0.30348260237637326 1.2974463699852645
338 0.30348260237637326 0.6698491635786686
339 0.30348260237637326 0.35659998446497504
340 0.30348260237637326 0.35274496198256927
341 0.30348260237637326 0.7915150617292958
342 0.30348260237637326 0.4533604207162814
343 0.30348260237637326 1.1250197966344526
344 0.30348260237637326 0.30517412359390816
345 0.30348260237637326 1.2467628842749516
346 0.30348260237637326 0.5067530375019198
347 0.30348260237637326 0.5712549627199263
348 0.30348260237637326 0.7496207734545145
349 0.30348260237637326 0.6324041004669781
350 0.30348260237637326 0.6475283645351106
351 0.30348260237637326 0.30514488194869516
352 0.30348260237637326 1.4317597035076775
353 0.30348260237637326 0.3406410177042371
354 0.30348260237637326 0.7203473073277332
355 0.30348260237637326 0.5676140060343443
356 0.30348260237637326 0.7144287004244275
357 0.30348260237637326 0.30508913068835425
358 0.30348260237637326 0.30501236192986947
359 0.30348260237637326 1.4008113247846512
360 0.30348260237637326 0.5794116501505164
361 0.30348260237637326 0.8722484423829141
362 0.30348260237637326 0.3790069813530732
363 0.30348260237637326 0.7768856746673373
364 0.30348260237637326 0.30494066730284947
365 0.30348260237637326 0.6613912759299019
366 0.30348260237637326 0.8897549655323544
367 0.30348260237637326 0.8450795227581485
368 0.30348260237637326 0.6084562590928967
369 0.30348260237637326 0.8876383792142976
370 0.30348260237637326 0.7250195855422613
371 0.30348260237637326 0.8963823579127191
372 0.30348260237637326 0.5339645438944003
373 0.30348260237637326 0.5670226507245097
374 0.30348260237637326 0.4040645349078709
375 0.30348260237637326 0.6373212771669988
376 0.30348260237637326 0.45214541454064155
377 0.30348260237637326 0.3049947258933491
378 0.30348260237637326 0.7356743187934661
379 0.30348260237637326 0.5640584801856455
380 0.30348260237637326 0.8077923789338626
381 0.30348260237637326 2.2912070499929915
382 0.30348260237637337 0.5321374606986743
383 0.30348260237637337 1.0766307053837545
384 0.30348260237637337 0.9140043904796985
385 0.30348260237637337 0.5666847452550773
386 0.30348260237637337 0.9189573985902842
387 0.30348260237637337 0.6148240757827768
388 0.30348260237637337 1.1874162994884996
389 0.30348260237637337 0.6712990805944803
390 0.30348260237637337 1.0932297731216034
391 0.30348260237637337 0.7583713761609957
392 0.30348260237637337 1.6131428811699453
393 0.30348260237637337 1.6656929040186181
394 0.30348260237637337 0.5371896058642464
395 0.30242368310923434 0.8711199764134275
396 0.30220730422187714 0.8155629724358912
397 0.30220730422187714 0.43783646891238226
398 0.30220730422187714 0.37783260933062507
399 0.3022073042218771 0.5282516261379419
400 0.3022073042218771 0.5537853039413629
401 0.3022073042218771 1.3003043702251735
402 0.3022073042218771 0.3046834260104365
403 0.3022073042218771 1.1159336035256244
404 0.3022073042218771 0.8318111090777562
405 0.3022073042218771 0.45166816539704124
406 0.30220730422187714 1.1944349748495007
407 0.30220730422187714 1.1863629705002674
408 0.30220730422187714 0.7409713422442685
409 0.30220730422187714 1.037584887334055
410 0.3021991078282932 0.7667176542776518
411 0.3021991078282932 1.6506928322787349
412 0.3021991078282932 1.0293953362544594
413 0.30177409783855047 1.501819796681758
414 0.30177409783855047 0.4277602592139635
415 0.30177409783855047 0.7871791764673982
416 0.3017208952675382 0.618195587927169
417 0.30171933268334705 0.7888006092301076
418 0.30171933268334705 0.8911762177196674
419 0.30171933268334705 0.6874682823111767
420 0.30171933268334705 1.1129535360266696
421 0.30171933268334705 0.5175310557900634
422 0.30171933268334705 0.5743532922764291
423 0.30171933268334705 0.7918461435088752
424 0.30171933268334705 1.912025913247911
425 0.30171933268334705 0.6168860137467691
426 0.30171933268334705 0.3057613096023909
427 0.30171933268334705 0.565536812252518
428 0.30171933268334705 2.5767793117889806
429 0.3017188133120667 0.7599999117603037
430 0.3017188133120667 0.6471451241121509
431 0.3017188133120667 0.3036641029507836
432 0.3017188133120667 0.4918673032282562
433 0.30171781119061714 0.9545138773807946
434 0.30171781119061714 2.0513842382340988
435 0.30171781119061714 0.40618239147751
436 0.3013670803181145 0.45553877592097364
437 0.3013670803181145 0.3035970173272997
438 0.3013670803181145 0.36962929214435747
439 0.3013670803181145 0.8547499655285418
440 0.3013670803181145 0.6848980312405581
441 0.3013670803181145 0.8040038186135754
442 0.3013670803181145 0.7275445326992009
443 0.3013670803181145 0.33649777978127704
444 0.3013670803181145 0.41213870026041305
445 0.301363215074267 0.5497874755753444
446 0.301363215074267 1.1157943184997128
447 0.301363215074267 0.54290457650209
448 0.301363215074267 0.3034612069139699
449 0.301363215074267 0.385948919100939
450 0.301363215074267 0.5577231644705993
451 0.301363215074267 0.7839818441181177
452 0.301363215074267 0.3033494729589519
453 0.3013084910105248 1.1528732160925637
454 0.3013084910105248 0.303195368592063
455 0.3013084910105248 0.3031278394835845
456 0.3013084910105248 0.30298093526066483
457 0.3013084910105248 0.7161961645052215
458 0.3013084910105248 1.2421087944626903
459 0.3013084910105248 0.3845044220822453
460 0.3013084910105248 0.3435346993205705
461 0.3013084910105248 0.5015280013768398
462 0.3013084910105248 1.28698230992563
463 0.3013084910105248 0.8218593732000109
464 0.30130692842633366 0.5034853170923622
465 0.30130692842633366 0.6306531340483109
466 0.3013069284263336 0.3025211809456441
467 0.3013069284263336 1.9190416498576022
468 0.3013069284263336 0.42677606087780445
469 0.3013069284263336 0.578059918799805
470 0.3013069284263336 0.5034655452690648
471 0.3013069284263336 1.406427243415689
472 0.3013069284263336 2.3890067381362097
473 0.3013069284263336 0.6080514914748878
474 0.3013069284263336 0.6608141310061468
475 0.3013069284263336 1.6153476788929646
476 0.3013069284263336 0.6260210239438172
477 0.3013069284263336 0.9926855846662355
478 0.30130692842633366 0.8080040662284338
479 0.30130692842633366 0.5587149793797309
480 0.30130692842633366 0.5000112648355146
481 0.30130692842633366 0.4514001091904901
482 0.30130692842633366 0.3025242970525074
483 0.30130692842633366 0.4726358163263842
484 0.30130692842633366 0.3698560786488816
485 0.30130692842633366 0.595590129511265
486 0.30130692842633366 0.5642951770082043
487 0.30130692842633366 1.2791834088969858
488 0.30130692842633366 0.4285773024167424
489 0.30130692842633366 1.2041359435765389
490 0.30130692842633366 0.5103690783118686
491 0.30130692842633366 1.2625855695871318
492 0.30130692842633366 0.45167815273170403
493 0.30130692842633366 0.3026434230718073
494 0.30130692842633366 0.30258693719883006
495 0.30130692842633366 0.9578211455161714
496 0.30130692842633366 0.7393553363814938
497 0.30130692842633366 0.3025933388415229
498 0.30130692842633366 0.30254483847715957
499 0.30130692842633366 1.2042516984114304
500 0.30130692842633366 0.7265877044013707
501 0.30130692842633366 0.8298878608269158
502 0.3013069284263336 0.5456136873832925
503 0.3013069284263336 1.6618535236968766
504 0.3013069284263336 0.923026461185385
505 0.30130692842633366 0.772364180082661
506 0.30130692842633366 0.5608637118322943
507 0.30130692842633366 0.6704370092429777
508 0.30130692842633366 0.3374568784838738
509 0.30130692842633366 0.3027345864559055
510 0.30130692842633366 0.30257706758905956
511 0.30130692842633366 0.30253222593322493
512 0.30130692842633366 0.9258688987497276
513 0.30130692842633366 0.3746768300355841
514 0.30130692842633366 1.0157393629009088
515 0.30130692842633366 0.5657085014745274
516 0.30130692842633366 0.9819577821735925
517 0.30130692842633366 0.4719647007519099
518 0.30130692842633366 0.30248133594694093
519 0.30130692842633366 1.191930515291809
520 0.30130692842633366 0.43442991424393024
521 0.30130692842633366 0.8005917829648554
522 0.30130692842633366 1.4328854808780238
523 0.30130692842633366 0.30240025680981625
524 0.30130692842633366 0.519127039077867
525 0.30130692842633366 0.408271043291566
526 0.30130692842633366 0.30245218634535054
527 0.30130692842633366 0.5714308363956895
528 0.30130692842633366 0.5039451421322617
529 0.30130692842633366 0.5641290772090004
530 0.30130692842633366 1.3821909397423975
531 0.30130692842633366 0.5511554564394427
532 0.3013069284263336 1.7487365547548404
533 0.3013069284263336 0.4779924487655843
534 0.3013069284263336 0.8962538738415922
535 0.3013069284263336 0.9487874603894823
536 0.3013069284263336 1.4234012844150619
537 0.3013069284263336 1.207192324645308
538 0.3013069284263336 0.8689009806703932
539 0.3013069284263336 0.6414193114795016
540 0.3013069284263336 0.3372506665367488
541 0.3013069284263336 2.654429148900963
542 0.3013069284263336 1.9568766951789085
543 0.3013069284263336 0.6135837794810911
544 0.3013069284263336 0.3027347773587066
545 0.3013069284263336 0.9118056272101491
546 0.3013069284263336 0.36827253245961117
547 0.3013069284263336 0.7133230886456379
548 0.3013069284263336 0.4533622232207861
549 0.3013069284263336 2.393970552747255
550 0.3013069284263336 1.4071351477150225
551 0.3013069284263336 1.0878163096062798
552 0.3013069284263336 1.2666282767084238
553 0.3013069284263336 0.9865809806493463
554 0.3013069284263336 0.8012588902192332
555 0.3013069284263336 0.9428345681978851
556 0.3013069284263336 0.3686828780866664
557 0.3013069284263336 0.9468877460848133
558 0.3013069284263336 0.4301481713942259
559 0.3013069284263336 0.5866273227103955
560 0.3013069284263336 0.7674991414661045
561 0.3013069284263336 1.109455263560298
562 0.3013069284263336 0.6938889758513065
563 0.3013069284263336 0.6368225857510011
564 0.3013069284263336 0.6289907350725694
565 0.3013069284263336 0.9211440886148714
566 0.3013069284263336 0.726970016855624
567 0.3013069284263336 0.3841138424656016
568 0.3013069284263336 1.2683503619293979
569 0.3013069284263336 0.30347685224417
570 0.3013069284263336 0.6176760861176307
571 0.30130692842633366 0.6769852343737611
572 0.30130692842633366 0.6719944415218765
573 0.30130692842633366 0.3033069302666276
574 0.30130692842633366 0.6040185817866962
575 0.30130692842633366 0.39117802702837245
576 0.30130692842633366 1.5421472032812324
577 0.30130692842633366 1.0396821693892109
578 0.30130692842633366 0.3033498107869144
579 0.3013069284263336 0.30336211110237826
580 0.3013069284263336 1.161230477698548
581 0.3013069284263336 0.8580694575595765
582 0.3013069284263336 0.42765530290991116
583 0.3013069284263336 0.8628256721662616
584 0.3013069284263336 0.857232686687867
585 0.3013069284263336 0.5581633915138002
586 0.3013069284263336 0.9459902736055428
587 0.3013069284263336 1.6252256656715725
588 0.3013069284263336 0.8739568626657166
589 0.3013069284263336 0.30360637927482975
590 0.3013069284263336 1.1991396908394918
591 0.3013069284263336 0.9723456815507722
592 0.3013069284263336 0.6382957770662671
593 0.3013069284263336 1.0294564894543852
594 0.3013069284263336 1.419328693839144
595 0.3013069284263336 0.3037116492569387
596 0.3013069284263336 1.5844808323789907
597 0.3013069284263336 1.5180894257296287
598 0.3013069284263336 0.3898579811135219
599 0.3013069284263336 1.5155690527679906
600 0.3013069284263336 1.1752688939700144
601 0.3013069284263336 2.108234697374734
602 0.3013069284263336 1.2755839271594398
603 0.3013069284263336 0.481205514179388
604 0.3013069284263336 0.6259585161519375
605 0.3013069284263336 0.369351711862763
606 0.3013069284263336 1.41122478637236
607 0.3013069284263336 0.3036237583208545
608 0.3013069284263336 0.8839684139955917
609 0.3013069284263336 0.6947238973374678
610 0.3013069284263336 0.689128445048267
611 0.3013069284263336 2.138804725287543
612 0.3013069284263336 1.1574761073574875
613 0.3013069284263336 0.4576520263644923
614 0.3013069284263336 1.4699955807206175
615 0.3013069284263336 1.1104352806632032
616 0.3013069284263336 0.5397698463482423
617 0.3013069284263336 0.5697467376728865
618 0.3013069284263336 0.8351677887932373
619 0.3013069284263336 1.4280457528639814
620 0.30068822962972785 1.1413897106153121
621 0.30068822962972785 0.8008392416427828
622 0.3005077738470975 0.3857437088946879
623 0.3005077738470975 0.3561559043867525
624 0.3005077738470975 1.4242505321445968
625 0.3005077738470975 0.8653944911921692
626 0.3005077738470975 0.3701734609511692
627 0.29967350831257006 0.30386880740548167
628 0.29956618404264385 0.7528941138426177
629 0.2989721674339206 0.30628183174600354
630 0.2989721674339206 1.027705941792581
631 0.2989463698280257 0.304220500392777
632 0.2989168829074368 0.6419777192224946
633 0.2989168829074368 0.3791061963584548
634 0.2989168829074368 0.8684808515489677
635 0.2989168829074368 0.619337763307066
636 0.2989168829074368 0.9198103903600695
637 0.2989168829074368 0.821196137746294
638 0.2989168829074368 0.37383413111738506
639 0.2989168829074368 0.8327786923450651
640 0.29885553306901325 0.3094464403236641
641 0.29885553306901325 1.6937095718572102
642 0.2981542963912535 1.937242780273401
643 0.2981542963912535 0.9776077961737173
644 0.2981542963912535 0.5675540565310068
645 0.2981542963912535 0.6756812778362979
646 0.2981542963912535 0.6350594957011555
647 0.2981542963912535 0.8064565071644353
648 0.2981542963912535 0.30387825574801847
649 0.2981542963912535 0.5175532796907867
650 0.2981542963912535 0.5235513660806084
651 0.2981542963912535 0.36922070554007824
652 0.2981542963912535 1.3120641060612541
653 0.2981542963912535 1.4297189908063743
654 0.2981542963912535 0.3986150978964206
655 0.2981542963912535 0.30672438812582525
656 0.2981542963912535 0.61925308895076
657 0.29330108541598354 0.7026106246746372
658 0.29330108541598354 0.3246330854025104
659 0.29330108541598354 0.30752301801477905
660 0.2906482887408754 0.30362925799279017
661 0.2906482887408754 0.5652095861724705
662 0.2906482887408754 0.4677102488349998
663 0.2889258148942142 0.30370135569337314
664 0.2889258148942142 1.0445781938546024
665 0.2889258148942142 2.234866485461637
666 0.2889258148942142 0.7026741571751584
667 0.27423645448335243 0.33395395391698535
668 0.27423645448335243 0.3717672833306737
669 0.27423645448335243 0.30424273740003116
670 0.27423645448335243 0.5671380287855681
671 0.27423645448335243 0.3046903561945291
672 0.27423645448335243 1.2052066551743794
673 0.27423645448335243 2.046233440397
674 0.27423645448335243 1.2504562052046322
675 0.27423645448335243 0.8769985356405047
676 0.27423645448335243 0.3050568788820944
677 0.27423645448335243 0.30414899738894013
678 0.27423645448335243 0.30428212154225565
679 0.27423645448335243 0.3051436705026667
680 0.274236454483352 1.477304397145794
681 0.274236454483352 1.4715752337141916
682 0.274236454483352 0.908487932486927
683 0.274236454483352 0.6463005607089317
684 0.274236454483352 0.8408014766954779
685 0.274236454483352 1.1360230985568585
686 0.274236454483352 0.5663707952116019
687 0.274236454483352 1.5345038104863185
688 0.274236454483352 0.30212510385200586
689 0.274236454483352 0.30201231488771585
690 0.274236454483352 1.1390769724362908
691 0.274236454483352 0.7914887858511535
692 0.274236454483352 0.9562009830838408
693 0.274236454483352 0.824160574222017
694 0.274236454483352 0.30225246331825345
695 0.274236454483352 1.3196718294984333
696 0.274236454483352 0.9639501326510986
697 0.274236454483352 0.738546433306501
698 0.274236454483352 1.5592875092677827
699 0.274236454483352 0.7945698957422624
700 0.274236454483352 0.3683169732725877
701 0.274236454483352 1.0688002739462956
702 0.274236454483352 0.5639857807246266
703 0.274236454483352 0.496364155875192
704 0.274236454483352 1.0275947649739463
705 0.274236454483352 0.7956093560052573
706 0.274236454483352 1.2598702588992037
707 0.274236454483352 1.4384586502725971
708 0.274236454483352 0.6448132939947091
709 0.274236454483352 0.546374969082607
710 0.274236454483352 1.106232189744143
711 0.274236454483352 1.5836045111119492
712 0.274236454483352 1.6435725449809313
713 0.274236454483352 1.0998002727201064
714 0.274236454483352 1.6252186612461665
715 0.274236454483352 1.3510608518384404
716 0.274236454483352 0.879208876445065
717 0.274236454483352 0.9877329807385737
718 0.274236454483352 0.5403667767337973
719 0.274236454483352 0.6676619618508252
720 0.274236454483352 1.0365223970563513
721 0.274236454483352 0.7015502808233249
722 0.274236454483352 2.562547449761875
723 0.274236454483352 0.44919513543502376
724 0.274236454483352 1.3492544437120118
725 0.274236454483352 0.5431457507897907
726 0.274236454483352 1.2971565051445242
727 0.274236454483352 0.727859128034134
728 0.274236454483352 2.3799179044945813
729 0.274236454483352 1.9494673270698053
730 0.274236454483352 1.3956880646336784
731 0.274236454483352 1.1506361146448145
732 0.274236454483352 1.8765239076606308
733 0.274236454483352 0.3393919767147593
734 0.274236454483352 0.8206684191946134
735 0.274236454483352 0.5811887061316426
736 0.274236454483352 0.41231129764085883
737 0.274236454483352 0.6477065825395008
738 0.274236454483352 2.055748067046975
739 0.274236454483352 1.7885923906004078
740 0.274236454483352 1.4127738010373754
741 0.274236454483352 0.8141264017272851
742 0.274236454483352 0.38076009333088273
743 0.274236454483352 0.5642370132491324
744 0.274236454483352 1.5013968418465438
745 0.274236454483352 1.3267618368888754
746 0.274236454483352 1.1119618956344786
747 0.274236454483352 0.9621712261177234
748 0.274236454483352 0.5920366002839943
749 0.274236454483352 0.6950914160491621
750 0.274236454483352 1.0891224560328476
751 0.274236454483352 0.795576174245157
752 0.274236454483352 0.36867283389653666
753 0.274236454483352 0.5098073040995559
754 0.274236454483352 0.7793155858201942
755 0.274236454483352 0.8270300531956933
756 0.274236454483352 0.40580217263460094
757 0.274236454483352 1.3466894044265125
758 0.274236454483352 1.0379002317702681
759 0.274236454483352 1.0102571519243864
760 0.274236454483352 0.6707398909673377
761 0.274236454483352 0.9145276125514523
762 0.274236454483352 0.6925072256628358
763 0.274236454483352 0.9092374944439578
764 0.274236454483352 0.4501264093372127
765 0.274236454483352 0.6823618278351402
766 0.274236454483352 0.9980463100678634
767 0.274236454483352 1.5186931637932588
768 0.274236454483352 0.7807848683182703
769 0.274236454483352 0.6424266579350012
770 0.274236454483352 0.842061925491965
771 0.274236454483352 0.7539035024690804
772 0.274236454483352 1.0966047355621362
773 0.274236454483352 0.747304874923723
774 0.274236454483352 0.7606010568479717
775 0.274236454483352 0.8232048099168339
776 0.274236454483352 2.27489551463109
777 0.274236454483352 0.899154345504636
778 0.274236454483352 0.30268461029574795
779 0.274236454483352 0.36834488016525996
780 0.274236454483352 1.3875037359595634
781 0.274236454483352 0.8037706690282572
782 0.274236454483352 1.1691149213154464
783 0.274236454483352 0.6711715032810796
784 0.274236454483352 1.1240567506205987
785 0.274236454483352 0.7797286985409158
786 0.274236454483352 1.6206023785978243
787 0.274236454483352 0.8561965287280919
788 0.274236454483352 0.7305679973137541
789 0.274236454483352 0.877345575250611
790 0.274236454483352 0.30241255931420236
791 0.274236454483352 0.4497511168771083
792 0.274236454483352 0.37278268950922205
793 0.274236454483352 0.9835441576482244
794 0.274236454483352 1.062537658198252
795 0.274236454483352 1.54682597894027
796 0.274236454483352 1.018890133947258
797 0.274236454483352 0.5406707269293834
798 0.274236454483352 0.9909816666409605
799 0.274236454483352 1.2752886646572994
800 0.274236454483352 0.5026747070023516
801 0.274236454483352 0.848655751952004
802 0.274236454483352 0.7765418234847687
803 0.274236454483352 0.43434489444480706
804 0.274236454483352 1.9136754170157024
805 0.274236454483352 1.2162452327570727
806 0.274236454483352 0.6067672373526284
807 0.274236454483352 0.43490719807047606
808 0.274236454483352 0.5204202495850017
809 0.274236454483352 0.9026716855325475
810 0.274236454483352 1.306413527106701
811 0.274236454483352 0.3029909683081182
812 0.274236454483352 1.0757546095997608
813 0.274236454483352 0.5570479468680637
814 0.274236454483352 1.6964143387343944
815 0.274236454483352 1.8346425436876779
816 0.274236454483352 0.6322360757762185
817 0.274236454483352 1.0057314940330382
818 0.274236454483352 0.44864953673910235
819 0.274236454483352 0.405211274179566
820 0.274236454483352 1.504301052745639
821 0.274236454483352 0.9257216013951262
822 0.274236454483352 0.7931401734609984
823 0.274236454483352 0.5728857386762117
824 0.274236454483352 0.30345268690801874
825 0.274236454483352 0.5681906932432653
826 0.274236454483352 1.4061562786526032
827 0.274236454483352 0.6508871056960356
828 0.274236454483352 0.8285982851980023
829 0.274236454483352 1.289339027959407
830 0.274236454483352 1.0050951385337803
831 0.274236454483352 0.5111699803477735
832 0.274236454483352 1.1184920130068086
833 0.274236454483352 0.7089738097976921
834 0.274236454483352 0.9457373528026892
835 0.274236454483352 1.420430443719934
836 0.274236454483352 1.708695809184183
837 0.274236454483352 0.6721005834918032
838 0.274236454483352 0.8979301500423758
839 0.274236454483352 1.1852543759415666
840 0.274236454483352 0.995086326751867
841 0.274236454483352 1.4910516515881287
842 0.274236454483352 0.6375194225643736
843 0.274236454483352 0.6854582488664586
844 0.274236454483352 0.7336967308235256
845 0.274236454483352 1.3762267359546165
846 0.274236454483352 1.2932446406981881
847 0.274236454483352 0.3034310965788055
848 0.274236454483352 0.3689221153248885
849 0.274236454483352 0.30327045328988617
850 0.274236454483352 0.6927795634906201
851 0.274236454483352 0.6716208830803285
852 0.274236454483352 0.5110043726324731
853 0.274236454483352 0.5818980385457726
854 0.274236454483352 0.4494399545823456
855 0.274236454483352 0.3033190117925882
856 0.274236454483352 0.5134057087742198
857 0.274236454483352 0.8429523119764738
858 0.274236454483352 1.6006993901321047
859 0.274236454483352 0.8627957458593929
860 0.274236454483352 0.5405891165964851
861 0.274236454483352 1.8730204871408411
862 0.274236454483352 2.1926839898703
863 0.274236454483352 0.7964434672226297
864 0.274236454483352 1.8869259159365617
865 0.274236454483352 1.0609835650255983
866 0.274236454483352 1.4446538700073714
867 0.274236454483352 0.8892835404633566
868 0.274236454483352 0.3027846902592318
869 0.274236454483352 0.3027199330047467
870 0.274236454483352 1.2082552263251938
871 0.274236454483352 1.7196489562751065
872 0.274236454483352 0.4781425137482072
873 0.27423645448335243 0.7169610606931329
874 0.27423645448335243 2.138002139904204
875 0.27423645448335243 0.37593312599936957
876 0.27423645448335243 0.30251431327856826
877 0.27423645448335243 0.406444270163582
878 0.27423645448335243 0.302790099475056
879 0.27423645448335243 0.4066246354265026
880 0.27423645448335243 0.8576977237681723
881 0.27423645448335243 0.6869291588384278
882 0.27423645448335243 0.5731393991758013
883 0.27423645448335243 1.0036635633539286
884 0.27423645448335243 0.9248223747155135
885 0.27423645448335243 1.1663476380004278
886 0.27423645448335243 0.5152541191823757
887 0.27423645448335243 0.5039045396405955
888 0.27423645448335243 0.30556832594557476
889 0.27423645448335243 0.8529459535580756
890 0.27423645448335243 0.4200505054908776
891 0.27423645448335243 0.5305581874414677
892 0.27423645448335243 0.5552982127337557
893 0.27423645448335243 0.5542642384845832
894 0.27423645448335243 0.2994191424559861
895 0.27423645448335243 1.2609426352906155
896 0.27423645448335243 1.1494574015247883
897 0.27423645448335243 0.5746992062097247
898 0.27422613852374816 0.5824244889208291
899 0.27422613852374816 1.204190952268271
900 0.27422613852374816 0.5695219168798794
901 0.2738144776562189 0.807813224871756
902 0.2738144776562189 0.36324158859976285
903 0.2738144776562189 1.321784909154118
904 0.2738144776562189 0.7453943803718286
905 0.2738144776562189 0.3221633481009292
906 0.2738144776562189 1.0991902373872902
907 0.2738144776562189 0.8613432824235814
908 0.2738144776562189 0.45390778093950795
909 0.2729802121216915 0.5471151198165081
910 0.2729802121216915 1.1315467733386222
911 0.2729802121216915 0.3077768914135001
912 0.2729802121216915 0.7346287566735954
913 0.2729802121216915 1.2337586260694762
914 0.2729802121216915 0.5211899993639887
915 0.2729802121216915 0.5449814100940682
916 0.2729802121216915 0.48134714910153936
917 0.2729802121216915 0.3554554668127533
918 0.2729802121216915 0.34643845706929705
919 0.2729802121216915 0.30031102497153944
920 0.2729802121216915 1.1383120341442332
921 0.2729802121216915 1.4684700934734563
922 0.2729113323891399 1.9894137867282868
923 0.2729113323891399 1.6483770642238227
924 0.2729113323891399 1.2115629424622887
925 0.2729113323891399 0.568739005771667
926 0.2729113323891399 0.41000397093351937
927 0.27167353883016415 0.3618848624540897
928 0.27167353883016415 0.8596081796270977
929 0.27167353883016415 0.9991034728696246
930 0.27167353883016415 1.621955789232656
931 0.27083927329563673 1.0177359161338422
932 0.27083927329563673 0.3447985159627076
933 0.27083927329563673 0.2776791829198717
934 0.27083927329563673 0.2774503916153233
935 0.2708376083225374 2.468400352002884
936 0.2708376083225374 0.27746509605070974
937 0.2708376083225374 0.5079813193398158
938 0.2708376083225374 0.4790803651654994
939 0.2708376083225374 0.5925874746521255
940 0.2704150912148043 0.851448999846947
941 0.2704150912148043 0.7066497459734259
942 0.2704150912148043 0.5770525538863469
943 0.2704150912148043 0.4647745789643043
944 0.2704150912148043 0.4104164291887904
945 0.2704150912148043 0.8417459009393098
946 0.2704150912148043 0.6001957299478208
947 0.2704150912148043 0.4090008416580163
948 0.2704150912148043 0.6520566366766972
949 0.2704150912148043 0.7929877472748303
950 0.2704150912148043 0.5991212606129949
951 0.2704150912148043 0.5319153104716524
952 0.27041509121480384 1.0588906740718123
953 0.27041509121480384 1.5382343848570361
954 0.27041509121480384 1.1298528376117725
955 0.27041509121480384 1.0079056196628224
956 0.27041509121480384 0.5409900778585135
957 0.27041509121480384 0.4606995909912757
958 0.27041509121480384 0.5384145595620251
959 0.27041509121480384 1.1271861288981415
960 0.27041509121480384 0.6046097069255754
961 0.27041509121480384 0.3409879096543761
962 0.27041509121480384 1.2192190949989934
963 0.27041509121480384 0.5095843706968114
964 0.27041509121480384 1.1753613104138003
965 0.27041509121480384 0.7867212949796693
966 0.27041509121480384 0.6951734314696069
967 0.27041509121480384 1.5423047975605075
968 0.27041509121480384 0.7274100795056782
969 0.27041509121480384 0.8883229949880913
970 0.27041509121480384 1.149951755237995
971 0.27041509121480384 0.682714874523243
972 0.27041509121480384 1.5933604461636586
973 0.27041509121480384 1.0698866405336336
974 0.27041509121480384 0.2740822607793106
975 0.27041509121480384 1.0431086391283937
976 0.27041509121480384 1.6612835504628896
977 0.27041509121480384 1.4772479499734148
978 0.27041342928154327 0.9806941508116287
979 0.27041342928154327 1.5140308514068348
980 0.27041342928154327 0.6702595040610069
981 0.27040013424461007 0.42378819982869564
982 0.27040013424461007 0.9305666854657291
983 0.27040013424461007 0.7670131880441765
984 0.27040013424461007 0.4214037032736669
985 0.27040013424461007 0.2743711640502244
986 0.27040013424461007 0.9820142118483046
987 0.27040013424461007 0.27446347265187027
988 0.27040013424461007 1.028432288687427
989 0.27040013424461007 0.376748492140685
990 0.27040013424461007 0.2744483599779379
991 0.27040013424461007 0.2744888555896631
992 0.27040013424461007 0.2745361324278593
993 0.27040013424461007 0.27455329343414825
994 0.27040013424461007 0.4188561024230366
995 0.27040013424461007 0.2744577098804961
996 0.27040013424461007 0.5865517429132087
997 0.27040013424461007 0.2747525537988047
998 0.27040013424461007 0.27466212723659006
999 0.27040013424461007 0.6727224948143541
