# iteración mejor promedio
0 25.334710107905067 85.31886785577223
1 25.334710107905067 77.84247156443963
2 20.897492570350803 68.09294418653941
3 14.681448339713974 59.40921694367002
4 5.414262318583926 52.5225905756265
5 3.40408741088784 46.29147592160579
6 2.2536680138940786 32.35571670717737
7 2.2536680138940786 19.315146523199907
8 2.2528648490885876 10.514018160469904
9 2.2061575782125313 7.684859704062481
10 2.175673203363034 5.690600371879489
11 1.9861428659195306 5.374339666936646
12 1.9323769270934794 5.6159064707792625
13 1.9323769270934794 5.2658645523292025
14 1.9323769270934794 4.862039120884377
15 1.5377875290363283 3.7582638599708247
16 1.3469166457165396 4.251629702690876
17 1.2630038614797405 3.6666792469740797
18 0.9462603012759395 3.8202010906669535
19 0.7810538458752645 3.6578576919894847
20 0.7411999390511992 4.0424154185422365
21 0.7260694441917452 2.429270950590092
22 0.7260694441917452 2.3586392713507967
23 0.6714367586817399 2.5065962342641046
24 0.6475856498083222 2.1872423612609984
25 0.6363853401262822 1.4502791211895107
26 0.5968380889149989 1.3359106759389712
27 0.5967818083586633 1.009895447586752
28 0.5967818083586633 2.023095462836073
29 0.5967818083586633 2.7604794710355485
30 0.5921094253972076 1.088129089241009
31 0.5921094253972076 2.1010962803889064
32 0.5921094253972076 1.1610911045808627
33 0.5921094253972076 1.0948832545300724
34 0.5896699041610161 1.060380074104642
35 0.5896699041610161 0.7155129199759773
36 0.5896699041610161 0.9759988060602858
37 0.5864266791619583 1.6510895989372272
38 0.5779645645836572 1.9227235431280456
39 0.5779645645836572 1.7319290684859103
40 0.5779645645836572 1.5592466624634154
41 0.5779645645836572 1.659040408340317
42 0.5779619599071222 1.2183193743405833
43 0.5779619599071222 1.284471590648144
44 0.5763903388245194 0.6969197439536023
45 0.5763903388245194 1.0143044116971693
46 0.5763903388245194 1.8153051038534702
47 0.5763903388245194 0.8892865402863903
48 0.5763903388245194 1.0447481559027587
49 0.5756969500795032 1.0089818989607233
50 0.575010875924614 1.164041118518998
51 0.575010875924614 0.6929827990727856
52 0.574834547658314 0.777778899037567
53 0.574834547658314 0.6202811334773584
54 0.574834547658314 0.8238372372843695
55 0.574834547658314 1.447271101886775
56 0.574834547658314 2.9006084058015644
57 0.574834547658314 0.9552094478248757
58 0.574834547658314 1.9064320658037486
59 0.574298190011678 1.0415165295133137
60 0.574298190011678 1.5281527186079793
61 0.574298190011678 1.5628660481708574
62 0.5742981900116783 0.9506113043773492
63 0.5742981900116783 0.7058186520258509
64 0.574298190011678 0.8997309001460273
65 0.574298190011678 2.202038260651408
66 0.574298190011678 0.603813381985216
67 0.574298190011678 0.6041179992418539
68 0.5733693748238357 1.0051300473505511
69 0.5733693748238357 0.6033830435095292
70 0.573348528256278 1.6171874310384937
71 0.573348528256278 1.084642596730514
72 0.573348528256278 0.9304036636987576
73 0.573348528256278 0.6023130556406298
74 0.573348528256278 0.599575428226164
75 0.5733461421620005 1.3310607901451015
76 0.57247422710915 1.44073199259797
77 0.57247422710915 0.596914889953944
78 0.57247422710915 1.8076622083777147
79 0.571907292455899 1.0524508619736366
80 0.571907292455899 0.5966181539884005
81 0.571907292455899 0.8410857481168611
82 0.571907292455899 1.303680821232397
83 0.571907292455899 0.6636922181409065
84 0.571907292455899 0.8647129978790964
85 0.571907292455899 0.6912893359713571
86 0.571907292455899 1.2615762660350143
87 0.5717035619186132 1.0830850077180283
88 0.5717035619186132 0.5911299059409305
89 0.5717035619186132 1.454135462119002
90 0.5716402928454754 1.3914814972726492
91 0.5716402928454754 0.6881892213426297
92 0.5716402928454754 0.6577308474460932
93 0.5716402928454754 1.7014342000182254
94 0.5716402928454754 0.8031266396652071
95 0.5716402928454754 0.5905439859184216
96 0.5715899180036067 0.5898214098547522
97 0.5715899180036067 0.8556032829350496
98 0.5715899180036067 1.6713337728453015
99 0.5715899180036067 0.8561570314905302
100 0.5715899180036067 1.430738149291445
101 0.5715899180036067 1.0392509775760068
102 0.5714491991187953 2.04642694057444
103 0.5710026925844549 1.023559971258688
104 0.5710026925844549 1.0333806663217147
105 0.5710026925844549 0.7286801646836174
106 0.5710026925844549 0.587635405270498
107 0.5710026925844549 0.5865806535608568
108 0.5710026925844549 0.8416856918942757
109 0.5710026925844549 2.22642990290243
110 0.5710026925844549 1.537076471606332
111 0.5710026925844549 1.154012491947879
112 0.5709959903488983 0.7243854394586577
113 0.5709959903488983 0.8241299376658027
114 0.5709959903488983 1.346617128327653
115 0.5709959903488983 0.9461843601671446
116 0.5709959903488983 1.8257154588214095
117 0.5709959903488983 0.5836973962127335
118 0.5709959903488983 0.7994249518631611
119 0.5709959903488983 1.9552805239209121
120 0.5709959903488983 1.0836580890348957
121 0.5709959903488983 0.7043887085897919
122 0.5709959903488983 0.8441414284934173
123 0.5709959903488983 0.7506936338555424
124 0.5709959903488983 0.5833954532438554
125 0.5709959903488983 0.7234916357832187
126 0.5709959903488983 0.5858275994634173
127 0.5709959903488983 1.3119301107534544
128 0.5709959903488983 0.7373544706735646
129 0.5709959903488983 0.895821528726361
130 0.5709959903488983 0.9259812564416035
131 0.5709959903488983 0.5828621272086177
132 0.5709959903488983 0.5821399837155528
133 0.5709959903488983 1.3136353872856388
134 0.5703942588093 0.8268840134226868
135 0.5703942588093 0.5818303030835907
136 0.5703942588093 1.9809519983450232
137 0.570351510146948 1.3219556173448361
138 0.570351510146948 0.8403983382853805
139 0.570351510146948 1.3955408149003492
140 0.570351510146948 1.1040054505293684
141 0.570351510146948 1.0519760998210181
142 0.570351510146948 1.555681842306509
143 0.570351510146948 0.650706449669836
144 0.5703429532046963 0.5816307813996489
145 0.5703429532046963 0.5801160924460996
146 0.5703429532046963 0.9105083323788521
147 0.5703429532046963 0.7734055434950351
148 0.5703429532046963 0.5814056415768605
149 0.5703429532046963 1.0030286064374982
150 0.5703429532046963 1.2547303983274087
151 0.5703429532046963 0.8618631282181856
152 0.5694425544255908 0.5839018937591665
153 0.5694425544255908 0.6394175009932155
154 0.5694425544255908 0.5847745504932308
155 0.5688042375733467 0.7925892057084968
156 0.5688042375733467 1.6194467970796123
157 0.5688042375733467 0.7168122726944981
158 0.5688042375733467 0.5833339594203302
159 0.5688042375733467 1.4238637865230408
160 0.5688042375733467 1.2362967649016938
161 0.5688042375733467 0.9030921730256393
162 0.5688042375733467 1.5786468858055815
163 0.5688042375733467 0.6816852682980593
164 0.5688042375733467 0.5800249465675961
165 0.5688042375733467 1.3894101259305875
166 0.568778097419395 1.0778442544265985
167 0.568769946170391 0.7083070452667883
168 0.568769946170391 1.7060404524884205
169 0.568769946170391 0.5766155455941445
170 0.568769946170391 0.7343201785602405
171 0.568769946170391 0.5754569678919429
172 0.568769946170391 0.8217513493213654
173 0.568769946170391 1.2148101981452362
174 0.568769946170391 0.6317653374700004
175 0.568769946170391 2.461348617315326
176 0.568769946170391 0.7255122766427107
177 0.568769946170391 1.5397386204518373
178 0.568769946170391 1.5036974677955095
179 0.568769946170391 0.5752931765136633
180 0.568769946170391 1.4007161861906132
181 0.568769946170391 0.7276132940156255
182 0.568769946170391 1.5343258903599766
183 0.568769946170391 0.655342221292683
184 0.568769946170391 0.721332027439268
185 0.568769946170391 0.9233482116684805
186 0.568769946170391 0.5735307902368765
187 0.568769946170391 0.703304664172032
188 0.568769946170391 1.454512959458964
189 0.568769946170391 0.5729404728047987
190 0.568769946170391 1.3847012060685346
191 0.5687235552095116 1.0296267255379454
192 0.5687235552095116 1.055228490177746
193 0.5687234510801472 0.572848380938202
194 0.5687234510801472 2.3290637294969327
195 0.5687209488044408 1.212100877490214
196 0.5687205872067307 0.6410613954732746
197 0.5687197391991241 1.8534124805628094
198 0.5687197391991241 0.5731915501288087
199 0.5687197391991241 0.5729268666887514
200 0.5687197391991241 1.2656554774992828
201 0.5687197391991241 0.5728158441209321
202 0.5687192644955855 0.720761100112683
203 0.5687188288092665 0.8273355171745024
204 0.5687188288092665 0.5729467922739261
205 0.5687188288092665 1.025199063514026
206 0.5687188288092665 2.5782840800132267
207 0.5687188288092665 0.6448601436689814
208 0.5687188288092665 0.5758244269744078
209 0.5687179808016599 0.7235032931487355
210 0.5687115099752865 0.7855490352243503
211 0.5687115099752865 0.8116412989249594
212 0.5687115099752865 0.7114466836244938
213 0.5687115099752865 0.9148342560237158
214 0.5687115099752865 0.5721188007862485
215 0.5687115099752865 0.8106670766559738
216 0.5687115099752865 0.5716127939348703
217 0.5687115099752865 1.0911784859901577
218 0.5687115099752865 1.2997020816973093
219 0.5687115099752865 1.7115651264177785
220 0.5687115099752865 0.5716439056796851
221 0.5687115099752865 0.6605474564924256
222 0.5687115099752865 0.571990561943528
223 0.5687115099752865 0.5720159333726117
224 0.5687115099752865 0.641856768904658
225 0.5687115099752865 0.711478151156993
226 0.5687115099752865 1.2491705178282229
227 0.5687115099752865 0.6530455936352682
228 0.5687115099752865 0.9769119205342786
229 0.5687115099752865 1.6549868675312611
230 0.5687082421252369 0.9141499401156692
231 0.5687082421252369 0.7021547305166823
232 0.5687082421252369 0.9943759340243655
233 0.5687082421252369 0.5714582296075401
234 0.5687082421252369 1.6624160114394129
235 0.5687082421252369 1.1499855727334907
236 0.5687082421252369 0.8011828525422843
237 0.5687082421252369 1.020384435218245
238 0.5687082421252369 0.8355299783958812
239 0.5687082421252369 0.5716688252811466
240 0.5687082421252369 0.5714148466872112
241 0.5687082421252369 1.6358545416362746
242 0.5687082421252369 1.2248638164562204
243 0.5687082421252369 1.1051661865290667
244 0.5687082421252369 0.5709184480135465
245 0.5687082421252369 0.7203023255299874
246 0.5687082421252369 0.9006233586748249
247 0.5687082421252369 0.9699471842407908
248 0.5687082421252369 1.3599604409041532
249 0.5687082421252369 1.2934840884139824
250 0.5687082421252369 0.8173831340734543
251 0.5687082421252369 1.5105875368135484
252 0.5687082421252369 0.5708608789153984
253 0.5687082421252369 2.1911623062159045
254 0.5687082421252369 0.5705124728043812
255 0.5687082421252369 0.8489874979559288
256 0.5687082421252369 0.9073296480083655
257 0.5687082421252369 1.3147026730408755
258 0.5687082421252369 2.0267475689993857
259 0.5687082421252369 0.7213030124781968
260 0.5687082421252369 0.5704445850352727
261 0.5687082421252369 1.6753546651511027
262 0.5687077674216983 0.8814783155343939
263 0.5687077674216983 0.8362622963188636
264 0.5687077674216983 0.5700919365447134
265 0.5687077674216983 0.6933738068212146
266 0.5687076245731387 0.569981143608785
267 0.5687074480837012 2.4963606263802443
268 0.5687063408792131 0.5703856162274116
269 0.5687063408792131 1.2331677352304284
270 0.5687045824817489 0.7239060164670613
271 0.5687045824817489 1.2837386800956252
272 0.5687045824817489 0.5706310501583133
273 0.5687045824817489 0.5706024223044415
274 0.5687045824817489 0.5703711668838739
275 0.5687045824817489 0.5699890613493291
276 0.5687045824817489 0.8318327762822757
277 0.5687045824817489 1.4671122956237768
278 0.5687045824817489 1.1912358661809435
279 0.5687045824817489 1.4502481570611527
280 0.5687045824817489 0.5699503539399079
281 0.5687045824817489 1.3667501899165044
282 0.5687045824817489 0.8328457094897557
283 0.5687045824817489 1.0578759893466774
284 0.5687045824817489 0.6463621477147679
285 0.5687045824817489 0.9284397148294949
286 0.5687045824817489 1.1095046354334372
287 0.5687045824817489 0.5696752180753473
288 0.5687045824817489 0.5697562273271848
289 0.5687045824817489 0.6827865122933061
290 0.5687045824817489 0.7633501856257772
291 0.5687045824817489 2.4324902429732442
292 0.5687045824817489 0.8005454055261303
293 0.5687045824817489 1.8281672554136688
294 0.5687045824817489 0.6446361317630673
295 0.5687045824817489 1.4204357620231363
296 0.5687045824817489 0.7541988333014222
297 0.5687045824817489 1.3766696544433787
298 0.5687045824817489 0.9350260968983113
299 0.5687045824817489 1.1971050867871966
300 0.5687045824817489 0.5699597826564142
301 0.5687045824817489 2.3013699515727413
302 0.5687045824817489 0.9266393883837594
303 0.5687045824817489 1.5034185796702633
304 0.5687045824817489 1.713040208762349
305 0.5687045824817489 1.55903084539743
306 0.5687045824817489 0.8005278710602046
307 0.5687045824817489 0.8316140700116023
308 0.5687045824817489 2.100984620847461
309 0.5505389274573861 1.0260101626120999
310 0.5505282764479927 0.9400323281981185
311 0.5504750724464689 0.5695488397104248
312 0.5504715451968814 0.8897170447942915
313 0.5504669211974649 0.5695150517544668
314 0.5504669211974649 0.8945323258823598
315 0.5504669211974649 0.9656720730689559
316 0.5504599937039273 0.8727719494960771
317 0.5498208979139724 0.568500509434851
318 0.5498058191714308 1.5339699373179696
319 0.5498058191714308 2.1157306108344103
320 0.5498058191714308 0.5681708009965343
321 0.5498058191714308 0.9397898618077041
322 0.4599672131650009 0.6921269644448788
323 0.4599672131650009 0.8053551260805272
324 0.4599590619159969 1.791533927405101
325 0.45995619631404455 1.3278212069012747
326 0.45995213442245925 1.958188934842742
327 0.459917006193734 1.02925996457742
328 0.45990598934277765 0.5529189385808697
329 0.4599008202467042 1.3040157552978866
330 0.4599008202467042 1.1475709046434244
331 0.4599008202467042 0.6618004314375411
332 0.4599008202467042 1.022164985662097
333 0.4599008202467042 0.8049534138458091
334 0.4599008202467042 0.6851912069240214
335 0.4599008202467042 0.5327079381759162
336 0.4599008202467042 1.2211203671662672
337 0.4599008202467042 0.858519164326936
338 0.4599008202467042 0.9101905187554519
339 0.4599008202467042 0.5235748806227174
340 0.4599008202467042 0.5211228651489273
341 0.45989906184924 0.5167668740855156
342 0.45989906184924 0.6467042630290678
343 0.45989906184924 0.5092963299536202
344 0.4598538647222803 0.6518723989349346
345 0.45985099912032795 0.7625069022198012
346 0.45985099912032795 0.6450935308679125
347 0.45985099912032795 0.49653163686940827
348 0.45980079214906106 1.473771338259059
349 0.45980079214906106 1.1850811852273555
350 0.45980079214906106 0.49956580233341114
351 0.45980079214906106 1.8628306584613612
352 0.456690647707865 0.5572809765581659
353 0.456690647707865 1.4413667917299258
354 0.4563415399182972 0.7189969815489747
355 0.4563415399182972 0.5607900348734699
356 0.4563415399182972 0.9336881666401295
357 0.4563415399182972 0.6713486423638167
358 0.4563415399182972 0.7716930361806479
359 0.4563415399182972 1.523888806195915
360 0.3894666218866475 0.7288062826000196
361 0.38941798268517847 1.3891768052710367
362 0.38940436649826593 1.685489019679221
363 0.38940372474667057 0.8224888508128535
364 0.3893974390047283 1.335754628740296
365 0.3893967972531329 0.7261262943107285
366 0.3892769522825036 0.46292096218027223
367 0.3892769522825036 0.8201133456200949
368 0.3892769522825036 0.6155147413431016
369 0.38890936904696183 0.5191183032785018
370 0.38890936904696183 0.9110197557259907
371 0.38885740738564173 0.6649957697974758
372 0.38885740738564173 1.4215416061531017
373 0.38885740738564173 1.2112136906987048
374 0.38885740738564173 0.4737438406910463
375 0.3009802423531811 0.7611496411332732
376 0.3009802423531811 1.2735044994611016
377 0.2787486184262447 1.5192490896912978
378 0.2787486184262447 0.4313031356878684
379 0.2787486184262447 1.0950696318170443
380 0.2787467171802209 0.9996736004179029
381 0.27804247852501723 1.0484491506695277
382 0.27804247852501723 0.4652578851001051
383 0.2779479755779238 0.7216937649552491
384 0.2779479755779238 0.8951935721138556
385 0.2779432719347431 0.4985386854645623
386 0.27794040633279077 0.4309623781862038
387 0.27789982403804897 1.817859487738321
388 0.27789982403804897 1.5618495431108985
389 0.27789806564058483 0.7461832362854591
390 0.2778952000386325 0.6456002702547642
391 0.2778952000386325 0.6868106343215363
392 0.2778952000386325 0.8968798476988639
393 0.2778952000386325 0.3082811781802856
394 0.27789520003863133 0.9671681207699203
395 0.2777791178514172 1.3345213862792147
396 0.23373976932572954 0.3038266311482649
397 0.23297719462319283 0.46526135064937885
398 0.23297719462319283 0.6107773293476739
399 0.23297719462319283 0.5398691550436456
400 0.23297432902124046 1.0637063727340095
401 0.23297432902124046 0.3343550998542599
402 0.23297432902124046 0.2971670725442948
403 0.23297432902124046 0.771249104215986
404 0.20083758440914698 0.2896383033037279
405 0.17476151106011426 0.8504997268950946
406 0.17440479683209742 0.48381600870320907
407 0.17440479683209742 0.416845522524642
408 0.1744047968320968 1.2462017439347963
409 0.1744047968320968 1.3943562914308902
410 0.1744047968320968 1.060932371291874
411 0.1743961109410956 1.115609295835991
412 0.1743961109410956 1.1600623463060655
413 0.17439595053299908 0.23951158948084672
414 0.17439595053299908 0.3303262547764617
415 0.17439595053299908 0.5273671431141284
416 0.17439595053299908 0.4225486207121949
417 0.17439595053299908 0.1941865769138001
418 0.17439595053299908 0.19040384365079244
419 0.17439595053299908 0.2919401711348947
420 0.17439595053299908 0.3905336733436001
421 0.17439595053299908 0.5067826621217619
422 0.17439595053299908 0.67112022851659
423 0.1743946342114755 0.4935258640884427
424 0.17439287581401136 1.2674554989520186
425 0.17439287581401136 0.9960668197920687
426 0.17439287581401136 0.6818953750430559
427 0.17439287581401136 0.17665023869465274
428 0.17439287581401136 1.3745769690414935
429 0.17439287581401136 1.0991154886906667
430 0.17439287581401136 1.0015927089451386
431 0.17439287581401136 0.25889547615567243
432 0.17439287581401136 0.36551103502904986
433 0.17439287581401136 0.1752926620640238
434 0.17439287581401136 0.6463144181598269
435 0.17439287581401136 0.17496028025001764
436 0.17439287581401136 0.5811310790904216
437 0.17439287581401136 0.4545466755559429
438 0.17439287581401136 0.17498473997990824
439 0.17439287581401136 0.17497793841268677
440 0.17439287581401136 0.4641282664110477
441 0.17439287581401136 0.1749898574150023
442 0.17439139711743692 1.3946086622108793
443 0.17439139711743692 0.995321344957877
444 0.17439139711743692 0.17496162576293003
445 0.17439139711743692 0.6684276919976415
446 0.17439139711743692 0.7737573914580582
447 0.1743891574241577 1.3807410149879338
448 0.1743891574241577 0.1749933500249765
449 0.1743891574241577 0.7914327095532969
450 0.1743891574241577 0.4522386278502698
451 0.1743891574241577 0.5216952153334158
452 0.1743891574241577 0.9195000560772173
453 0.1743891574241577 0.5459135883774272
454 0.1743891574241577 1.0186299155596101
455 0.1743891574241577 0.17495728674573482
456 0.1743891574241577 0.17495997725091314
457 0.1743891574241577 0.6932445729075628
458 0.1743891574241577 0.1749358096245117
459 0.1743891574241577 0.501927430873154
460 0.1743891574241577 1.8949370079115175
461 0.1743891574241577 0.32204137828092105
462 0.17438915076035524 0.6274227461815107
463 0.17438915076035524 0.3543684270837356
464 0.17438915076035463 0.5769577844378189
465 0.17438915076035463 1.0897796543553593
466 0.17438915076035463 0.1749088386324374
467 0.17438915076035524 0.9603102042442991
468 0.17438915076035524 0.5884555872182333
469 0.17438915076035524 0.8074039452288027
470 0.17438915076035524 0.5179595565683222
471 0.17438915076035524 0.48994077746109754
472 0.17438915076035524 0.43725409757634187
473 0.17438915076035524 0.7328952022911266
474 0.17438915076035524 0.17505331746669864
475 0.17438915076035524 0.27519084653517684
476 0.17438915076035524 0.17507076154416368
477 0.17438915076035524 0.7294019196514883
478 0.17438915076035524 0.9446070601488696
479 0.17438915076035524 1.322103733974136
480 0.17438915076035524 0.7135135079472888
481 0.17438915076035524 0.9177319040733788
482 0.17438915076035524 0.4794607803087707
483 0.17438915076035524 0.375870856031626
484 0.17438915076035524 0.1750354875109635
485 0.17438915076035524 0.7614286242739727
486 0.17438915076035524 0.5072995308140378
487 0.17438915076035524 0.333186337193095
488 0.17438915076035524 0.8307012368869847
489 0.17438915076035524 1.4958448344935318
490 0.17438915076035524 0.2776873997554145
491 0.17438915076035524 0.17507301382094323
492 0.17438915076035524 0.17506783267065873
493 0.17438915076035524 0.24499806756730746
494 0.17438915076035524 0.5610997647190444
495 0.17438915076035524 0.1750221015447764
496 0.17438915076035524 0.5768465954050549
497 0.17438915076035524 0.17503116822637219
498 0.17438915076035524 0.6246462036111377
499 0.17438915076035524 0.34091605083197857
500 0.17438915076035524 0.4095415474024408
501 0.17438915076035524 0.17502824161444722
502 0.17438915076035524 0.4353159749782315
503 0.17438915076035524 0.5699022383533342
504 0.17438915076035524 0.9059630470528307
505 0.17438915076035524 0.577180775456408
506 0.17438915076035524 0.21852018465168907
507 0.17438915076035524 0.619871999412799
508 0.17438915076035524 0.2773759227839783
509 0.17438915076035524 0.4244468414428433
510 0.17438915076035524 0.3388738345198842
511 0.17438915076035524 0.17486648098311935
512 0.17438915076035524 0.3210515934796003
513 0.17438915076035524 0.174816197987522
514 0.17438915076035524 0.7678946130908241
515 0.17438915076035524 0.6693574562860731
516 0.17438915076035524 1.1597887209738291
517 0.17438915076035524 1.1160183830428732
518 0.17438915076035524 0.4751242872815044
519 0.17438915076035524 0.17472610714016507
520 0.17438915076035524 0.17469400582396288
521 0.17438915076035524 0.8478647684154715
522 0.17438915076035524 0.44029760876318536
523 0.17438915076035524 0.17468448150519666
524 0.17438915076035524 0.8304722533129595
525 0.17438915076035524 0.9498215574962827
526 0.17438915076035524 0.17466781566031947
527 0.17438915076035524 0.17466837643926436
528 0.17438915076035524 0.46307358330942555
529 0.17438915076035524 0.17468214042305713
530 0.17438915076035524 0.17468043569751512
531 0.17438915076035524 0.1746570045022292
532 0.17438915076035524 0.902591438637593
533 0.17438915076035524 0.6257016696009494
534 0.17438915076035524 0.27264850778119604
535 0.17438915076035524 0.38011443560404357
536 0.17438915076035524 0.37560875263462473
537 0.17438915076035524 0.3192158651656282
538 0.17438915076035524 0.1746633763415723
539 0.17438915076035524 0.6003960609062264
540 0.17438915076035524 0.7261565679380206
541 0.17438915076035524 0.375798030696147
542 0.17438915076035524 0.4366960402818265
543 0.17438915076035524 0.17465842218757952
544 0.17438915076035524 0.38974248912719167
545 0.17438915076035524 0.174694824984815
546 0.17438915076035524 0.32246629063254706
547 0.17438915076035524 0.6904502799631108
548 0.17438915076035524 1.0809463109021458
549 0.17438915076035524 0.924056035846734
550 0.17438915076035524 0.9362064865260723
551 0.17438915076035524 0.17467032044115066
552 0.17438915076035524 0.49492038844338887
553 0.17438915076035524 0.42135086427942
554 0.17438915076035524 1.0546910931959013
555 0.17438915076035524 0.30592227885335355
556 0.17438915076035524 0.46695115977256507
557 0.17438915076035524 1.8447893415729384
558 0.17438915076035524 0.26149038717805445
559 0.17438915076035524 0.17475677175498075
560 0.17438915076035524 0.30278478740757786
561 0.17438915076035524 0.17468279556090835
562 0.17438915076035524 1.0700926930491041
563 0.17438915076035524 0.7729332384182912
564 0.17438915076035524 0.17461403940612985
565 0.17438915076035524 1.6226684014739194
566 0.17438915076035524 1.5628718873104226
567 0.17438915076035524 0.1746359059615186
568 0.17438915076035524 1.5761653529383723
569 0.17438915076035524 0.1746409386262504
570 0.17438915076035524 0.17462436564569245
571 0.17438915076035524 0.17464506490351905
572 0.17438915076035524 0.17463833193710407
573 0.17438915076035524 0.499908736247982
574 0.17438915076035524 0.4874063613469262
575 0.17438915076035524 0.4067734276873493
576 0.17438915076035524 0.17458361846254974
577 0.17438915076035524 0.29980848673108884
578 0.17438915076035524 0.17459529163284132
579 0.17438915076035524 0.36335642743117047
580 0.17438915076035524 1.0904132301744698
581 0.17438915076035524 0.6542888268289565
582 0.17438915076035524 0.5906929270424159
583 0.17438915076035524 0.1745551582616034
584 0.17438915076035524 1.0568919571139603
585 0.17438915076035524 0.17453781546636596
586 0.17438915076035524 0.17450772942964268
587 0.17438915076035524 0.7949564769782462
588 0.17438915076035524 0.17450287650739255
589 0.17438915076035524 0.9002148618838223
590 0.17438915076035524 1.271129534736816
591 0.17438915076035524 0.46657958548380407
592 0.17438915076035524 1.021198225577762
593 0.17438915076035524 0.53112488109425
594 0.17438915076035524 0.5304036569691752
595 0.17438915076035524 0.3216676851772176
596 0.17438907485976438 1.307569874094829
597 0.17438907485976438 1.3324690545366504
598 0.17438907485976438 0.6941594915390177
599 0.17438907485976438 0.1744821740375299
600 0.17438891443974694 0.4349207170112922
601 0.17438891443974694 0.42907873166629373
602 0.17438891443974694 0.7496159227773949
603 0.17438891443974694 0.17449604733873694
604 0.17438891443974694 0.17449102564388766
605 0.17438891443974694 0.17449092041755918
606 0.17438891443974694 1.4709394871651233
607 0.17438891443974694 0.1744557880448785
608 0.17438891443974694 0.967088349529676
609 0.17438891443974694 0.1744214079984488
610 0.17438891443974694 0.29402889788907177
611 0.17438891443974694 0.3263144617100588
612 0.17438891443974694 0.9947891460463552
613 0.17438891443974694 0.40526010609081176
614 0.17438891443974694 0.6837876186795414
615 0.17438891443974694 0.2911382613076457
616 0.17438891443974694 0.32189605043638353
617 0.17438891443974694 1.1205687048987492
618 0.17438891443974694 1.222191313506743
619 0.17438891443974694 0.3986578875556422
620 0.17438891443974694 0.32412639991646386
621 0.17438891443974694 0.17493486271826866
622 0.17438891443974694 0.5360197136485698
623 0.17438891443974694 0.26551849181530957
624 0.17438891443974694 0.4259671792801041
625 0.17438891443974694 0.1744138914161307
626 0.17438891443974694 0.17441259879616666
627 0.17438891443974694 0.17441490875393792
628 0.17438891443974694 0.17441723019985444
629 0.17438891443974694 0.17442346468755937
630 0.17438891443974694 0.5723314962215678
631 0.17438891443974694 0.17441872057000424
632 0.17438891443974694 0.1744090689919227
633 0.17438891443974694 0.1744082059853963
634 0.17438891443974694 1.3316381148837595
635 0.17438891443974694 0.7483937427291409
636 0.17438891443974694 0.17443044105222022
637 0.17438891443974694 0.7890112094517902
638 0.17438891443974694 0.5894679543618611
639 0.17438891443974694 1.1652768746431994
640 0.17438891443974694 0.28929332652117856
641 0.17438891443974694 0.7234052290606584
642 0.17438891443974694 1.4650258615668705
643 0.17438891443974633 0.2996185666511804
644 0.17438891443974633 0.3220418971281572
645 0.17438891443974633 0.24161429207349475
646 0.17438891443974633 0.46237730167263646
647 0.17438891443974633 0.846310824288237
648 0.17438891443974633 1.22131696414331
649 0.17438891443974633 0.17504361273817653
650 0.17438891443974633 1.417120848043706
651 0.17404908502355332 0.8925525595063343
652 0.17404908502355332 1.1207711706307113
653 0.17333015864438464 0.4368862110051084
654 0.17332323115084697 1.344870358244096
655 0.17332323115084697 0.17438518801673308
656 0.17332323115084697 0.6834213563165786
657 0.17332323115084697 0.17439255215586752
658 0.17332323115084697 1.4002551322671615
659 0.17332262119238442 0.17438235333875818
660 0.17331776087235962 0.17438788012593276
661 0.17331776087235962 0.17437170182290387
662 0.17331776087235962 0.4287563533691423
663 0.17331776087235962 0.17439333543470625
664 0.17331776087235962 0.24024383379462055
665 0.17331776087235962 0.6373231121486601
666 0.17331776087235962 0.17437989707291218
667 0.17331776087235962 0.3278011514128986
668 0.17331776087235962 0.2407580950821362
669 0.17331776087235962 0.7316853288071715
670 0.17331774693678703 0.17436370767936105
671 0.17331774693678703 1.3359500681765828
672 0.17331774693678703 1.8950613436731663
673 0.17331774693678703 0.5917712283819475
674 0.17331774693678703 0.1743577434040181
675 0.17331774693678703 0.7690872530098729
676 0.17331774693678703 0.1743445443184492
677 0.17331774693678703 0.17433954302729268
678 0.17331774693678703 0.3255409346641999
679 0.17331774693678703 0.17435585113433877
680 0.17331774693678703 0.43636181551737285
681 0.17331774693678703 0.321129836136841
682 0.17331774693678703 0.8055050081114952
683 0.17331774693678703 0.17434687741690028
684 0.17331774693678703 0.8675472693352895
685 0.17331774693678703 0.17436914209055754
686 0.17331774693678703 0.6088494975905656
687 0.17331774693678703 1.1311001823021405
688 0.17331774693678703 0.6750923724346356
689 0.17331774693678703 0.4566377753802996
690 0.17331774693678703 0.5052707009819826
691 0.17331774693678703 0.5258693071759916
692 0.17331774693678703 0.3158408625715139
693 0.17331774693678703 0.6268138224665516
694 0.17331774693678703 0.9423549345159878
695 0.17331774693678703 0.47058041804223627
696 0.17331774693678703 0.1743697199843882
697 0.17331774693678703 0.45911575561539003
698 0.17331774693678703 0.34663969446958476
699 0.17331774693678703 0.17436949406163632
700 0.17331774693678703 0.7005046170162725
701 0.17331774693678703 1.3161129130392104
702 0.17331774693678703 1.1353630899138833
703 0.17331774693678703 0.1743581769290717
704 0.17331774693678703 0.43647226214722906
705 0.17331774693678703 0.1743415557782819
706 0.17331774693678703 0.17431971951708763
707 0.17331774693678703 0.17433525192116814
708 0.17331774693678703 0.17433013523858298
709 0.17331774693678703 0.24428702802282537
710 0.17331774693678703 1.0111405382491556
711 0.17331774693678703 0.3966507623662785
712 0.17331774693678703 2.0995410381134936
713 0.17331774693678703 1.3343670037439919
714 0.17331774693678703 0.17430823905532047
715 0.17331774693678703 1.556102294378512
716 0.17331774693678703 0.2561971828541886
717 0.17331774693678703 0.629674630593208
718 0.17331774693678703 0.17423923299596897
719 0.17331774693678703 0.17421245041659106
720 0.17331774693678703 0.6330709322816055
721 0.17331774693678703 1.2037520203692917
722 0.17331774693678703 0.1742246981653227
723 0.17331774693678703 1.1058411171281863
724 0.17331774693678703 0.17425678236353975
725 0.17331774693678703 0.3216746339908698
726 0.17331774693678703 0.1742422097717235
727 0.17331774693678703 0.832993665877195
728 0.17331774693678703 0.17426563745534054
729 0.17331774693678703 0.17425572372738285
730 0.17331774693678703 0.2819401260130252
731 0.17331774693678703 0.7121174096842771
732 0.17331774693678703 0.8283254708797326
733 0.17331774693678703 0.39787571330054605
734 0.17331774693678703 0.42486655957168823
735 0.17331774693678703 0.1742309114278036
736 0.17331774693678703 0.1742102162793618
737 0.17331774693678703 0.6212688686720348
738 0.17331774693678703 0.5187684333150967
739 0.17331774693678637 0.4251409645599912
740 0.17331774693678637 0.891866529197896
741 0.17331774693678637 0.4404199981851918
742 0.17331774693678637 1.7262710266844383
743 0.17331774693678637 0.5771232141443591
744 0.17331774693678637 0.8195502541617317
745 0.17331774693678637 0.836602870966385
746 0.17331774693678637 1.0697804010707255
747 0.17331774693678637 0.8171674896457877
748 0.17331774693678637 0.5018681014895041
749 0.17331774693678637 0.633351614774604
750 0.17331774693678637 1.7987866617672201
751 0.17331774693678637 0.72063926185074
752 0.17331774693678637 0.5823893447737816
753 0.17331774693678637 0.7800405121346331
754 0.17331774693678637 0.5238467447669185
755 0.17331774693678703 0.322138690925552
756 0.17331774693678703 0.49533642106091363
757 0.17331774693678703 0.5844297606920323
758 0.17331774693678703 0.6123955975911142
759 0.17331774693678703 0.37802964443008874
760 0.17331774693678703 0.5055362212940627
761 0.17331774693678703 0.17449378030336365
762 0.17331774693678703 0.2501603825699584
763 0.17331774693678703 0.6446397970581509
764 0.17331774693678703 0.31588469380851103
765 0.17331774693678703 1.1483008266117884
766 0.17331774693678703 0.1745959582801165
767 0.17331774693678703 0.8238415357057157
768 0.17331774693678703 0.9209865601793894
769 0.17331774693678703 0.3524836806917851
770 0.17331774693678703 1.0149304728388684
771 0.17331774693678703 0.4999574582322353
772 0.17331774693678703 0.1745164830003798
773 0.17331774693678703 0.1747935306471039
774 0.17331774693678703 0.5686679838496053
775 0.17331774693678703 0.17461431501861568
776 0.17331774693678703 0.17463955349852234
777 0.17331774693678703 0.5767563987421189
778 0.17331774693678703 0.37515166399711114
779 0.17331774693678703 0.9043822471656874
780 0.17331774693678703 0.1746348764494568
781 0.17331774693678703 0.8781298483101102
782 0.17331774693678703 0.2072849205616218
783 0.17331774693678637 0.42000079726731715
784 0.17331774693678637 0.8255162919742197
785 0.1732287637400597 0.7315856881124867
786 0.17322183624652202 0.7308585304522255
787 0.17322183624652202 0.5513430144247171
788 0.17322183624652202 0.17485337281148547
789 0.17306478050756952 0.8285182738598234
790 0.17306478050756952 0.17423669774892453
791 0.17306478050756952 0.17414001855975314
792 0.17306478050756952 0.1741555847660014
793 0.17306478050756952 0.33793664519416344
794 0.17306478050756952 0.24164244640113977
795 0.17306478050756952 1.0035333473802102
796 0.17306478050756952 0.298149371614557
797 0.17306478050756952 0.5756025405210718
798 0.17306478050756952 0.6649536499576905
799 0.17306478050756952 0.17407439496368174
800 0.17306478050756952 0.8657464777057758
801 0.17306478050756952 0.4761915808046575
802 0.17306478050756952 0.583644339716325
803 0.17306478050756952 0.17417238681482863
804 0.17306478050756952 0.7555412300571882
805 0.17306478050756952 0.17418961171029396
806 0.17306478050756952 0.2766252822970152
807 0.17306478050756952 0.17420923120520662
808 0.17306478050756952 0.1742183572651564
809 0.17306478050756952 0.17422170323243535
810 0.17306478050756952 0.5102469446043418
811 0.17306478050756952 0.8805422808107977
812 0.17306478050756952 1.5608418344442379
813 0.17306478050756952 1.243160826644684
814 0.17306478050756952 0.6319932706830239
815 0.17306478050756952 0.43982788413522583
816 0.17306478050756952 0.27628842080802385
817 0.17306478050756952 0.8741544937393736
818 0.17306478050756952 3.297856946495919
819 0.17306478050756952 0.17416160873870304
820 0.17306478050756952 0.6489674740144719
821 0.17306478050756952 0.5587401857001756
822 0.17306478050756882 0.8353219894974906
823 0.17306478050756882 0.4861267336610797
824 0.17306478050756882 0.9996440588281466
825 0.17306478050756882 1.249612452054049
826 0.17306478050756882 1.0874119940312459
827 0.17306478050756882 0.22675429721386212
828 0.17306478050756882 0.4343418948742003
829 0.17306478050756882 1.9841106684224308
830 0.17306478050756882 1.005051969681073
831 0.17306478050756882 0.23971301308631202
832 0.17306478050756882 0.17414283825162305
833 0.17306478050756882 0.3878765062363556
834 0.17306478050756882 1.2712799966943724
835 0.17306478050756882 0.8522051725574475
836 0.17306478050756882 0.44444054802012184
837 0.17306478050756882 1.1105915330174096
838 0.17306478050756882 1.041074997221351
839 0.17306478050756882 0.38307888139323554
840 0.17306478050756882 0.6128999047853146
841 0.17306478050756882 1.662143072723808
842 0.17306478050756882 0.7145515836192371
843 0.17306478050756882 0.17416760707901088
844 0.17306478050756882 0.7002435172004385
845 0.17306478050756882 0.45275945344538654
846 0.17306478050756882 0.8582151168730935
847 0.17306478050756882 1.1886464007515378
848 0.17306478050756882 0.36164794725181065
849 0.17306478050756882 0.17418177187758752
850 0.17306478050756882 0.47171108323581346
851 0.17306478050756882 1.0067604571584292
852 0.17306478050756882 0.7489010341624962
853 0.17306478050756882 1.6503735632160934
854 0.17306478050756882 0.6479507792173993
855 0.17306478050756882 0.3217009855705252
856 0.17306478050756882 1.2278971905508267
857 0.17306478050756882 1.7661397379419352
858 0.17306478050756882 1.621156210740043
859 0.17306478050756882 0.632080985995786
860 0.17306478050756882 0.8556590645846548
861 0.17306478050756882 0.17432148770098313
862 0.17306478050756882 0.6407647584057119
863 0.17306478050756882 1.2368796773541744
864 0.17306478050756882 0.5100650013593746
865 0.17306478050756882 0.6255387520506632
866 0.17306478050756882 0.929802420066746
867 0.17306478050756882 0.9714228313268282
868 0.17306478050756882 0.5191125195452961
869 0.17306478050756882 0.1743496497596521
870 0.17306478050756882 0.31080838728420773
871 0.17306478050756882 0.6463263373165179
872 0.17306478050756882 0.8049066589779587
873 0.17306478050756882 1.0401570943825726
874 0.17306478050756882 0.1743342789367477
875 0.17306478050756882 0.5151711914837382
876 0.17306478050756882 0.2759021983722045
877 0.17306478050756882 1.6949962861052026
878 0.17306478050756882 0.8099692135221326
879 0.17306478050756882 0.6259421567473796
880 0.17306478050756882 0.6295454697359296
881 0.17306478050756882 0.6450424688754162
882 0.17306478050756882 0.48237558070523656
883 0.17306478050756882 0.2527789660244876
884 0.17306478050756882 0.915335409910228
885 0.17306478050756882 0.8820132176374129
886 0.17306478050756882 0.41295641737889865
887 0.17306478050756882 0.2761377967137761
888 0.17306478050756882 0.2461930313784492
889 0.17306478050756882 0.8915683887562339
890 0.17306478050756882 0.6387562717501849
891 0.17306478050756882 0.8178888935880332
892 0.17306478050756882 0.5254811624912495
893 0.17306478050756882 1.8602385122880012
894 0.17306478050756882 0.7502012301815242
895 0.17306478050756882 0.5955290348470631
896 0.17306478050756882 1.4287953075975262
897 0.17306478050756882 2.3606063965666357
898 0.17306478050756882 0.2581373709118202
899 0.17306478050756882 0.7301239938895854
900 0.17306478050756882 0.8642364062468101
901 0.17306478050756882 1.1374296137653472
902 0.17306478050756882 2.227447770496554
903 0.17306478050756882 0.3933140800523911
904 0.17306478050756882 1.5855368626161528
905 0.17306478050756882 1.0644938303236777
906 0.17306478050756882 0.33950202547633007
907 0.17306478050756882 0.6609182134435215
908 0.17306478050756882 0.6135842145469845
909 0.17306478050756882 0.9295915474500963
910 0.17306478050756882 1.0894709072985216
911 0.17306478050756882 1.2958570134922818
912 0.17306478050756882 0.17436592073489418
913 0.17306478050756882 0.624588476046276
914 0.17306478050756882 0.71294373642875
915 0.17306478050756882 1.093798437218934
916 0.17306478050756882 0.6304825212363346
917 0.17306478050756882 0.7246994963846396
918 0.17306478050756882 0.3384102130729188
919 0.17306478050756882 1.1497698298328254
920 0.17306478050756882 1.2799497726293205
921 0.17306478050756882 0.27645235509154736
922 0.17306478050756882 0.5863282887446725
923 0.17306478050756882 1.0851902111721454
924 0.17306478050756882 0.5658338358134705
925 0.17306478050756882 0.4561877104468495
926 0.17306478050756882 0.40786930253940956
927 0.17306478050756882 0.7199916482895332
928 0.17306478050756882 0.5495071653346891
929 0.17306478050756882 0.7977940891957254
930 0.17306478050756882 1.490830311664054
931 0.17306478050756882 0.1743646751531503
932 0.17306478050756882 2.2552739618612314
933 0.17306478050756882 1.0440660182657948
934 0.17306478050756882 0.17436466552794927
935 0.17306478050756882 0.8581164433431471
936 0.17306478050756882 0.7642873974836164
937 0.17306478050756882 0.3262874997930944
938 0.17306478050756882 1.3111292663047283
939 0.17306478050756882 0.5014259236642663
940 0.17306478050756882 1.884071286566951
941 0.17306478050756882 0.39109933455779045
942 0.17306478050756882 0.5205897813547714
943 0.17306478050756882 1.0281309972782742
944 0.17306478050756882 1.1607308371864316
945 0.17306478050756882 0.661980491493659
946 0.17306478050756882 0.8519128727487426
947 0.17306478050756882 0.4286661787574295
948 0.17306478050756882 0.7453983642540688
949 0.17306478050756882 1.063797393189142
950 0.17306478050756882 0.17433053671670737
951 0.17306478050756882 0.2576601165387452
952 0.17306478050756882 2.3730748349045867
953 0.17306478050756882 1.6310897476023114
954 0.17306478050756882 0.42559768782127444
955 0.17306478050756882 0.6966388780251365
956 0.17306478050756882 0.420602695968518
957 0.17306478050756882 0.174316638000902
958 0.17306478050756882 0.48093914207003685
959 0.17306478050756882 0.8625921704848736
960 0.17306478050756882 0.9294984791382522
961 0.17306478050756882 0.17433561529569386
962 0.17306478050756882 1.4799896752703843
963 0.17306478050756882 0.42371453306626394
964 0.17306478050756882 1.185952622234992
965 0.17306478050756882 0.1743330727978001
966 0.17306478050756882 0.5321127662847989
967 0.17306478050756882 0.3666473041528511
968 0.17306478050756882 0.30644670600350954
969 0.17306478050756882 1.4180798566772654
970 0.17306478050756882 0.7031297672015119
971 0.17306478050756882 1.0414990640790178
972 0.17306478050756882 0.24091159880653465
973 0.17306478050756882 1.0431428892465313
974 0.17306478050756882 1.2379546634038165
975 0.17306478050756882 0.7108167459539326
976 0.17306478050756882 0.4470268711311528
977 0.17306478050756882 0.5163079933073782
978 0.17306478050756882 1.7352223178560704
979 0.17306478050756882 1.4414239757126297
980 0.17306478050756882 0.817293040573033
981 0.17306478050756882 0.721641623482959
982 0.17306478050756882 0.5935349703550444
983 0.17306478050756882 0.5064451860871901
984 0.17306478050756882 1.6973944969623427
985 0.17306478050756882 0.5606411694834111
986 0.17306478050756882 0.48103404089795665
987 0.17306478050756882 1.2186632003621127
988 0.17306478050756882 1.058978038486319
989 0.17306478050756882 0.23990281373586061
990 0.17306478050756882 0.17436092076171672
991 0.17306478050756882 0.3756141774769468
992 0.17306478050756882 0.2675188198968953
993 0.17306478050756882 1.9625010216332377
994 0.17306478050756882 0.1743609207617167
995 0.17306478050756882 0.7559553618304815
996 0.17306478050756882 0.24145841058761325
997 0.17306478050756882 0.831788837070876
998 0.17306478050756882 0.5509070205731177
999 0.17306478050756882 0.7859764763501331
