# iteración mejor promedio
0 28.286844090579493 87.3739732032442
1 22.17337030974575 82.16747979656002
2 17.505840916273637 73.41968852407965
3 17.505840916273637 63.364723503051174
4 15.208026202133007 56.89060811723795
5 10.921140668771558 52.125541252364044
6 10.921140668771558 46.66973074722451
7 9.896180458395733 40.68195967569173
8 5.8817082260555145 35.364347211063
9 3.9247668416131116 29.60988253618055
10 3.4303986674449467 24.94673324437983
11 3.4303986674449467 22.046878918594448
12 2.1678463194262068 16.695470675922184
13 2.1678463194262068 12.98694339230434
14 1.684183896870586 8.20445565619662
15 0.960744845593443 5.964692707743161
16 0.956587159308574 5.481116987635414
17 0.956587159308574 4.3581273472882875
18 0.889128761534645 5.040250366209214
19 0.8382894124129108 3.8057552661884095
20 0.8234743307855035 3.0264173240989862
21 0.8234743307855035 2.56920146114941
22 0.8186352537710208 1.8299004013864077
23 0.7964374368875459 2.1521298710488623
24 0.7684695277932573 1.784021647612719
25 0.7684695277932573 1.4729547173406679
26 0.7674065267980976 2.1172383419682195
27 0.7607331062742541 1.0286693742263906
28 0.758315457950409 1.356692899427168
29 0.758315457950409 1.246698315978368
30 0.758315457950409 1.3831883158495537
31 0.7551655726298001 1.4455955338509017
32 0.7521390424109466 2.128938530697657
33 0.7521390424109466 1.4890980065751447
34 0.7521390424109466 2.0429973144800386
35 0.7521390424109466 1.8173327210928816
36 0.7514502198488127 1.5863157409155597
37 0.7514502198488127 1.8570146946378217
38 0.7514502198488127 1.526580019588452
39 0.7485845884279003 1.113483841702858
40 0.7473417537440842 1.1419260265657372
41 0.7473417537440842 2.4789984623434136
42 0.7473417537440842 1.990102395396307
43 0.7473417537440842 1.1249092911864067
44 0.7473417537440842 1.5612628947874108
45 0.7473417537440842 0.910542022789854
46 0.7473343971803461 1.2702472990501026
47 0.7472495589760393 1.0961829825997826
48 0.7470151461106816 0.8869876868001605
49 0.7470151461106816 1.130562973146539
50 0.7383205298670247 1.294216949446997
51 0.7383205298670247 1.2181576936255323
52 0.7383205298670247 0.9178530410042071
53 0.7383205298670247 1.2825859027644981
54 0.7383205298670247 1.0491669618955057
55 0.7383205298670247 0.7979724823119098
56 0.7380026566547474 1.1068231656473428
57 0.7380026566547474 1.2076679867415268
58 0.7380026566547474 1.600904193509521
59 0.7380026566547474 1.6438066443057415
60 0.7380026566547474 1.1011294278588504
61 0.7380026566547474 1.2758408095365312
62 0.7380026566547474 1.0374848434907042
63 0.7373447797541335 0.7999889218411802
64 0.7373447797541335 2.044355737696048
65 0.7351687683939597 1.4261904640677185
66 0.7351687683939597 0.9197198493893086
67 0.7351687683939597 1.2737538302346123
68 0.7351687683939597 0.7863264853527616
69 0.7351687683939597 1.5115404391312035
70 0.7351687683939597 1.2210749866668422
71 0.7351687683939597 1.554235232889615
72 0.7351687683939597 1.5756769700766355
73 0.7351687683939597 1.6420687186896317
74 0.7348382102224217 0.9375636495246465
75 0.7348382102224217 1.3215125406156207
76 0.7348382102224217 2.2200991207914247
77 0.7348382102224217 1.5427484165459198
78 0.7348382102224217 1.0750110400324628
79 0.7348382102224217 0.7870417132394277
80 0.7348382102224217 1.2796082973504757
81 0.7348382102224217 0.7551705456628587
82 0.7348382102224217 0.7688803634739021
83 0.7347901225072307 0.8521165121455957
84 0.7347901225072307 0.8031544862836669
85 0.7347901225072307 0.9084021973732532
86 0.7347790745187931 0.8204516326047343
87 0.7347790745187931 0.7520595278079809
88 0.7347790745187931 1.1299146325939877
89 0.7347790745187931 2.082579966089771
90 0.7347790745187931 0.9024096849933635
91 0.7347790745187931 0.7534177262330701
92 0.7347790745187931 0.7534745832760302
93 0.7347790745187931 0.7547221006986544
94 0.7347790745187931 1.3489858586135852
95 0.7347790745187931 1.2473513916147907
96 0.7346221101418839 1.0179843741115935
97 0.7346221101418839 1.2083009721388582
98 0.7206867214288153 1.6690535218140234
99 0.7206867214288153 1.1163457501907899
100 0.5668732054492891 1.1647912494980026
101 0.5668732054492891 0.9561627062540488
102 0.5352460355292421 0.9821344438169962
103 0.5352460355292421 0.7510319628009187
104 0.5345565332473369 0.9360146094896779
105 0.5345565332473369 1.321265904168723
106 0.5345119830456585 1.3827867127983198
107 0.5345119830456585 1.1791565984473615
108 0.5345119830456585 1.8445172093050417
109 0.5345119830456585 0.8883200000928134
110 0.5345119830456585 0.7590360418912532
111 0.5345119830456585 0.7449812204231049
112 0.5344281170531762 1.3227869528622245
113 0.5344281170531762 0.957624848291687
114 0.5344281170531762 1.5071667521005012
115 0.5344281170531762 1.097311297201772
116 0.5342364207828552 1.0159041524112373
117 0.5340208492884798 0.8142781768457072
118 0.5330235215209517 0.8130213819697668
119 0.5329882454607153 0.6185917740513441
120 0.5329882454607153 1.3477402538490133
121 0.5329882454607153 1.0986253583503844
122 0.5329882454607153 0.5713367948500994
123 0.5329882454607153 1.0749308087710996
124 0.532967076932555 0.6335513686591587
125 0.532967076932555 0.5551992858994452
126 0.5329629472823773 0.6313549160377214
127 0.5329629472823773 1.280132421323367
128 0.5329629472823773 1.465659985499471
129 0.5329629472823773 1.9392861554135907
130 0.5329629472823773 2.64474761806449
131 0.5328819244924113 0.5534894514244836
132 0.5328819244924113 1.0656640300864704
133 0.5328819244924113 1.3507600711128864
134 0.5328819244924113 0.6995907254729348
135 0.5328819244924113 1.4640169302487391
136 0.5328819244924113 0.6323832092398441
137 0.5328819244924113 0.7545306951166292
138 0.5327322435681481 0.5496559861004564
139 0.5327322435681481 0.5492267956409949
140 0.5327322435681481 0.5493933616181232
141 0.5327322435681481 0.5493102400266762
142 0.5327322435681481 0.5504956586960394
143 0.5327322435681481 0.5488641642941108
144 0.5327322435681481 0.6854497302724823
145 0.5327322435681481 1.2527040324853693
146 0.5327322435681481 1.4377007183926327
147 0.5327322435681481 0.6921294525291288
148 0.5327322435681481 0.5438096786538302
149 0.5327322435681481 0.9448522070201487
150 0.5327322435681481 1.1778035965887697
151 0.5327100006299906 0.686670547949655
152 0.5327100006299906 0.5431986072102982
153 0.5327058569250309 0.5425826999061151
154 0.5327058569250309 1.3683815564530573
155 0.5323407854423384 0.5407913037336416
156 0.5323407854423384 0.7702822858243314
157 0.5323407854423384 0.6462185846679241
158 0.5323299262695845 1.0607567844953694
159 0.5323299262695845 1.061810237246088
160 0.5323299262695845 0.6511369737655017
161 0.5323299262695845 0.6336715069423584
162 0.5323299262695845 0.5415213380484091
163 0.5323299262695845 0.5406666267431076
164 0.5323299262695845 0.8000755217497587
165 0.5323299262695845 1.3474927799611667
166 0.5323299262695845 0.8808697307444211
167 0.5323299262695845 0.7743385457507146
168 0.5323299262695845 0.8205743718552696
169 0.5323299262695845 1.6876528000480995
170 0.5323299262695845 1.0761804196255995
171 0.5323299262695845 0.5383147143753884
172 0.5323299262695845 1.188424811851761
173 0.5323268588700506 0.8256337238415474
174 0.5323268588700506 0.5368710963977129
175 0.5323268588700506 1.1117101699319063
176 0.5323268588700506 1.0460793285338656
177 0.5323268588700506 0.7455300432769435
178 0.5323268588700506 0.6598357926319061
179 0.5323268588700506 0.5364877959387209
180 0.532320548547141 0.5364249121330844
181 0.5322546246103336 0.6850417630535632
182 0.5322145414570457 0.5361555941867372
183 0.5322145414570457 0.6031520182067492
184 0.5322145414570457 0.5360724791423268
185 0.5322145414570457 1.1650540928387416
186 0.5322145414570457 0.9063279624324936
187 0.5322145414570457 0.536196315243125
188 0.5322145414570457 1.1111429635584733
189 0.5322073121969686 0.6797250323433041
190 0.5322073121969686 0.9161971506033133
191 0.5322073121969686 0.5989351046325718
192 0.5322073121969686 0.5361287314871154
193 0.5322073121969686 0.8088763248425614
194 0.5322073121969686 0.6731745211097911
195 0.5322073121969686 0.7509574162391783
196 0.5322073121969686 0.5362683992390441
197 0.5322073121969686 0.6203587616702614
198 0.5322073121969686 1.1218448784608217
199 0.5322073121969686 1.1993637611684163
200 0.5322073121969686 0.7917667532315411
201 0.5322073121969686 1.027028555345443
202 0.5322073121969686 0.7014991768059576
203 0.5322072690551061 0.536065022865037
204 0.5322072690551061 0.9452255613831031
205 0.5322072690551061 0.7975837185648664
206 0.532166277180892 0.5362227915437704
207 0.532166277180892 0.7952926676856622
208 0.5321652795774767 1.4536363473709444
209 0.5321652795774767 1.5505704372740996
210 0.5321652795774767 0.5381795185971044
211 0.5321652795774767 0.867183795284959
212 0.5321652795774767 0.6786260215134932
213 0.5321652795774767 0.9292420441013253
214 0.5321652795774767 0.8007036709046121
215 0.5321652795774767 0.9938609040190742
216 0.5321652795774767 0.7358428101030454
217 0.5321652795774767 0.7833421431983939
218 0.5321652795774767 1.5258937540210236
219 0.5321652795774767 2.2358628143480646
220 0.5321652795774767 0.8745418808220746
221 0.5321652795774767 1.6467509293860711
222 0.5321652795774767 0.840966412148624
223 0.5321652795774767 1.0091936482789645
224 0.5321652795774767 1.38400743422372
225 0.5321652795774767 0.5350962694787764
226 0.5321652795774767 1.261491416283495
227 0.5321652795774767 1.4486049996629722
228 0.5321652795774767 0.53500527152125
229 0.5321652795774767 0.5349549100475766
230 0.5321651499015497 0.5349760210780886
231 0.5321651499015497 0.6156197071737687
232 0.5321651499015497 0.535026315363169
233 0.5321651499015497 1.0503454018260958
234 0.5321651499015497 1.469149877306974
235 0.5321651499015497 0.738475853172965
236 0.5321651499015497 0.9276936547961437
237 0.5321651499015497 0.5351638745020315
238 0.5321651499015497 1.0108297929392676
239 0.5321651499015497 0.8123183140818913
240 0.5321619116034971 0.9301419601598253
241 0.5321619116034971 0.6022577698755609
242 0.5321619116034971 0.82483781364475
243 0.5321619116034971 0.6794741883038786
244 0.5321619116034971 1.0640954191140728
245 0.5321619116034971 1.8710318432575428
246 0.5321619116034971 0.5355627253254223
247 0.5321619116034971 0.6826478383393314
248 0.5321619116034971 0.5356669676139487
249 0.5321619116034971 1.0272816360443289
250 0.5321619116034971 1.9555384799932818
251 0.5321619116034971 0.9164593986205641
252 0.5321619116034971 1.8619077988669042
253 0.5321619116034971 1.242294294217477
254 0.5321619116034971 1.873763792634402
255 0.5321619116034971 0.6131411698981386
256 0.5321619116034971 0.5715755201349023
257 0.5321619116034971 1.0034949834378306
258 0.5321619116034971 1.38879084713867
259 0.5321619116034971 0.5367607067458711
260 0.5321619116034971 1.7601540530835234
261 0.5321619116034971 0.5860948796246929
262 0.5321619116034971 0.5356520755698136
263 0.5321619116034971 0.5356030499193
264 0.5321619116034971 0.667651552864002
265 0.5321619116034971 1.1082232553396805
266 0.5321619116034971 1.2079751291239782
267 0.5321619116034971 2.224441609492644
268 0.5321619116034971 0.6815477274488907
269 0.5321619116034971 1.285503410794679
270 0.5321619116034971 0.6499270072557586
271 0.5321619116034971 0.5367333498315378
272 0.5321619116034971 0.5993789297102006
273 0.5321619116034971 0.9012518199672513
274 0.5321619116034971 1.227217661917693
275 0.5321619116034971 0.5350477416971572
276 0.5321619116034971 1.1590768245386174
277 0.5321619116034971 1.1845283653255574
278 0.5321619116034971 0.6733099546309701
279 0.5321619116034971 0.5352616964650778
280 0.5321619116034971 1.002593059067339
281 0.5321619116034971 0.6723529490659798
282 0.5321619116034971 0.6109830454592567
283 0.5321619116034971 0.5355164358717773
284 0.5321619116034971 0.5355414572560272
285 0.5321619116034971 0.5355849937118553
286 0.5321619116034971 1.5040923952388587
287 0.5321619116034971 1.462826529064585
288 0.5321619116034971 0.6378729187862114
289 0.5321619116034971 0.5356850520914732
290 0.5321619116034971 1.1143484816760285
291 0.5321619116034971 0.5839685783771315
292 0.5321619116034971 1.6419849150682533
293 0.5321619116034971 0.5382384974944866
294 0.5321619116034971 0.5355354361872656
295 0.5321619116034971 3.2403614614961502
296 0.5321619116034971 0.7362690672123928
297 0.5321619116034971 0.5355298762690718
298 0.5321619116034971 1.1328733899280443
299 0.5321619116034971 0.886389155867183
300 0.5321619116034971 0.6720870864093322
301 0.5321619116034971 0.5352186629392971
302 0.5321619116034971 0.5352314256185822
303 0.5321619116034971 0.8379781790734895
304 0.5321619116034971 0.8862000407896921
305 0.5321619116034971 0.8088535723451854
306 0.5321619116034971 1.433339282837681
307 0.5321619116034971 0.7761169488569998
308 0.5321619116034971 1.3908441285919355
309 0.5321619116034971 2.382270786173165
310 0.5321619116034971 1.0713336858339586
311 0.5321619116034971 0.5351080941444178
312 0.5321619116034971 0.6048318717079393
313 0.5321619116034971 1.109655331251119
314 0.5321619116034971 0.6002838224072453
315 0.5321619116034971 1.90413495416193
316 0.5321619116034971 0.7294940132867331
317 0.5321619116034971 0.6875687807733765
318 0.5321619116034971 0.5350006079427806
319 0.5321619116034971 1.2850510970626197
320 0.5321619116034971 0.5766872078275145
321 0.5321619116034971 0.9335698426254893
322 0.5321619116034971 0.6104608689121219
323 0.5321619116034971 0.5346293873882637
324 0.5321619116034971 1.4766328517869953
325 0.5321619116034971 0.6591671297540901
326 0.5321619116034971 0.6820042464912127
327 0.5321619116034971 0.9252725355100873
328 0.5321619116034971 1.5941382061778973
329 0.5321619116034971 0.5342570310479837
330 0.5321619116034971 1.804052096429469
331 0.5321619116034971 0.7498361179411543
332 0.5321619116034971 0.8657794397732433
333 0.5321619116034971 1.2971881697943872
334 0.5321619116034971 1.1323231721804923
335 0.5321619116034971 1.6772081189482408
336 0.5321619116034971 0.5348731827094522
337 0.5321603341896627 0.5352696107539154
338 0.5321603341896627 0.8325120860442453
339 0.5321603341896627 0.7639575958798546
340 0.5321603341896627 0.534356674381904
341 0.5321603341896627 0.9682659039550601
342 0.5321603341896627 0.692175032823598
343 0.5321603341896627 1.050247010706012
344 0.5321603341896627 0.5342897193414708
345 0.5321603341896627 0.9494733152460226
346 0.5321603341896627 0.7357988522733518
347 0.5321603341896627 1.374942963840865
348 0.5321603341896627 1.653701306832008
349 0.5321603341896627 0.683318660362638
350 0.5321603341896627 0.8810222662446071
351 0.5321603341896627 0.6948807832091206
352 0.5321603341896627 1.1750482081888638
353 0.5321603341896627 0.7558006423498037
354 0.5321603341896627 1.05362577007384
355 0.5321603341896627 0.5342182434669392
356 0.5321603341896627 0.5341855421104323
357 0.5321603341896627 0.5341816058088734
358 0.5321603341896627 0.53416542715227
359 0.5321603341896627 0.534240297257892
360 0.5321603341896627 0.8660247428212822
361 0.5321603341896627 0.719053461642086
362 0.5321603341896627 1.7668136200109286
363 0.5321603341896627 1.4566290201261498
364 0.5321603341896627 1.2825817412477556
365 0.5321603341896627 0.5342706720350298
366 0.5321603341896627 0.9265669109848383
367 0.5321603341896627 0.7678899051500262
368 0.5321603341896627 1.0896273303179504
369 0.5321603341896627 1.272629244350477
370 0.5321603341896627 1.139473400337404
371 0.5321603341896627 1.242114468173716
372 0.5321603341896627 0.5339274581219043
373 0.5321603341896627 1.050359489979858
374 0.5321603341896627 1.1947958299899393
375 0.5321603341896627 1.567675829995402
376 0.5321603341896627 0.5846861597400136
377 0.5321603341896627 0.8470133445514996
378 0.5321603341896627 0.6163415388480253
379 0.5321567850890019 0.5338183533887455
380 0.5321567850890019 0.5338329484868684
381 0.5321567850890019 0.5338950608644468
382 0.5321567850890019 1.6452408114339656
383 0.5321567850890019 0.6770533900046622
384 0.5321567850890019 0.8578620637621688
385 0.5321567850890019 0.6276648275347358
386 0.5321567850890019 1.329778328623852
387 0.5321567850890019 1.5431230816400148
388 0.5321565026105346 0.7457761653185847
389 0.5321565026105346 1.2582815744786489
390 0.5321565026105346 1.0924945805942767
391 0.5321565026105346 0.5339171102912045
392 0.5321565026105346 0.8543913265729418
393 0.5321559105334739 0.8091002478794578
394 0.5321559105334739 0.8893070544343938
395 0.5321559105334739 1.4130650275626697
396 0.5321559105334739 1.3830305361521826
397 0.5321559105334739 1.2153588402140465
398 0.5321559105334739 1.155345150386339
399 0.5321559105334739 1.3763787653533097
400 0.5321559105334739 0.5336669340090129
401 0.5321559105334739 0.6029236973409049
402 0.5321559105334739 0.5336408856362442
403 0.5321559105334739 0.741470642977561
404 0.5321559105334739 0.6477013267154684
405 0.5321559105334739 0.5995628285587459
406 0.5321559105334739 1.4892805638663213
407 0.5321559105334739 0.5335891986892264
408 0.5321559105334739 0.5994847072607323
409 0.5321559105334739 1.2652354024572379
410 0.5321557767686663 0.6003323871283238
411 0.5321557767686663 0.5335406833484737
412 0.5321557767686663 0.5334085391665575
413 0.5321557767686663 0.5333781505802085
414 0.5321557767686663 0.7949442481162678
415 0.5321557767686663 0.8606903403322036
416 0.5321557767686663 0.533177936995326
417 0.5321557767686663 0.7435144928355354
418 0.5321557767686663 0.7526167939044603
419 0.5321557767686663 1.7629159946280284
420 0.5321557767686663 0.5328438534560389
421 0.5321557767686663 1.05707516058983
422 0.5321557767686663 0.8603225591318993
423 0.5321557767686663 1.0014879750121732
424 0.5321557767686663 0.804476332326763
425 0.5321557767686663 1.3578215651610617
426 0.5321557767686663 1.0311650838370128
427 0.5321557767686663 0.5718113073717896
428 0.5321557767686663 0.5398730504600335
429 0.5321557767686663 0.8179918233857628
430 0.5321557767686663 1.4915113139656828
431 0.5321557767686663 1.5802019576997848
432 0.5321557767686663 0.9423290323488316
433 0.5321557767686663 0.7358553175204294
434 0.5321557767686663 0.7530987964822436
435 0.5321557767686663 1.0221916257935177
436 0.5321557767686663 1.7175143580445174
437 0.5321557767686663 1.066140647022793
438 0.5321557767686663 0.9588896313482002
439 0.5321557767686663 0.7765036094927861
440 0.5321557767686663 1.1203502108886603
441 0.5321557767686663 0.5664242328659487
442 0.5321557767686663 0.7103590659711864
443 0.5321557767686663 1.3801069332797604
444 0.5321557767686663 0.7624072001697937
445 0.5321557767686663 0.8624050429767075
446 0.5321557767686663 1.0545857730759485
447 0.5321557767686663 0.5988200445057617
448 0.5321557767686663 0.6805560797880283
449 0.5321557767686663 0.5331245429025786
450 0.5321557767686663 0.9909030570618219
451 0.5321557767686663 1.1801512721875926
452 0.5321557767686663 1.100328083481884
453 0.5321557767686663 0.8984100642219579
454 0.5321557767686663 0.8623210877768916
455 0.5321557767686663 0.5330120256414825
456 0.5321557767686663 0.5329965852865676
457 0.5321557767686663 0.7457605282152001
458 0.5321557767686663 1.2497922682356206
459 0.5321557767686663 1.2229641007019656
460 0.5321557767686663 0.9929095262805968
461 0.5321557767686663 0.6143811383900945
462 0.5318570319954001 0.9254584976701185
463 0.5318570319954001 1.2013142829332415
464 0.5318570319954001 0.6014077759396806
465 0.5303908854709013 1.5621125454299962
466 0.5254816401781206 1.1574822422926911
467 0.5254673274271552 1.5904837481379783
468 0.5187710579405999 0.6893919473335095
469 0.5187674376361965 1.3396705445873187
470 0.5187674376361965 1.41552083573552
471 0.5187674376361965 1.1333301357661483
472 0.4999361286722745 1.5043618972311465
473 0.4999361286722745 3.229847415100768
474 0.4999361286722745 0.9790786661336058
475 0.4999361286722745 0.9349654940744075
476 0.4999361286722745 1.2329304679055544
477 0.4999361286722745 1.5332988115598567
478 0.4999361286722745 1.3811668249410558
479 0.4999361286722745 1.7278090432800466
480 0.4999361286722745 1.1305416944484992
481 0.4999361286722745 0.9505670979782265
482 0.19109239619904622 1.482661422259567
483 0.19109186786322302 1.5307210603203774
484 0.19109186786322302 0.9828541910718432
485 0.19109186786322302 0.4829623307388529
486 0.1872427396769363 0.43881719070321895
487 0.1872427396769363 0.7928037270410688
488 0.1872416948904619 0.6562081117826254
489 0.18124678913498707 0.8143526525725978
490 0.18124678913498707 1.6927946802003868
491 0.18123255661191168 0.9348796305062258
492 0.15612039246636536 0.8804509479841427
493 0.15612039246636536 1.3441840127358917
494 0.1556426151389341 0.278324616108993
495 0.1556426151389341 0.6880532439805437
496 0.15428212330978133 0.4698509159116668
497 0.15428212330978133 0.32657117858440343
498 0.15428212330978133 0.1986136153684691
499 0.15427809422460814 0.7937834957727311
500 0.14929239380294096 0.6951072469471876
501 0.14929239380294096 0.6268537157408071
502 0.14929239380294096 0.44237552161483434
503 0.14929239380294096 0.44288994365257717
504 0.14919825223898112 0.1811379101609053
505 0.14807364721530883 0.931400283765815
506 0.14807364721530883 1.0685386626926827
507 0.14807364721530883 0.2720370847834594
508 0.14807192368657868 0.7660825383290393
509 0.14335883852962056 0.7486528226222314
510 0.14335883852962056 1.263475217062743
511 0.14306055423821767 0.4292421555114882
512 0.14305652734649651 0.3526526800325571
513 0.1430523007552782 0.741310610361049
514 0.1430523007552782 1.162129728804631
515 0.13719681917574503 0.7461074402226089
516 0.12703160913602982 0.9627431051474763
517 0.12703160913602982 0.7709007196735151
518 0.12703160913602982 0.17842345377012817
519 0.1270260661875249 0.38742255646402113
520 0.1270260661875249 2.1291053303366665
521 0.12492299167119345 0.9814370994192274
522 0.12492299167119345 0.4225024791010277
523 0.12491966977162566 1.5985395440296426
524 0.1203034897373798 0.6794276722377375
525 0.1203034897373798 0.6476558643508729
526 0.1203034897373798 0.7296008640186322
527 0.1187277902884606 0.21642050222187093
528 0.11872692881019796 0.15067312068950042
529 0.11871183480885995 0.152121432056803
530 0.11871183480885995 0.9125862301380616
531 0.11871183480885995 1.3965119171773788
532 0.11863737529211557 0.28902264962112406
533 0.11863737529211557 0.13984858657452787
534 0.11863737529211557 0.3950868054602184
535 0.11848835702876684 0.5457497305137106
536 0.11848835702876745 0.39448538901100966
537 0.11843833347299998 0.46158039954756225
538 0.11843833347299998 1.1550035976217203
539 0.11843833347299998 0.3749825268764409
540 0.11843833347299998 0.6609489986907456
541 0.1179234079144685 0.38470551940517306
542 0.1179234079144685 0.9598257360597234
543 0.1178727557678181 0.28990069156433657
544 0.1178727557678181 0.12875895013019276
545 0.11785171383998365 0.20614388701956832
546 0.11785171383998365 0.26455888063828875
547 0.11785171383998365 0.141272059984764
548 0.11785171383998365 0.7079964070977914
549 0.11785171383998365 0.2582918724096852
550 0.117850852361721 0.6775263880326426
551 0.11777298202715758 1.2122846810473973
552 0.11777298202715758 0.34462389296315976
553 0.11777298202715758 0.5810371762961655
554 0.1177689529419844 0.6922009491700492
555 0.1177689529419844 0.3742654849586796
556 0.1177689529419844 0.12356517063696647
557 0.1177689529419844 0.9039276991258093
558 0.1177689529419844 1.3476359959907926
559 0.1177689529419844 0.7738167271302977
560 0.1177689529419844 0.27162882901229685
561 0.1177689529419844 0.18779328657311858
562 0.1177689529419844 0.5219373602913252
563 0.1177689529419844 0.9528067916020408
564 0.1177689529419844 0.2684903500895823
565 0.1177689393521189 0.12078898866264769
566 0.1177689393521189 0.6333012070155174
567 0.1177689393521189 0.11994927631676756
568 0.1177689393521189 0.12467983185848786
569 0.1177689393521189 0.6771662903050586
570 0.1177689393521189 0.12111708317521491
571 0.1177689393521189 1.1317606431065237
572 0.1177689393521189 0.9626026691363121
573 0.1177689393521189 0.5444215424404034
574 0.1177689393521189 0.26932291028261307
575 0.1177689393521189 0.596949088870176
576 0.1177689393521189 0.13455643631776332
577 0.11776828896976686 0.1857093903910484
578 0.11776828896976686 1.045351836616736
579 0.11776828896976686 0.24200005901308302
580 0.11776828896976686 0.11943169369127941
581 0.11776828896976686 0.5468170469802528
582 0.11776807787385626 0.11857352768052254
583 0.11776807787385626 0.5567034852676003
584 0.11774002879679886 1.4353817939814917
585 0.11774002879679886 0.30525106712372563
586 0.11774001225054158 0.5289300915882119
587 0.11774001225054158 1.9094548691623883
588 0.11774001225054158 1.196242025016013
589 0.11774001225054158 0.3352192282868327
590 0.11774001225054158 1.300996700837395
591 0.11774001225054158 0.49446909693451535
592 0.11774001225054158 0.11993904873134331
593 0.11774001225054158 0.45744785819235007
594 0.11774001225054158 0.8296775481253019
595 0.11774001225054158 0.1188284912845382
596 0.11774001225054158 0.11930631438513982
597 0.11774001225054158 0.3348321403015735
598 0.11774001225054158 0.6423156609744234
599 0.11774001225054158 0.11826648932557106
600 0.11774001225054158 0.1838747045541083
601 0.11774001225054158 0.11823489184636003
602 0.11773999646722412 0.881485773230514
603 0.11773981474449648 0.33365179945689866
604 0.11773981474449648 0.8891206901472013
605 0.11773981474449648 0.18408776497608081
606 0.11773981474449648 0.6026007555024904
607 0.11773981474449648 0.6511229869447515
608 0.11773981474449648 0.11820317457582245
609 0.11773981474449648 0.7778886222345371
610 0.11773981474449648 0.11814328419328685
611 0.11773981474449648 0.1181673668329608
612 0.11773981474449648 0.9492871889618993
613 0.11773981474449648 0.7229960814090348
614 0.11773981474449648 0.11811199256556185
615 0.11773981474449648 0.5409060902637365
616 0.11773915077227894 0.2759288184064198
617 0.11773915077227894 0.44219871014066053
618 0.11773915077227894 0.37881721821459435
619 0.11773915077227894 0.18397609167114226
620 0.11773915077227894 0.2660821350793138
621 0.11773915077227894 0.7121246176419416
622 0.11773895326623383 1.1881627385409934
623 0.11773895326623383 0.11813079147656051
624 0.11773895326623383 0.9904232279431149
625 0.11773895326623383 0.11813993517442743
626 0.11773895326623383 0.11813218547590792
627 0.11773895326623383 0.1181562350331406
628 0.11773895326623383 0.6664158928480453
629 0.11773895326623383 0.5145527571676114
630 0.11773895326623383 0.2473490546661138
631 0.11773895326623383 0.9253537975704372
632 0.11773895326623383 0.11809851214259752
633 0.11773895326623383 0.47987248678227873
634 0.11773895326623383 0.11805227148145782
635 0.11773895326623383 0.26527421530356804
636 0.11773895326623383 0.1180183681728143
637 0.11773895326623383 0.5845194632598844
638 0.11773895326623383 0.11804199645339596
639 0.11773895326623383 0.8901870747480247
640 0.11773895326623383 1.002033682618826
641 0.11773895326623383 0.11801028560985159
642 0.11773895326623383 0.11803727974439404
643 0.11773895326623383 0.6706955951568554
644 0.11773895326623383 1.9997107194606563
645 0.11773893748291638 0.2759440338185431
646 0.11773893748291638 1.47371426466946
647 0.11773893748291638 0.6401981565542008
648 0.11773893748291638 0.8619040261866684
649 0.11773893748291638 0.27273586840001846
650 0.11773893748291638 0.11791995844540316
651 0.11773893748291638 0.7874362575904317
652 0.11773893748291638 0.11786969595768763
653 0.11773893748291638 0.6841562683779893
654 0.11773893748291638 0.8963977988142101
655 0.11773893748291638 0.11783953279519963
656 0.11773893748291638 0.18353095385184595
657 0.11773893748291638 0.48844960472043575
658 0.11773893748291638 0.7714104038278764
659 0.11773893748291638 0.6673810278800479
660 0.11773893748291638 0.117877695497182
661 0.11773893748291638 0.11787247297207532
662 0.11773893748291638 0.23064016097575815
663 0.11773893748291638 0.19175142226726968
664 0.11773893748291638 0.26614949160591833
665 0.11773893748291638 1.1718727646704323
666 0.11773893748291638 0.11787316328192896
667 0.11773893748291638 0.3176971535099699
668 0.11773893748291638 1.2993720997636058
669 0.11773893748291638 1.5731774423512832
670 0.11773893748291638 0.9095243575992579
671 0.11773893748291638 0.9060442440568256
672 0.11773893748291638 0.18887235366294647
673 0.11773893748291638 0.40858239552907805
674 0.11773893748291638 0.11782411814855517
675 0.11773893748291638 0.5269690651327384
676 0.11773893748291638 0.3658944445932034
677 0.11773893748291638 0.7938903362418368
678 0.11773893748291638 0.7107586673058662
679 0.11773893748291638 0.3186742081954695
680 0.11773893748291638 1.7075059237831685
681 0.11773893748291638 0.7461791151479017
682 0.11773893748291638 0.39612883109201624
683 0.11773893748291638 1.1857686433520331
684 0.11773893748291638 0.7864275613774505
685 0.11773893748291638 1.0418852805441177
686 0.11773893748291638 1.1729636585398413
687 0.11773893748291638 0.46571508590812977
688 0.11773893748291638 0.690446230492424
689 0.11773893748291638 0.1177737891715882
690 0.11773893748291638 1.8163898117050947
691 0.11773893748291638 1.3609716712788975
692 0.11773893748291638 0.31394928299551994
693 0.11773893748291638 1.2143802237865706
694 0.11773893748291638 1.223760696789766
695 0.11773893748291638 1.1121884193069518
696 0.11773893748291638 0.5366793846149779
697 0.11773893748291638 0.1177799799457027
698 0.11773893748291638 1.3437701651371146
699 0.11773893748291638 0.2715567311109657
700 0.11773893748291638 0.11777708061614803
701 0.11773893748291638 0.9605790157553087
702 0.11773893748291638 0.7636994486212046
703 0.11773893748291638 1.024891433718592
704 0.11773893748291638 0.33465144619627324
705 0.11773893748291638 0.772939646166589
706 0.11773893748291638 0.33133988558058547
707 0.11773893748291638 0.18753560289041046
708 0.11773893748291638 1.541891261836804
709 0.11773893748291638 0.11777837271099477
710 0.11773893748291638 0.11777360943447118
711 0.11773893748291638 0.11776915212536483
712 0.11773893748291638 0.11776823044703784
713 0.11773893748291638 0.33334572466722
714 0.11773893748291638 0.34810037005332867
715 0.11773893748291638 0.29520316337573665
716 0.11773893748291638 0.11776491490430858
717 0.11773893748291638 0.33044375202606374
718 0.11773893748291638 0.11776140162653316
719 0.11773893748291638 1.1465582187647614
720 0.11773893748291638 0.6101985239578254
721 0.11773893748291638 0.11776140323740901
722 0.11773893748291638 0.31819725486878964
723 0.11773893748291638 0.7716126355756736
724 0.11773893748291638 0.11776386938117979
725 0.11773893748291638 0.11776439147132728
726 0.11773893748291638 0.22539200071780618
727 0.11773893748291638 0.11775812313502257
728 0.11773893748291638 0.11775631302776278
729 0.11773893748291638 0.19270719363697555
730 0.11773893748291638 0.11775714980614682
731 0.11773893748291638 0.3392131396502132
732 0.11773893748291638 0.3398480537826481
733 0.11773893748291638 0.3673766480745569
734 0.11773893748291638 0.5839975841720173
735 0.11773893748291638 0.11776497877751098
736 0.11773893748291638 0.11776604526372257
737 0.11773893748291638 1.1657313539045877
738 0.11773893748291638 0.1177707641478777
739 0.11773893748291638 0.24163974358986123
740 0.11773893748291638 0.11776932951387904
741 0.11773893748291638 0.636756578206004
742 0.11773893748291638 0.6346970575679451
743 0.11773893748291638 0.6731229148568915
744 0.11773893748291638 0.23658415102815514
745 0.11773893748291638 0.1177666649811988
746 0.11773893748291638 1.1418526466907912
747 0.11773893748291638 0.733717297660392
748 0.11773893748291638 0.9635857832944598
749 0.11773893748291638 0.5435921819580762
750 0.11773893748291638 0.32862934267273114
751 0.11773893748291638 1.1564684460417312
752 0.11773893748291638 0.658745640008777
753 0.11773893748291638 0.811040365785787
754 0.11773893748291638 0.21988123015258476
755 0.11773893748291638 0.3779817987602964
756 0.11773893748291638 0.4473965135872175
757 0.11773893748291638 0.4588870847757598
758 0.11773893748291638 0.2680565347187532
759 0.11773893748291638 0.26507531460501327
760 0.11773893748291638 0.48585260861274016
761 0.11773893748291638 0.8391845566564007
762 0.11773893748291638 1.2092800646991941
763 0.11773893748291638 0.11774701712614428
764 0.11773893748291638 0.3729642544075055
765 0.11773893748291638 0.18369168032528557
766 0.11773893748291638 0.11774768023838558
767 0.11773893748291638 0.3333048920692096
768 0.11773893748291638 0.35731494978316164
769 0.11773893748291638 0.11774554410941819
770 0.11773893748291638 0.3718140076847498
771 0.11773893748291638 0.11774521061513242
772 0.11773893748291638 0.4307254483438239
773 0.11773893748291638 1.0448269649250357
774 0.11773893748291638 2.0502367815044087
775 0.11773893748291638 0.6746653380463162
776 0.11773893748291638 0.8940017021761403
777 0.11773893748291638 0.8846026089788097
778 0.11773893748291638 0.7838445984101317
779 0.11773893748291638 0.44388775776866873
780 0.11773893748291638 0.5273838027632185
781 0.11773893748291638 0.11774586746304186
782 0.11773893748291638 0.46401555403107353
783 0.11773893748291638 1.2390143523991484
784 0.11773893748291638 0.7019920340497855
785 0.11773893748291638 0.11774570489803114
786 0.11773893748291638 0.9138213837500342
787 0.11773893748291638 0.11774597757766873
788 0.11773893748291638 0.3799669087695427
789 0.11773893748291638 0.5619125255145833
790 0.11773893748291638 0.264786149160143
791 0.11773893748291638 1.1731704381181836
792 0.11773893748291638 0.3479778395799631
793 0.11773893748291638 0.11774532727697508
794 0.11773893748291638 0.7088584518020123
795 0.11773893748291638 0.9842232368250466
796 0.11773893748291638 1.1403967011036598
797 0.11773893748291638 0.38210828655886203
798 0.11773893748291638 1.0471525840728089
799 0.11773893748291638 1.2409238334591697
800 0.11773893748291638 0.8553322296577127
801 0.11773893748291638 0.6508159500432601
802 0.11773893748291638 1.0925535590648914
803 0.11773893748291638 0.3305270656157262
804 0.11773893748291638 0.5408509414764058
805 0.11773893748291638 1.1703585396279212
806 0.11773893748291638 1.160787732288227
807 0.11773893748291638 0.1177438547580077
808 0.11773893748291638 1.326822090895263
809 0.11773893748291638 0.6105345061717907
810 0.11773893748291638 0.38008928448241436
811 0.11773893748291638 0.5159770173730047
812 0.11773893748291638 0.2357226094956189
813 0.11773893748291638 0.7621677894650452
814 0.11773893748291638 1.07179345361016
815 0.11773893748291638 0.11774242651529886
816 0.11773893748291638 2.251890708511382
817 0.11773893748291638 0.18934125550668607
818 0.11773893748291638 0.49567060374381255
819 0.11773893748291638 0.6380488104072731
820 0.11773893748291638 1.6600476727858071
821 0.11773893748291638 0.6532042571611067
822 0.11773893748291638 0.4712249608171127
823 0.11773893748291638 0.564849957988031
824 0.11773893748291638 0.6139733616141263
825 0.11773893748291638 0.11774398196838748
826 0.11773893748291638 1.0890266149542858
827 0.11773893748291638 0.37970673620280776
828 0.11773893748291638 0.5789833795776653
829 0.11773893748291638 0.11774365849150152
830 0.11773893748291638 0.7843381255520735
831 0.11773893748291638 0.46289685322424057
832 0.11773893748291638 0.11774398178277867
833 0.11773893748291638 0.1177441173207656
834 0.11773893748291638 0.2415237357199581
835 0.11773893748291638 0.5114206847143762
836 0.11773893748291638 1.255946828072931
837 0.11773893748291638 0.2707762712322419
838 0.11773893748291638 0.4625287422401603
839 0.11773893748291638 0.7568110982506316
840 0.11773893748291638 0.11774553049201565
841 0.11773893748291638 0.5049214932151709
842 0.11773893748291638 0.31889374424908423
843 0.11773893748291638 0.11774538958895246
844 0.11773893748291638 0.9465031357599005
845 0.11773893748291638 0.15163633036658183
846 0.11773893748291638 0.2859474518553814
847 0.11773893748291638 0.41759910214849727
848 0.11773893748291638 0.9548187010196864
849 0.11773893748291638 0.5477453026692206
850 0.11773893748291638 0.3982859611892289
851 0.11773893748291638 0.7668181977172407
852 0.11773893748291638 0.11774588975405732
853 0.11773893748291638 0.4358149822445177
854 0.11773893748291638 0.11774562307762347
855 0.11773893748291638 0.11774570550832346
856 0.11773893748291638 0.11774584466926134
857 0.11773893748291638 0.5730814326811976
858 0.11773893748291638 0.11774545785537668
859 0.11773893748291638 0.327965856366666
860 0.11773893748291638 0.2633261304122085
861 0.11773893748291638 0.11774490199536704
862 0.11773893748291638 0.7847939859961954
863 0.11773893748291638 0.4441781198304609
864 0.11773893748291638 0.5706663981987021
865 0.11773893748291638 0.3798236252476356
866 0.11773893748291638 0.117745373626046
867 0.11773893748291638 0.8670894067725792
868 0.11773893748291638 1.6403706237738405
869 0.11773893748291638 0.7531045123397935
870 0.11773893748291638 0.1177450230447097
871 0.11773893748291638 0.4658516019779065
872 0.11773893748291638 0.7418413140742065
873 0.11773893748291638 0.37968510130604755
874 0.11773893748291638 0.5152632995945752
875 0.11773893748291638 1.2544493690161558
876 0.11773893748291638 0.11774299750929261
877 0.11773893748291638 0.1916306893839437
878 0.11773893748291638 0.11774310160301318
879 0.11773893748291638 0.5427537466632991
880 0.11773893748291638 0.5105371240282357
881 0.11773893748291638 0.4473990079890274
882 0.11773893748291638 0.5479092871176463
883 0.11773893748291638 0.9407646313354456
884 0.11773893748291638 0.38376207946051744
885 0.11773893748291638 0.26506367209089554
886 0.11773893748291638 0.5273605032185622
887 0.11773893748291638 0.11774426664251196
888 0.11773893748291638 0.37971768150425456
889 0.11773893748291638 0.41894303716247644
890 0.11773893748291638 0.33111096945747415
891 0.11773893748291638 0.11774367175073978
892 0.11773893748291638 0.2645724970343547
893 0.11773893748291638 0.6102701547688038
894 0.11773893748291638 0.30851411648277277
895 0.11773893748291638 0.237606756910791
896 0.11773893748291638 0.8276834279624004
897 0.11773893748291638 0.3797069454649208
898 0.11773893748291638 0.11774414422637458
899 0.11773893748291638 0.18337033746549633
900 0.11773893748291638 0.11774408050409133
901 0.11773893748291638 0.11774326393169138
902 0.11773893748291638 1.5050446849765808
903 0.11773893748291638 0.9154817802421061
904 0.11773893748291638 1.1997943165782927
905 0.11773893748291638 0.3816212080965811
906 0.11773893748291638 0.5419909061689209
907 0.11773893748291638 0.11774268160327293
908 0.11773893748291638 0.3308679196815516
909 0.11773893748291638 1.11481051424015
910 0.11773893748291638 1.7663655058292966
911 0.11773893748291638 0.11774218407513834
912 0.11773893748291638 0.256755468142302
913 0.11773893748291638 0.43278848912241996
914 0.11773893748291638 0.41361204781836114
915 0.11773893748291638 0.8701551330118911
916 0.11773893748291638 1.238585954169599
917 0.11773893748291638 0.11774224948781009
918 0.11773893748291638 0.8301958112409531
919 0.11773893748291638 0.3827579351432391
920 0.11773893748291638 0.2650623760989774
921 0.11773893748291638 0.19979673342541932
922 0.11773893748291638 1.1971571324846086
923 0.11773893748291638 0.199706641567406
924 0.11773893748291638 0.8815556853796042
925 0.11773893748291638 0.11774149811326672
926 0.11773893748291638 0.11774111865811544
927 0.11773893748291638 0.11774101951378821
928 0.11773893748291638 0.5282328826780059
929 0.11773893748291638 0.20004331398846678
930 0.11773893748291638 1.084474777438297
931 0.11773893748291638 0.11774130684771165
932 0.11773893748291638 0.9344193379244696
933 0.11773893748291638 0.3283392629771121
934 0.11773893748291638 0.11774107534006147
935 0.11773893748291638 0.19207656766744627
936 0.11773893748291638 0.6902096291771147
937 0.11773893748291638 1.5098894977457251
938 0.11773893748291638 0.9344920040385218
939 0.11773893748291638 1.7080709292667953
940 0.11773893748291638 0.21026537297491965
941 0.11773893748291638 0.8827420162714879
942 0.11773893748291638 0.1177412071907246
943 0.11773893748291638 0.18491777185058628
944 0.11773893748291638 0.48715038721255083
945 0.11773893748291638 0.46510028294705164
946 0.11773893748291638 0.6252530930129363
947 0.11773893748291638 0.4128487347997114
948 0.11773893748291638 0.5272221869618288
949 0.11773893748291638 1.3638179161297104
950 0.11773893748291638 0.7836793451064814
951 0.11773893748291638 0.6449127214722127
952 0.11773893748291638 0.5003715587800742
953 0.11773893748291638 0.11774417844458268
954 0.11773893748291638 1.2484692513753652
955 0.11773893748291638 0.22260529583669722
956 0.11773893748291638 0.11774417844458268
957 0.11773893748291638 0.41146657879282417
958 0.11773893748291638 0.7513963373165116
959 0.11773893748291638 0.11774413717716799
960 0.11773893748291638 0.22003367712540747
961 0.11773893748291638 0.11774409590975331
962 0.11773893748291638 0.47208982852889186
963 0.11773893748291638 0.11774430224682675
964 0.11773893748291638 0.6059342724820139
965 0.11773893748291638 0.674546597607502
966 0.11773893748291638 0.11774426097941205
967 0.11773893748291638 0.3307302745950148
968 0.11773893748291638 0.36392603388559314
969 0.11773893748291638 0.2651029921036779
970 0.11773893748291638 1.49236695054699
971 0.11773893748291638 0.117744137177168
972 0.11773893748291638 0.11774393084009455
973 0.11773893748291638 1.0967064158790254
974 0.11773893748291638 0.11774380703785045
975 0.11773893748291638 0.45858348702654006
976 0.11773893748291638 0.11774343563111814
977 0.11773893748291638 0.11774322929404468
978 0.11773893748291638 0.11774331182887407
979 0.11773893748291638 0.7876354073370981
980 0.11773893748291638 0.45050650622830496
981 0.11773893748291638 0.11774318802663
982 0.11773893748291638 0.7282740534943174
983 0.11773893748291638 2.2105380249187987
984 0.11773893748291638 0.15894237110595713
985 0.11773893748291638 1.3134448096820837
986 0.11773893748291638 0.11774281661989772
987 0.11773893748291638 1.083686045858462
988 0.11773893748291638 0.6740894544938207
989 0.11773893748291638 0.5273039350936997
990 0.11773893748291638 0.21297836556129035
991 0.11773893748291638 0.49617415862195346
992 0.11773893748291638 0.6615470175032321
993 0.11773893748291638 0.41393037098411045
994 0.11773893748291638 0.375399364582333
995 0.11773893748291638 1.1981262119430645
996 0.11773893748291638 1.1460475894152886
997 0.11773893748291638 1.1740339895490874
998 0.11773893748291638 0.5282534105759127
999 0.11773893748291638 0.11774186746935973
