# iteración mejor promedio
0 29.056438991685756 88.80661076275992
1 19.523565696058085 80.00841344830879
2 19.18834834871402 69.65319739061376
3 19.114635520596263 63.8782074564933
4 15.745673583938098 54.25998127674513
5 15.745673583938098 47.44809037514644
6 11.102615266690345 43.192076193274815
7 10.232144087457236 37.96571381752689
8 8.584749955048645 34.22122391325954
9 8.584749955048645 29.126422389630978
10 8.57485423551057 26.523664522405596
11 6.660865367875487 24.377793319104217
12 5.63885785087987 22.61147415671615
13 4.77128554322301 21.60156274830654
14 4.143724518134723 21.188008101161564
15 4.143724518134723 21.479462724335864
16 4.143724518134723 19.35487667357796
17 4.143724518134723 17.20977900018285
18 3.69739113167378 16.330209400929967
19 3.0711325671617757 16.436114173467676
20 2.3412952569728986 14.68396744318757
21 2.3355647460797857 14.58340366271194
22 1.7437435365674867 11.755741358571566
23 1.7009640946484295 8.540413373816426
24 1.3802416968811904 7.317057147935523
25 1.1295993285085881 6.5005762025698655
26 1.0487473645584524 4.0277502313888105
27 0.7652715253246712 3.4600199481842675
28 0.7652715253246712 2.8012651587257746
29 0.7069144147971065 3.768866202332498
30 0.7041787201332508 3.932424710663612
31 0.6296516215599991 3.3648571156415756
32 0.6103003271014712 2.8311996540868605
33 0.5805594570472903 2.569232843913631
34 0.4563953096992998 3.4028061872084283
35 0.45472820189447327 2.2202533343761295
36 0.45472820189447327 3.1009184657186712
37 0.4473601029592994 2.3118986604471248
38 0.43377110059371016 2.016660442296125
39 0.43377110059371016 2.3708171773228734
40 0.43377110059371016 1.9852325969793725
41 0.36880586364844814 1.1789335238089007
42 0.3311065842331864 1.8364799077461071
43 0.3084147288899149 1.791394098054831
44 0.3084147288899149 2.434589485732053
45 0.3081507525000413 1.5403421777415844
46 0.2978092529728258 1.4981556001237255
47 0.2978092529728258 1.4675566996325364
48 0.2968594920948537 2.1866580403543856
49 0.2968594920948537 1.5144330110309505
50 0.2968594920948537 1.211052473231473
51 0.2968594920948537 1.967272467320376
52 0.2966628008098682 2.142617580486513
53 0.27759902594339575 1.1581255421347156
54 0.27759902594339575 1.6896180489662151
55 0.27759902594339575 2.6016729244989687
56 0.27759902594339575 1.5307024089288606
57 0.2775515477694349 0.8969650816348675
58 0.2655411751973129 1.460226892382309
59 0.2655411751973129 0.9839018479408537
60 0.26542702626383113 1.825572388670348
61 0.26542702626383113 1.5648008605221144
62 0.26542702626383113 0.8063619263141546
63 0.26542702626383113 0.5001758135058901
64 0.26542702626383113 0.9993113711493024
65 0.26542702626383113 1.7100782223162145
66 0.26542702626383113 0.5855106245507264
67 0.26542702626383113 1.0656722246793975
68 0.26542702626383113 0.3319157985362456
69 0.26542702626383113 1.687253756386248
70 0.2652529981299486 0.8994265046494114
71 0.2651672991387934 0.3247021737945729
72 0.26475256041706996 0.38925407028545117
73 0.26388127017616747 0.6796649924228969
74 0.26386320181819045 2.080218247169554
75 0.2637622158734493 0.5434465097450354
76 0.2626485802673342 0.5763599288260275
77 0.2610857253393868 0.8604830347665231
78 0.2610857253393868 0.31143863005463784
79 0.2600196848873638 0.7651885734930558
80 0.259927807096971 0.843652644333563
81 0.259927807096971 0.8698879218854633
82 0.259927807096971 1.3193833727768496
83 0.259927807096971 0.9586677106758223
84 0.259927807096971 1.2203816657815674
85 0.259927807096971 0.7130032334103101
86 0.259927807096971 0.35927617466986533
87 0.259927807096971 0.29236592170102005
88 0.2599215768946632 0.6175061569005653
89 0.2599215768946632 0.2877599756189906
90 0.2599215768946632 0.596064441762863
91 0.2599215768946632 0.6752957774301516
92 0.2599215768946632 0.6901340425151998
93 0.2599215768946632 0.5518124187454477
94 0.2599215768946632 0.5644333446009293
95 0.2599215768946632 0.36729987132463615
96 0.2599215768946632 0.643945021646176
97 0.259907503218042 0.5256045729551367
98 0.259907503218042 1.2838845424688523
99 0.25989278248500935 0.2702663310398099
100 0.25989278248500935 1.723993675279663
101 0.25989278248500935 0.26855404223895596
102 0.25989278248500935 0.596523885331483
103 0.25989278248500935 0.40897946118088363
104 0.25989278248500935 1.0592932344085495
105 0.25989278248500935 0.46860384732772914
106 0.25989278248500935 0.2766780029278857
107 0.25989278248500935 0.8241481292520916
108 0.25989278248500935 1.2431990269977473
109 0.25989278248500935 0.3356963339636539
110 0.25989278248500935 2.3653950041185494
111 0.25989278248500935 0.6477373609200877
112 0.25989278248500935 0.5680381306488221
113 0.25989278248500935 0.2703474628346833
114 0.25989278248500935 0.5297601781439141
115 0.25989278248500935 0.52578032970179
116 0.25989278248500935 0.33021767562080007
117 0.25989278248500935 1.5943685197274473
118 0.2598799909645132 0.26775891609097013
119 0.2598799909645132 0.8631543173711133
120 0.2598799909645132 0.851462900248134
121 0.2598799909645132 0.27228141948247575
122 0.2598799909645132 2.0974112449730016
123 0.2598799909645132 0.406310168513594
124 0.2598799909645132 0.6243858965731607
125 0.2598799909645132 0.28146501507585425
126 0.2598768812456612 0.6239254249838475
127 0.2598768812456612 0.7616162326629846
128 0.2598768812456612 0.5772179097241005
129 0.2598768812456612 0.46579740908359535
130 0.2598768812456612 1.0585556466997366
131 0.2598768812456612 0.5363799240348273
132 0.2598768812456612 0.2645841143303912
133 0.2598768812456612 0.2648205940276688
134 0.2598768812456612 1.5727650019733017
135 0.2598768812456612 0.2727159061418172
136 0.2598768812456612 1.5357641343785298
137 0.25987679812098397 0.33978018193895443
138 0.25987679812098397 0.27478847840509263
139 0.25987679812098397 0.26472995213969797
140 0.25987679812098397 0.26393874692349023
141 0.25987679812098397 1.4131115327878552
142 0.25987679812098397 0.26317953046792747
143 0.25987679812098397 1.3023942868694105
144 0.2598767116346032 1.2393761186322443
145 0.2598767116346032 0.27320549675212624
146 0.2598767116346032 0.7211721851103187
147 0.2598767116346032 0.6555854821421049
148 0.2598767116346032 0.2631538514689548
149 0.2598767116346032 0.3456040084116308
150 0.2598767116346032 0.26322349830757036
151 0.25987585915664624 0.32930866965151134
152 0.25987585915664624 0.26309772167250656
153 0.25987585915664624 2.0920044750321987
154 0.2598732228181089 0.4847788591462623
155 0.2598732228181089 0.523895523896736
156 0.2598732228181089 2.0631527736059545
157 0.2598732228181089 0.37949587935851076
158 0.2598732228181089 0.6462973528869281
159 0.2598732228181089 0.3288029310661045
160 0.2598732228181089 0.3040918342137572
161 0.2598732228181089 0.26345599262033087
162 0.2598732228181089 0.7895940462876929
163 0.2598732228181089 1.188349524193649
164 0.2598713614952951 0.26222802863711026
165 0.2598713614952951 0.2621621778933513
166 0.2598713614952951 0.26254306515158865
167 0.25987136149529416 0.7598173541719386
168 0.25987136149529416 1.0327458444039088
169 0.25987136149529416 0.9994283265206017
170 0.25987136149529416 0.9126377396260535
171 0.25987136149529416 0.3961262376603799
172 0.25987136149529416 1.1252103817527286
173 0.25987136149529416 0.5140050843391532
174 0.25987136149529416 0.6933541384270459
175 0.25987136149529416 0.6402448344610379
176 0.25987136149529416 1.1515604552320569
177 0.25987136149529416 0.26132752530950065
178 0.25987136149529416 0.9046234169088286
179 0.25987136149529416 0.2611280421377477
180 0.25987136149529416 0.5222791152500169
181 0.25987136149529416 1.2957029690320219
182 0.25987136149529416 1.4961512718421082
183 0.2598283707783655 0.5416878692137267
184 0.2598283707783655 1.0636743555100463
185 0.2598157720909081 0.69215857914704
186 0.2598157720909081 0.6651290591759589
187 0.2598157720909081 0.9835590730377823
188 0.2598157720909081 0.2975051389366887
189 0.2598157720909081 0.2608600736727923
190 0.2598157720909081 0.2609605255709268
191 0.2598157720909081 0.9062273537055829
192 0.2598157720909081 0.8537121507964968
193 0.2598157720909081 0.260978243971986
194 0.2598157720909081 0.26089844745769114
195 0.2598157720909081 1.2344389591327611
196 0.2598157720909081 0.7939947361235101
197 0.2598157720909081 0.2609172881772556
198 0.2598157720909081 0.2608472293190116
199 0.2598157720909081 0.7910092962507379
200 0.2598157720909081 0.26083449525557273
201 0.2598157720909081 1.8518920679839725
202 0.2598157720909081 1.1396047059656127
203 0.2584771543900365 0.26195419081790966
204 0.2584771543900365 1.810735634980819
205 0.2584771543900365 1.4160366790968828
206 0.25827733035495265 0.8028419671350708
207 0.2581887538528314 0.33595661140135397
208 0.2581887538528314 0.26063552504449844
209 0.2577884431813543 0.756391871242419
210 0.2575371518818719 0.5018031391653204
211 0.2575371518818719 0.2620597385510007
212 0.2573066144169968 0.2627389472993812
213 0.2573066144169968 1.6763269561938094
214 0.2573066144169968 0.34408388531564243
215 0.2572997460155322 0.26128756410415593
216 0.2572997460155322 0.43282738602797294
217 0.2572997460155322 1.2518370273330826
218 0.2572997460155321 0.5232483122016199
219 0.2572997460155321 0.8839219603220134
220 0.2572997460155321 0.531596697294955
221 0.2572997460155321 0.5772314229593182
222 0.2572997460155321 0.740101754227718
223 0.2572997460155321 1.2175201768018165
224 0.2572997460155321 0.9111873344296698
225 0.2572997460155321 0.4456440395554839
226 0.2572997460155321 0.4197803473294013
227 0.2572997460155321 1.303098993049843
228 0.2572997460155321 0.345003257666155
229 0.15746116546029917 1.3198491791191806
230 0.15746116546029917 1.0681682598328037
231 0.15569808197227186 0.5172360518051342
232 0.15569808197227186 1.5736899032805993
233 0.15569808197227186 0.8107441435672266
234 0.15569808197227186 0.259762070126612
235 0.15569808197227186 0.6362989455189084
236 0.15537947484765394 0.23569557274933836
237 0.15533876124381704 0.21360082388957718
238 0.1553188249469076 1.097309977628158
239 0.1553188249469076 0.5667873506279751
240 0.1553188249469076 0.3551128072989062
241 0.1553188249469076 0.4331291432500922
242 0.1553188249469076 0.6955263374164724
243 0.1553188249469076 1.475854771896944
244 0.15525398110638297 1.47548448647353
245 0.15525398110638297 0.9870722376765587
246 0.15525398110638297 0.9252807612151632
247 0.15517300821744903 0.4244452649124691
248 0.15517300821744903 0.4195977153530913
249 0.15517300821744903 0.4068926809846203
250 0.15517300821744903 0.16257971389785783
251 0.15513985671810576 0.17661214732718564
252 0.15513985671810576 0.7157284342137453
253 0.15513744309839023 0.7381136509481969
254 0.15513744309839023 0.29682513937990895
255 0.15508286966757862 1.8025285676277774
256 0.15508286966757862 0.7013236831367492
257 0.15507416299838786 0.7035156192211675
258 0.15507416299838786 0.15995646654394788
259 0.15507416299838786 0.15750472367725635
260 0.15507416299838786 0.842565037188142
261 0.15506196162376118 0.8294626976105445
262 0.1548828618116827 0.2910558945673634
263 0.1548828618116827 0.5857113351488191
264 0.1548828618116827 0.5435660943650149
265 0.1548818488898664 0.15838615316027874
266 0.15483907149806203 0.1586992605315409
267 0.15483427475238176 0.289219337960388
268 0.15480182991412242 0.7036514470096772
269 0.15480182991412242 1.2982119414341629
270 0.15480182991412242 0.5042701733453219
271 0.15480182991412242 0.3676620885625104
272 0.15479992701108883 0.24576867212075879
273 0.15479949066911763 1.4734403898954818
274 0.15479749821602354 1.3878290638624546
275 0.15479749821602354 0.4946286644368081
276 0.15479749821602354 1.9073546385762272
277 0.15479749821602354 1.044480431746868
278 0.15479749821602354 0.29673574134371594
279 0.15479749821602354 0.15706862072729
280 0.15479749821602354 0.438155202877534
281 0.15479749821602354 0.48409442416739124
282 0.15468317987413988 0.7442797937940147
283 0.15468317987413988 0.1569659944824463
284 0.15467708017030357 0.2596511342658896
285 0.1546591864659399 0.15698663867121734
286 0.1546103110273091 0.15704611791836018
287 0.15459209490934697 0.7304888020605285
288 0.1545773595016439 1.0892043186248253
289 0.15451497149286433 0.2322893234084471
290 0.15451497149286433 0.43614719158972015
291 0.15451497149286433 0.15700407752558448
292 0.15451497149286433 0.38551186347785843
293 0.15451497149286433 0.6247822330098313
294 0.15451497149286433 0.38634150399796185
295 0.15451497149286433 0.3890363448190922
296 0.15451497149286433 0.480772302148817
297 0.15451497149286433 0.7730613070619541
298 0.15451497149286433 0.15684821153590378
299 0.15451497149286433 0.15680439131760518
300 0.15451497149286433 0.269806446435113
301 0.15451497149286433 0.23805482661082703
302 0.15451497149286433 1.1272619415365732
303 0.15451497149286433 0.3243953563605873
304 0.15451497149286433 0.5286116261617839
305 0.15451497149286433 0.7471332212649024
306 0.15451497149286433 0.15656736967347942
307 0.1545060243784219 1.107898991053693
308 0.15450424455903838 0.9097360515951842
309 0.15450424455903838 0.4834913640525015
310 0.15450424455903838 0.6267106243750096
311 0.15450424455903838 0.49005397218569047
312 0.15450424455903838 0.7482546554702839
313 0.15450424455903838 0.26885692887217877
314 0.15450424455903838 1.5942799368505467
315 0.15450424455903838 0.15639781867256194
316 0.15450424455903838 0.4338130973024591
317 0.15450424455903838 0.4319372532958755
318 0.15450424455903838 0.5763688292739446
319 0.15450424455903838 0.7686004345390058
320 0.15450424455903838 1.6283095737398883
321 0.15450424455903838 0.5780504636101225
322 0.15450424455903838 0.5578305615869144
323 0.15450424455903838 0.6782737187715234
324 0.15450424455903838 0.15621859863356624
325 0.15450424455903838 0.2983697565687162
326 0.15450424455903838 1.0876369253903246
327 0.15450424455903838 0.2388921704394901
328 0.15450424455903838 0.4173604975136273
329 0.1544992792155796 0.22184934919432336
330 0.1544992792155796 1.0733634144342714
331 0.1544992792155796 1.0905692563985012
332 0.1544992792155796 0.3149367662698527
333 0.1544992792155796 0.3576498483951959
334 0.15449648647437977 0.1560542640656809
335 0.15449648647437977 0.1559445416361802
336 0.15449559663621357 0.3690699053226052
337 0.15449559663621357 0.9833394657691593
338 0.15449559663621357 0.490819571562595
339 0.15449559663621357 0.5024238099570875
340 0.15449559663621357 0.5680190457737347
341 0.15449559663621357 1.3241056180649795
342 0.15449559663621357 0.9338190865329387
343 0.15449559663621357 0.7172892119574553
344 0.15449559663621357 0.1561097458775534
345 0.15449559663621357 0.40701752548186876
346 0.15449559663621357 0.6828722437884983
347 0.15449559663621357 0.47028923874482326
348 0.15449559663621357 0.15614617854394222
349 0.15449559663621357 0.1560897710842505
350 0.15449559663621357 0.713963203186688
351 0.15449559663621357 0.2767561776369908
352 0.15449559663621357 0.34179533084549457
353 0.15449559663621357 0.156051282540984
354 0.15449559663621357 1.1210709002593242
355 0.15449559663621357 1.0720023947140656
356 0.15449559663621357 0.543372149808984
357 0.15449559663621357 0.15576426600277324
358 0.15449559663621357 0.9104233613928572
359 0.15449559663621357 0.32955724967710304
360 0.15449556781139362 0.8725871322254676
361 0.15449556781139362 0.4980875430574342
362 0.15449413844364662 0.15537411381410157
363 0.15449413844364662 0.5551372256349495
364 0.15449413844364662 0.15536428341419234
365 0.15449413844364662 0.15532817121715697
366 0.15449286196188636 1.428820691858004
367 0.15449286196188636 1.0490863774070753
368 0.15449286196188636 0.23948256019581893
369 0.15449286196188636 1.1080233924140976
370 0.15449286196188636 0.9630481477791819
371 0.15449286196188636 0.25769600095342204
372 0.15449286196188636 0.15544133841601393
373 0.15449286196188636 0.15528559129426397
374 0.15449286196188636 0.8439537370570358
375 0.15449286196188636 0.44953352691386866
376 0.15449286196188636 0.1550054953412305
377 0.15449286196188636 0.6467734893719733
378 0.15449286196188636 0.22850159887704705
379 0.15449286196188636 0.4420324751360052
380 0.15449286196188636 0.3672940392588956
381 0.15449286196188636 0.2538300716278156
382 0.15449286196188636 0.5350408961550986
383 0.15449268903680846 0.8553710871998003
384 0.15449268903680846 0.8065526226687563
385 0.15449268903680846 0.7018246132989076
386 0.15449268903680846 0.5488077650462151
387 0.154492079400211 0.15522218318506006
388 0.154492079400211 0.8839058601828239
389 0.154492079400211 0.4989720156626497
390 0.154492079400211 0.9126757354533084
391 0.154492079400211 0.8602351688244068
392 0.154492079400211 0.30184210832277414
393 0.154492079400211 0.6759169388798395
394 0.154492079400211 0.840159221569298
395 0.154492079400211 0.9979992707673442
396 0.154492079400211 0.4166436583515925
397 0.154492079400211 0.15505910697297512
398 0.154492079400211 0.47187776787267277
399 0.154492079400211 0.15506545385709328
400 0.154492079400211 1.1608501650011072
401 0.154492079400211 0.4200789960493192
402 0.154492079400211 0.4365240817742495
403 0.154492079400211 1.2301326657901495
404 0.154492079400211 0.15517041923291727
405 0.154492079400211 0.5227016256535953
406 0.154492079400211 0.873552769921799
407 0.154492079400211 0.154990501526169
408 0.154492079400211 0.44525913165370407
409 0.154492079400211 0.391205559406943
410 0.154492079400211 0.1551876646202905
411 0.154492079400211 0.4622890488972041
412 0.154492079400211 0.22095471140447168
413 0.154492079400211 0.2912488099330787
414 0.154492079400211 0.15499393184008045
415 0.154492079400211 1.1033687819717055
416 0.154492079400211 0.22067643931444308
417 0.15449165823359018 0.5605934663035985
418 0.15449165823359018 0.4689847772682173
419 0.15449165400165837 0.15486555899979623
420 0.15449165400165837 0.1548955104607903
421 0.15449165400165837 0.1548644994035275
422 0.15449139658099578 0.15477790094274668
423 0.15449139658099578 0.9593574128135077
424 0.15449139658099578 0.7172975222814972
425 0.15449139658099578 2.5519533313672076
426 0.15449139658099578 0.46217174539807593
427 0.15449139658099578 1.1613957677830482
428 0.15449139658099578 0.5093491458433678
429 0.15449139658099578 0.9069712117558023
430 0.15449139658099578 1.3808914969194916
431 0.15449139658099578 0.37236072537210285
432 0.15449139658099578 0.3596267179308178
433 0.15449139658099578 0.25778006833286915
434 0.15449139658099578 0.15519902255410165
435 0.15449139658099578 1.0423155497659686
436 0.15449139658099578 0.4167885995882392
437 0.15449139658099578 0.15506161730484927
438 0.15449139658099578 1.2184958148726432
439 0.15449139658099578 0.33240299664352313
440 0.15449139658099578 1.0211594495841638
441 0.15449139658099578 1.5606958519852348
442 0.15449139658099578 0.22058043308360914
443 0.15449139658099578 0.7079224712748584
444 0.15449139658099578 0.1547742325787376
445 0.15449139658099578 0.2577581002821661
446 0.15449139658099578 0.5752316533610032
447 0.15449139658099578 0.15470722960315306
448 0.15449139658099578 0.15479215340793623
449 0.15449139658099578 0.9901341606200543
450 0.15449139658099578 1.131221604667828
451 0.15449139658099578 0.6460826371915036
452 0.15449139658099578 0.6115702831426075
453 0.15449139658099578 0.1546627003731405
454 0.15449139658099578 0.1546949472701809
455 0.15449139658099578 0.5554529195645351
456 0.15449139658099578 0.1547159429843664
457 0.15449139658099578 0.5989398403149935
458 0.15449139658099578 0.640406401891685
459 0.15449139658099578 1.0938103742530907
460 0.15449139658099578 0.154811179561096
461 0.15449139658099578 0.2365930111151256
462 0.15449139658099578 1.1803722390382152
463 0.15449139658099578 1.1933942734349392
464 0.15449139658099578 0.15469291445619887
465 0.15449139658099578 0.15467170745208952
466 0.1544913965809954 0.8704945531205888
467 0.1544913965809954 0.6709116121241006
468 0.1544913965809954 0.7014565589144705
469 0.1544913965809954 0.15461728123433033
470 0.1544913965809954 0.5208225788078984
471 0.1544913965809954 0.25714752756404746
472 0.1544913965809954 0.22020185824988237
473 0.1544913965809954 0.27818809020271634
474 0.1544913965809954 0.8156572967811578
475 0.1544913965809954 0.8572262348499313
476 0.1544913965809954 0.42569443675137075
477 0.1544913965809954 0.2447179621842185
478 0.1544913965809954 0.9195174710780915
479 0.1544913965809954 0.1544980456103815
480 0.1544913965809954 0.5840545934905526
481 0.1544913965809954 0.15449746373722356
482 0.1544913965809954 0.42894056240714135
483 0.1544913965809954 0.25350949510572696
484 0.1544913965809954 1.2157766278623252
485 0.1544913965809954 0.5941320619070491
486 0.1544913965809954 0.22038421649739287
487 0.1544913965809954 0.5517445317165692
488 0.1544913965809954 0.7621968012099671
489 0.1544913965809954 0.1544982584227874
490 0.1544913965809954 0.15449826093256147
491 0.1544913965809954 1.427644820058715
492 0.1544913965809954 1.776239039840794
493 0.1544913965809954 1.5416172611490244
494 0.1544913965809954 0.673676797916576
495 0.1544913965809954 0.15449725564652095
496 0.1544913965809954 0.9351170884374269
497 0.1544913965809954 0.46238155210000165
498 0.1544913965809954 0.8761107348998203
499 0.1544913965809954 0.714858149300068
500 0.1544913965809954 0.38523320667906347
501 0.1544913965809954 0.9750743137228229
502 0.1544913965809954 1.4184266558233434
503 0.1544913965809954 0.4162665902246434
504 0.1544913965809954 0.8100124688568091
505 0.1544913965809954 0.9310674835312948
506 0.1544913965809954 1.0913482424324692
507 0.15445488725238762 1.1270954407494933
508 0.15445488725238762 0.7060355334527847
509 0.15445488725238762 0.15648801325475942
510 0.15445488725238762 0.32824928273844434
511 0.15445488725238762 0.9627650448747529
512 0.15445488725238762 0.4157949572412531
513 0.1544544576219032 0.15449692741640067
514 0.15445441847355382 0.15449750130581066
515 0.15441758382263931 0.5635019388155327
516 0.15441758382263931 0.4263066681652631
517 0.15441758382263931 1.3614211859444496
518 0.1544174078219603 0.6094722104188263
519 0.1544174078219603 0.3928830092840016
520 0.1544174078219603 0.588281613803944
521 0.1544174078219603 0.5206442968119318
522 0.1544174078219603 0.924007695755284
523 0.1544174078219603 1.2257463618469067
524 0.1544174078219603 1.1148299377072695
525 0.1544174078219603 0.1565896495376261
526 0.1544174078219603 0.15612637629841972
527 0.1544174078219603 0.8336947241199008
528 0.1544174078219603 0.5427431770273388
529 0.1544174078219603 0.4188227710476381
530 0.1544174078219603 0.2253220899787844
531 0.1544174078219603 0.761519261696122
532 0.1544174078219603 0.42076784606298057
533 0.1544174078219603 1.1381397115120055
534 0.1544174078219603 1.8077992381904833
535 0.15441737201147226 1.6120061904360643
536 0.15441737201147226 0.6832079122960353
537 0.15441737201147226 0.17086516755844244
538 0.15441737201147226 0.31048091761923113
539 0.15441737201147226 0.4153783574587982
540 0.15441737201147226 0.8612002962817873
541 0.15441737201147226 0.26771836258170867
542 0.15441737201147226 1.306281644318158
543 0.15441737201147226 0.22201222299638831
544 0.15441737201147226 0.45829020161033723
545 0.15441737201147226 0.5157659830931646
546 0.15441737201147226 1.9759494113825797
547 0.15441737201147226 2.29784488570916
548 0.15441737201147226 1.7658159665622137
549 0.15441737201147226 1.625987120109285
550 0.1544173720114726 0.5319270209929148
551 0.1544173720114726 0.15450874084322358
552 0.1544173720114726 0.7954035065428186
553 0.1544173720114726 0.1545305214092749
554 0.1544173720114726 0.9450692966579477
555 0.1544173720114726 0.8390684265901218
556 0.1544173720114726 0.8042886993384252
557 0.1544173720114726 0.15463009515169973
558 0.1544173720114726 0.4162738582483216
559 0.1544173720114726 0.30248523196283383
560 0.1544173720114726 1.2973806052903294
561 0.1544173720114726 0.5332093501198465
562 0.1544173720114726 0.1551250157411684
563 0.1544173720114726 0.3231861238328029
564 0.1544173720114726 0.6695647124409707
565 0.1544173720114726 0.5623933932811981
566 0.1544173720114726 0.304700450152833
567 0.1544173720114726 0.15542523145101708
568 0.1544173720114726 0.6969370857216722
569 0.1544173720114726 0.3917980897880407
570 0.1544173720114726 0.5191204488514722
571 0.1544173720114726 0.17200518009026539
572 0.1544173720114726 0.34176687431458647
573 0.1544173720114726 1.4941766266048304
574 0.15441737201147226 0.45467630166846407
575 0.15441737201147226 0.5667220623041364
576 0.15441737201147226 0.22048674146060473
577 0.15441737201147226 1.1212989447610655
578 0.15441737201147226 0.15465295601239823
579 0.15441737201147226 0.24218118816389275
580 0.15441737201147226 0.7094226512834153
581 0.15441737201147226 0.9303550068881614
582 0.15441737201147226 0.356767682411916
583 0.15441737201147226 0.3149723011451426
584 0.15441737201147226 0.15467585100088502
585 0.15441737201147226 0.4988568213027178
586 0.15441737201147226 1.0515841600885554
587 0.15441737201147226 0.37427834560194057
588 0.15441737201147226 1.292893464322536
589 0.15441737201147226 1.1251494954554366
590 0.15441737201147226 1.2608348945623
591 0.15441737201147226 0.3834367604830695
592 0.15441737201147226 1.3666393123832459
593 0.15441737201147226 1.6354462175809246
594 0.15441737201147226 0.22300975593703018
595 0.15441737201147226 0.9786203476031923
596 0.15441737201147226 0.36764761020490694
597 0.15441737201147226 0.46592670612735804
598 0.15441737201147226 1.4085804147604102
599 0.15441737201147226 0.7911396430527796
600 0.15441737201147226 1.2157813307345797
601 0.15441737201147226 0.8579222938206513
602 0.15441737201147226 0.8154165513620153
603 0.15441737201147226 0.7158489453562424
604 0.15441737201147226 0.30169917138749863
605 0.15441737201147226 0.4911886021112411
606 0.1544173720114726 0.1545771469128746
607 0.1544173720114726 0.37742729561185856
608 0.1544173720114726 0.1545654637000898
609 0.1544173720114726 0.1545766069217153
610 0.15441708387056144 0.6363531082251228
611 0.15441708387056144 0.9196472632171645
612 0.15441708387056144 0.6836424280032974
613 0.15441708387056144 0.6793753398941205
614 0.15441708387056113 0.5265180685666828
615 0.15441708387056113 0.15616989337295306
616 0.15441708387056113 0.5825139619733182
617 0.15441708387056113 0.29433275037900963
618 0.15441708387056113 0.475245759005941
619 0.15441708387056113 0.15455932070305475
620 0.15441708387056113 1.3152529564671165
621 0.15441708387056113 1.0117569381417362
622 0.15441708387056113 0.5865308791202594
623 0.15441708387056113 0.3230256873688813
624 0.15441708387056113 0.7261468960347454
625 0.15441708387056113 0.5131702472652492
626 0.15441708387056113 0.23723869207545006
627 0.15441708387056113 0.3679360831549956
628 0.15441708387056113 0.6989454450935066
629 0.15441708387056113 1.1918586308031631
630 0.15441708387056113 1.0618713249826188
631 0.15441708387056113 0.4596797776378267
632 0.15441708387056113 0.4095967340010693
633 0.15441708387056113 0.37016528508054825
634 0.15441708387056113 0.6449631716674424
635 0.15441708387056113 1.1832285545262895
636 0.15441708387056113 0.15450291651947423
637 0.15441708387056113 0.5971144054741676
638 0.15441708387056113 0.4744763080679786
639 0.15441708387056113 0.6439714645658801
640 0.15441708387056113 0.8812339165871436
641 0.15441708387056113 1.016388295054519
642 0.15441708387056113 0.8481992944265337
643 0.15441708387056113 0.5682848402875775
644 0.15441708387056113 0.4309333607536842
645 0.15441708387056113 1.779984794473569
646 0.15441708387056113 0.5969049982678547
647 0.15441708387056113 1.1240645772088498
648 0.15441708387056113 0.6982997201094693
649 0.15441708387056113 0.6383051260948421
650 0.15441708387056113 1.111116799724302
651 0.15441708387056113 0.9788258130478011
652 0.15441708387056113 0.15450244904771138
653 0.15441708387056113 0.3016319866275554
654 0.15441708387056113 0.9574078051700315
655 0.15441708387056113 0.7033047532850119
656 0.15441708387056113 0.8320793497375853
657 0.15441708387056113 0.2619057285304416
658 0.15441708387056113 2.0368721286594327
659 0.15441708387056113 0.4822656694793049
660 0.15441708387056113 0.852596904359187
661 0.15441708387056113 0.5175546188629546
662 0.15441708387056113 0.3131857051435319
663 0.15441708387056113 0.3877353867658815
664 0.15441708387056113 0.6418898170576058
665 0.15441708387056113 0.7418274408686645
666 0.15441708387056113 1.2367992019390133
667 0.15441708387056113 0.8474153899465392
668 0.15441708387056113 1.1340355238845417
669 0.15441708387056113 1.2098077511609109
670 0.15441708387056113 0.3604728843947488
671 0.15441708387056113 0.15450143209751296
672 0.15441708387056113 0.4574264376217775
673 0.15441708387056113 0.7150795600325937
674 0.15441708387056113 0.30598665581214174
675 0.15441708387056113 1.0860486217200118
676 0.15441708387056113 1.5280405349924455
677 0.15441708387056113 1.4844886308836727
678 0.15441708387056113 0.15450067139901053
679 0.15441708387056113 0.35662707886626144
680 0.15441708387056113 1.5756153530378534
681 0.15441708387056113 1.192279819467093
682 0.15441708387056113 0.33024880767966197
683 0.15441708387056113 0.9131150763798804
684 0.15441708387056113 0.2912372825036038
685 0.15441708387056113 0.5429268276704015
686 0.15441708387056113 1.6186867240715788
687 0.15441708387056113 0.15449929910029433
688 0.15441708387056113 0.9320617945469908
689 0.15441708387056113 1.5266627020894388
690 0.15441708387056113 1.0149008881645885
691 0.15441708387056113 0.1965238542831328
692 0.15441708387056113 0.7675382538320613
693 0.15441708387056113 0.8042191383186195
694 0.15441708387056113 0.9504071394980086
695 0.15441708387056113 0.7312125853290564
696 0.15441708387056113 1.2308329830286324
697 0.15441708387056113 0.48089747498234237
698 0.15441708387056113 0.7954922521910224
699 0.15441708387056113 1.1049577802046648
700 0.15441708387056113 0.15450208252248226
701 0.15441708387056113 0.984113317724383
702 0.15441708387056113 0.485951482074047
703 0.15441708387056113 0.7068929734315357
704 0.15441708387056113 0.15450240975029034
705 0.15441708387056113 0.3585966380480393
706 0.15441708387056113 0.8411950347371391
707 0.15441708387056113 1.2522732551557931
708 0.15441708387056113 2.691454887665958
709 0.15441708387056113 0.48999411082645805
710 0.15441708387056113 0.23722659886762912
711 0.15441708387056113 1.3587854505445551
712 0.15441708387056113 0.5098537442911549
713 0.15441708387056113 0.22089488457136552
714 0.15441708387056113 0.1545025780331177
715 0.15441708387056113 0.571105515918946
716 0.15441708387056113 0.23722333234014695
717 0.15441708387056113 0.9107090150771318
718 0.15441708387056113 0.547469418916037
719 0.15441708387056113 1.1016468067034726
720 0.15441708387056113 0.30225553338700456
721 0.15441708387056113 0.7118385462573599
722 0.15441708387056113 0.5197383689249434
723 0.15441708387056113 0.8346206105403958
724 0.15441708387056113 0.7051999836152321
725 0.15441708387056113 0.897486836881211
726 0.15441708387056113 0.5675357648809899
727 0.15441708387056113 0.3020934474109586
728 0.15441708387056113 0.27845883166702934
729 0.15441708387056113 1.013514636942516
730 0.15441708387056113 0.2782265180700944
731 0.15441708387056113 0.40097681488049824
732 0.15441708387056113 0.5432132586557594
733 0.15441708387056113 1.2179713669927026
734 0.15441708387056113 0.5916476748681556
735 0.15441708387056113 0.6492484111524027
736 0.15441708387056113 0.5696889546921304
737 0.15441708387056113 0.4481383877501283
738 0.15441708387056113 0.4162543221179944
739 0.15441708387056113 0.5832920027389801
740 0.15441708387056113 0.6726385607258591
741 0.15441708387056113 0.38950966558527617
742 0.15441708387056113 0.1545024115810478
743 0.15441708387056113 1.1921463377218016
744 0.15441708387056113 1.1772937465725495
745 0.15441708387056113 0.270639887272349
746 0.15441708387056113 0.39745274931702745
747 0.15441708387056113 0.4808574552975399
748 0.15441708387056113 0.27870553177618884
749 0.15441708387056113 0.633724733186319
750 0.15441708387056113 0.24115235537997587
751 0.15441708387056113 0.9612604403030667
752 0.15441708387056113 0.824018611226569
753 0.15441708387056113 0.28961305698944195
754 0.15441708387056113 1.5207731298324842
755 0.15441708387056113 0.46113075403872694
756 0.15441708387056113 0.15450264876860614
757 0.15441708387056113 0.15455833082523918
758 0.15441708387056113 0.4621467958521199
759 0.15441708387056113 0.9873605186291509
760 0.15441708387056113 1.1289340400079668
761 0.15441708387056113 1.5060998266046175
762 0.15441708387056113 0.4556238270994532
763 0.15441708387056113 0.9355738172414105
764 0.15441708387056113 0.6493085662332717
765 0.15441708387056113 1.2007332256157197
766 0.15441708387056113 1.1519578563986308
767 0.15441708387056113 0.22065547588596332
768 0.15441708387056113 0.2957186794693564
769 0.15441708387056113 0.3015525254268595
770 0.15441708387056113 0.4332690560377258
771 0.15441708387056113 0.7288957227933462
772 0.15441708387056113 0.44616938907031245
773 0.15441708387056113 0.41627378870409126
774 0.15441708387056113 0.15450290491730514
775 0.15441708387056113 0.39854044366825614
776 0.15441708387056113 0.2571742183770239
777 0.15441708387056113 0.22025145157005807
778 0.15441708387056113 0.7428372817156648
779 0.15441708387056113 0.28702858994576
780 0.15441708387056113 0.6664757484224654
781 0.15441708387056113 0.15450272095689888
782 0.15441708387056113 0.558440548243692
783 0.15441708387056113 1.5626936841481933
784 0.15441708387056113 0.9008753810810028
785 0.15441708387056113 0.8572148726142759
786 0.15441708387056113 0.8261195663593878
787 0.15441708387056113 0.15450215935183317
788 0.15441708387056113 1.28064890226406
789 0.15441708387056113 0.4579658350044034
790 0.15441708387056113 1.7175534619156168
791 0.15441708387056113 0.7268869455068665
792 0.15441708387056113 0.518370280234321
793 0.15441708387056113 0.47632537282124265
794 0.15441708387056113 1.1818206726329494
795 0.15441708387056113 0.8506368166607459
796 0.12804355105151471 0.5187824758444609
797 0.1280329554387043 1.8997734297747382
798 0.12748541664679142 0.6902489520946117
799 0.12748541664679142 0.5672770131380882
800 0.12711294332465073 1.223956985160096
801 0.12082031152322176 0.5833255817560007
802 0.12082031152322176 0.9823576370992171
803 0.12044783820108142 0.21122180098022256
804 0.11548408156171709 0.5604059918733466
805 0.11373076851940404 0.4130347445131866
806 0.05130050293528902 0.8929152414894754
807 0.05130050293528902 0.19364687643687906
808 0.024499248090026703 0.6751264826939841
809 0.010547199858879475 0.35528190478908434
810 0.01053618806239939 0.07910800022840078
811 0.01053534677820002 0.7428465887529849
812 0.01053492137964738 0.8069856952866785
813 0.01053492137964738 0.5999630757915402
814 0.010428193788262728 1.4746841076585306
815 0.010428193788262728 0.5487323166474107
816 0.010415785668866459 0.31550855956138224
817 0.010415785668866459 0.6707997728562678
818 0.010415785668866459 0.6103622009956255
819 0.010415785668866459 0.01875927506990339
820 0.010415785668866459 0.014817599236236902
821 0.010415785668866459 0.4028251542819048
822 0.010415785668866459 0.2976738246505446
823 0.010415785668866459 0.21718531877233635
824 0.010415785668866459 1.7286896126781834
825 0.010415785668866459 0.40476941122674376
826 0.010415785668866213 0.510547615346517
827 0.010415500806212313 1.2662883069992805
828 0.010415500806212313 0.47269432520253374
829 0.010414687130897564 0.43610964264891877
830 0.010414687130897564 0.8407467892278139
831 0.010414687130897564 0.2985838095717544
832 0.010414687130897564 0.35761030110669517
833 0.010414687130897564 0.3340382412365445
834 0.010414687130897564 0.011068969193026103
835 0.010414687130897564 0.7861871635548805
836 0.010414687130897564 0.2589795517060259
837 0.010414687130897564 0.5103252579013453
838 0.010414687130897564 0.3391038910295251
839 0.010414687130897564 1.398721299542371
840 0.010414687130897564 0.4661204086043137
841 0.010414687130897564 0.21825697367433208
842 0.010414687130897564 0.2941518064890605
843 0.010414687130897318 0.8916981135491763
844 0.010414643643328001 0.1742511718039042
845 0.010414643643328001 1.2593935788027906
846 0.010414643643328001 0.21100985825691626
847 0.010414643643328001 0.010575700921690401
848 0.010414643643328001 0.6047552451771729
849 0.010414643643328001 0.39503304072135387
850 0.010414643643328001 0.6463463118730113
851 0.010414643643328001 0.026881097184285743
852 0.010414643643328001 0.01052549293410392
853 0.010414643643328001 0.7244978188202884
854 0.010414643643328001 0.17774377020645102
855 0.010414643643328001 0.010625767154343647
856 0.010414358780673856 0.9923117749349026
857 0.010414358780673856 0.6588739450142935
858 0.010414358780673856 0.20002880149985697
859 0.010414358780673856 0.01054066647674581
860 0.010414358780673856 0.2676887498438202
861 0.010414358780673856 0.5218981579309562
862 0.010414358780673856 0.010703267376847892
863 0.010414358780673856 0.010564321202371193
864 0.010414358780673856 0.40756888957844567
865 0.010414358780673856 0.010543209726790757
866 0.010414358780673856 0.834756081934085
867 0.010414358780673856 0.6206892353362619
868 0.010414358780673856 0.010530963301581032
869 0.010414358780673856 1.0772755082205547
870 0.010414285824553862 0.7222593799156739
871 0.010414285824553862 1.4205699361181932
872 0.010414285824553862 0.010534635345105793
873 0.010414285824553862 0.4444611205252729
874 0.010414285824553862 0.01053498041652649
875 0.010414285824553862 0.2116739830016293
876 0.010414285824553862 0.11192739034658765
877 0.010414285824553862 0.6561622247547604
878 0.010414285824553862 0.8556898477240178
879 0.010414285824553862 0.010540325288271542
880 0.010414285824553862 0.5580302964476247
881 0.010414285824553862 0.5144092880333547
882 0.010414285824553862 0.33911242414141085
883 0.010414285824553862 0.010533999855875395
884 0.010414285824553862 0.17872709263489084
885 0.01041421824477536 0.010529559741584624
886 0.010413933382121215 0.4464532655546489
887 0.010413933382121215 1.068501290263073
888 0.010413933382121215 1.7570054671766784
889 0.010413933382121215 0.8474376366253668
890 0.010413933382121215 1.0860275828206312
891 0.010413933382121215 0.36460799252322873
892 0.010413933382121215 1.2181792810543821
893 0.010413933382121215 0.01050861948662684
894 0.010413933382121215 0.010505570869717516
895 0.010413933382121215 0.7230588680151853
896 0.010413933382121215 0.3543753287242835
897 0.010413933382121215 0.01049315774573407
898 0.010413933382121215 0.683168681956993
899 0.010413933382121215 0.6235263218976858
900 0.010413933382121215 1.3703871219780241
901 0.010413933382121215 0.7581690486010695
902 0.010413933382121215 0.40403260044076555
903 0.010413933382121215 0.010472434848515422
904 0.010413933382121215 0.5306897671254065
905 0.010413933382121215 2.1082557867503913
906 0.010413933382121215 0.23423497261157972
907 0.010413933382121215 0.010465363036745542
908 0.010413933382121215 0.010467137578969731
909 0.010413933382121215 0.010467028131021065
910 0.010413933382121215 0.01046500322139367
911 0.010413933382121215 0.7593816823627795
912 0.010413933382121215 0.010460743208464225
913 0.010413933382121215 0.010461530136420287
914 0.010413933382121215 0.4246575042849575
915 0.010413933382121215 0.010462516152627508
916 0.010413933382121215 0.010462416720588529
917 0.010413933382121215 0.010463518319376601
918 0.010413933382121215 0.010463845634386341
919 0.010413933382121215 0.4370559936792583
920 0.010413933382121215 0.2226720850892944
921 0.010413933382121215 0.3190802570068094
922 0.010413933382121215 0.1575685512429631
923 0.010413933382121215 0.010455012594407335
924 0.010413933382121215 0.1575329749113709
925 0.010413933382121215 0.010449897576998005
926 0.010413933382121215 0.28780914518504663
927 0.010413933382121215 0.22266121119513982
928 0.010413933382121215 0.5443605593264677
929 0.01041393338212105 0.5855006708470473
930 0.01041393338212105 0.9035832504090751
931 0.01041393338212105 0.272475849143358
932 0.01041393338212105 0.6521994475871309
933 0.01041393338212105 0.5213474481833635
934 0.01041393338212105 0.25775218453480203
935 0.01041393338212105 0.22650575927238809
936 0.01041393338212105 0.15822602651882542
937 0.01041393338212105 1.7067505821016469
938 0.01041393338212105 0.4662608847736508
939 0.01041393338212105 0.3739761713742032
940 0.01041393338212105 0.9471331664222117
941 0.01041393338212105 0.6865397101221689
942 0.01041393338212105 1.4181795494418754
943 0.01041393338212105 0.12315538784217761
944 0.01041393338212105 0.4852775696203772
945 0.01041393338212105 0.5647543866464236
946 0.01041393338212105 0.1489130709295527
947 0.01041393338212105 0.834186754417075
948 0.01041393338212105 0.9058265835646876
949 0.01041393338212105 0.4953615013842313
950 0.01041393338212105 0.6884194044508082
951 0.01041393338212105 1.2124761973530283
952 0.01041393338212105 0.010428488624149579
953 0.01041393338212105 1.2190786448736184
954 0.01041393338212105 0.9477137126234632
955 0.01041393338212105 0.24095872963801693
956 0.01041393338212105 0.21847878511321983
957 0.01041393338212105 0.5905422017746005
958 0.01041393338212105 0.010427838083010668
959 0.01041393338212105 1.3472762866262225
960 0.01041393338212105 2.5399943173250064
961 0.01041393338212105 0.4859211582580693
962 0.01041393338212105 0.8417826450023265
963 0.01041393338212105 0.5533491171610612
964 0.01041393338212105 0.15707394056173424
965 0.01041393338212105 0.010446800834381471
966 0.01041393338212105 0.3420805301865892
967 0.01041393338212105 1.0864578316372995
968 0.01041393338212105 1.0441316477556932
969 0.01041393338212105 1.1942045100960679
970 0.01041393338212105 0.6453502581390409
971 0.01041393338212105 0.010462081739762147
972 0.01041393338212105 0.42964587579045294
973 0.01041393338212105 0.010459391162879505
974 0.01041393338212105 0.157592306440789
975 0.01041393338212105 0.6341515681866978
976 0.01041393338212105 0.7131975572831489
977 0.01041393338212105 0.3764863820664112
978 0.01041393338212105 0.010461272950600098
979 0.01041393338212105 0.5685708276096036
980 0.01041393338212105 0.5118852167712601
981 0.01041393338212105 0.27729951682018483
982 0.01041393338212105 0.39634520893819947
983 0.01041393338212105 0.6713811321969878
984 0.01041393338212105 0.767361852756327
985 0.01041393338212105 0.15610551634174524
986 0.01041393338212105 0.5440254895901337
987 0.01041393338212105 0.07672311385374285
988 0.01041393338212105 0.517516834546458
989 0.01041393338212105 0.01046529910179282
990 0.01041393338212105 0.46142051016400176
991 0.01041393338212105 1.2011107726054795
992 0.01041393338212105 0.19625806920739233
993 0.01041393338212105 0.010469962154667884
994 0.01041393338212105 1.2782033016300918
995 0.01041393338212105 0.3137588220700195
996 0.01041393338212105 0.39670739525048676
997 0.01041393338212105 1.5122183811362744
998 0.01041393338212105 0.15765240070057257
999 0.01041393338212105 0.8687127737574188
