# iteración mejor promedio
0 26.334496717798633 87.77838207220415
1 26.334496717798633 81.79980537848523
2 26.334496717798633 72.16608825996082
3 23.111205661170082 68.40507769230263
4 10.312069701397288 64.25930461941525
5 10.312069701397288 57.797102262088565
6 6.6866970652234645 50.49634860885628
7 6.598771925641245 41.22484512507267
8 3.724359094448041 29.68827351302033
9 3.3710504399806434 20.050995502388886
10 3.3710504399806434 13.216272085308262
11 2.7034735688827025 9.875623278815313
12 2.3169704485303986 8.473865645590598
13 2.3169704485303986 6.834732775193606
14 2.2955340767574577 5.604808612748952
15 2.0697859466514363 5.577511255317433
16 2.0697859466514363 5.859128368700881
17 2.0697859466514363 5.1164413541383125
18 2.0697859466514363 4.10657902321561
19 2.0410674927823553 3.9003037996235896
20 1.9738581577726246 4.095642477108296
21 1.954665297148855 4.497107543325306
22 1.8795167466749072 3.7430200664023134
23 1.8587602709132671 4.237745208961524
24 1.8336143663742068 4.2053393179027765
25 1.8336143663742068 3.3802509351259618
26 1.8336143663742068 2.7002446985452195
27 1.8336143663742068 2.6742909878420447
28 1.7873999588160507 2.8599598596482383
29 1.7629269209184473 2.451053829501171
30 1.7629269209184473 2.679594525710206
31 1.7629269209184473 3.2321192704364115
32 1.7629269209184473 3.291279918683005
33 1.7613097852901591 2.6605489718620925
34 1.7613097852901591 3.09899882049284
35 1.7282782351061248 3.189535012836045
36 1.728255160587409 3.374657328456844
37 1.728255160587409 2.9817446390023985
38 1.7282533849165114 4.709369076664877
39 1.6039862883531328 3.5224327003903544
40 1.587610757954988 2.3411539681886144
41 1.5229106920560649 3.4882702358658646
42 1.5229106920560649 3.247071258447526
43 1.5226634047005052 2.376770896205956
44 1.5165577903694438 3.1695962478160853
45 1.5165577903694438 2.314159100143291
46 1.5165577903694438 2.2663037360285956
47 1.4976768390216406 2.084257229413561
48 1.4976768390216406 2.107262647486043
49 1.4976768390216406 2.078949899588122
50 1.488204993479761 2.5434916341613327
51 1.4757873166171986 2.654130635445152
52 1.4757873166171986 2.7027665107206436
53 1.4757873166171986 2.316860209939151
54 1.4757873166171986 2.2127272366679795
55 1.4757873166171986 2.112329765613862
56 1.457042581724481 1.8985594484874488
57 1.457042581724481 2.2506630801899727
58 1.457042581724479 1.8439441711212166
59 1.457042581724479 2.028042106639499
60 1.4523178007954975 2.637154911747442
61 1.4338265041029858 2.0783655372932754
62 1.4338265041029858 2.2082233116201984
63 1.4338265041029858 1.6819253064060717
64 1.4227874042956765 1.8132249873189437
65 1.421587495168959 1.7479902269180507
66 1.421587495168959 1.9622304787811031
67 1.421587495168959 2.3735101506220078
68 1.421587495168959 2.2191447567371103
69 1.421587495168959 2.1160084882813055
70 1.421587495168959 2.1583917702862094
71 1.421587495168959 1.9486282436444815
72 1.421587495168959 2.9640881628622098
73 1.421587495168959 1.7467492832844038
74 1.421587495168959 2.1609121386686603
75 1.421587495168959 2.276745349594273
76 1.421587495168959 2.6122917796375016
77 1.421587495168959 2.683886585092613
78 1.421587495168959 2.987226847687719
79 1.421587495168959 2.6666687247025527
80 1.421587495168959 2.1247751042410026
81 1.421587495168959 1.7893320927903076
82 1.421587495168959 1.8214449770254553
83 1.421587495168959 2.104917688279539
84 1.421587495168959 3.3140503170977462
85 1.421587495168959 2.001676828056378
86 1.421587495168959 2.370145055625271
87 1.421587495168959 2.0540002190738798
88 1.4215279011769193 1.9316953948520024
89 1.4215279011769193 1.8559928184432868
90 1.4215279011769193 2.468134701769428
91 1.4215279011769193 2.973231740331893
92 1.4215279011769193 1.6836404907340607
93 1.4215279011769193 2.111282040235657
94 1.4215279011769193 1.8324609212217708
95 1.4215279011769193 1.9821984062388749
96 1.4202744385626411 2.2509983213219895
97 1.4202744385626411 1.579549721857862
98 1.4202744385626411 1.744787236840202
99 1.4202744385626411 1.4985031400871096
100 1.4202744385626411 1.572094884291446
101 1.4202744385626411 2.021494008455285
102 1.4202744385626391 1.909307996686529
103 1.4202744385626391 2.6123523896848355
104 1.4202744385626391 2.2347209220406574
105 1.4202744385626391 2.715230382542937
106 1.4202744385626391 1.9129634754517064
107 1.3872153022987306 1.5561313823033927
108 1.3872153022987306 2.5404442068896445
109 1.3872153022987306 1.4814713715198382
110 1.3704718817009778 2.206111888358474
111 1.3704718817009778 2.0718220855641203
112 1.3704718817009778 1.8372387921854614
113 1.3634390100336544 1.816883159976278
114 1.3634390100336544 1.7834640004481852
115 1.3634390100336544 1.7132063707282743
116 1.3550392963268214 1.8090343701994567
117 1.3550392963268214 1.508290560549739
118 1.3550392963268214 1.8773338256202228
119 1.3550392963268214 1.8507693224693424
120 1.3550392963268214 1.9966395618015285
121 1.3550392963268214 2.5841349593356386
122 1.3550392963268214 3.842590538628796
123 1.3485170010557614 3.0643255816017807
124 1.3412848355369222 2.4692917861898516
125 1.3412848355369222 2.3223040942895143
126 1.3412848355369222 2.738385274587547
127 1.3412848355369222 1.9797081473699993
128 1.3412848355369222 1.8639271640966855
129 1.3256377924770768 3.2418733099807717
130 1.325512144741172 2.1947223871017703
131 1.3251156567438844 2.1390244290792584
132 1.3251156567438844 2.819902733336936
133 1.3251156567438844 2.118015040261645
134 1.3251156567438844 1.9941878877164247
135 1.3251156567438844 1.9539873779784553
136 1.3251156567438844 2.2391325586254203
137 1.3251156567438844 1.476319181552593
138 1.3244147486786093 2.040044067335641
139 1.3244147486786093 2.077647809088976
140 1.3243959090003976 1.6887716255437968
141 1.323365725837621 3.1357976446631644
142 1.323365725837621 2.2253256487503696
143 1.3233453797585835 2.538488057181361
144 1.3233453797585835 1.7166558753236754
145 1.323344953430198 2.1825826762187064
146 1.323344953430198 1.5256775915079879
147 1.323344953430198 2.62767981644601
148 1.323344953430198 2.0381314809399793
149 1.323344953430198 1.8224486780029359
150 1.323344953430198 2.0108379326972114
151 1.3231814686954315 1.801144376196284
152 1.3226409015045146 2.438821560150394
153 1.3219524570386656 2.500066168068347
154 1.3124994789507742 2.5798205320477354
155 1.312374704482937 2.440793368179001
156 1.312374704482937 1.6725114863591992
157 1.312374704482937 1.8632012434024319
158 1.312374704482937 1.8175691581585738
159 1.3121313918650093 2.4429772862977375
160 1.3121313918650093 1.427483793927014
161 1.3121313918650093 1.9502875322640778
162 1.3105267028488155 1.6711675159104191
163 1.3105267028488155 1.491466249872779
164 1.3035348169998706 1.8979859487178206
165 1.3028108328899999 2.061694050765004
166 0.731741319857827 3.325166871942149
167 0.731741319857827 2.5330233318616293
168 0.10333190686137421 2.746550098633299
169 0.06477252059162279 2.040631561934623
170 0.06471332506874436 0.8046263392749406
171 0.062257824737580986 1.2806562353203688
172 0.061548664929822805 0.10675736239008898
173 0.061548664929822805 0.09065925557547566
174 0.06151883801225703 0.9852007164330355
175 0.06117183816579877 1.976222834437477
176 0.060217262744191154 0.3588656959883111
177 0.060217262744191154 0.6869379838729033
178 0.060143560635950055 0.07460293847199914
179 0.060143560635950055 0.07333079492850854
180 0.060143560635950055 0.6893597796457758
181 0.06002215498847874 0.5034789346235392
182 0.05967596773253017 0.06928783057556037
183 0.05967359537116945 0.5957462229561336
184 0.05967359537116945 0.21498516522205569
185 0.05967359537116945 1.6815933824847007
186 0.05967359537116945 0.13438041357667344
187 0.05967359537116945 0.06696997465990397
188 0.05967359537116945 0.9384938703349869
189 0.05967359537116945 0.5052429472428618
190 0.05967359537116945 0.0649106346718083
191 0.05967359537116945 0.6244539528028384
192 0.05948258194390539 0.3694087186758157
193 0.05948258194390539 0.3242596043778376
194 0.05948258194390539 0.6387195542014732
195 0.05948258194390539 0.46892996720190594
196 0.05948258194390539 1.08617091122438
197 0.05948258194390539 0.26558189731066983
198 0.05948258194390539 0.7785470967215318
199 0.05948258194390539 0.8670457696948245
200 0.05868295622549023 0.2099818585683506
201 0.05868295622549023 0.1778847105984399
202 0.05868295622549023 0.06317937039642957
203 0.05868295622549023 0.16487615728426583
204 0.05868295622549023 0.8434367208049274
205 0.05868295622549023 0.06284160619156308
206 0.05868295622549023 0.06259869000032312
207 0.05868295622549023 0.0624310235460478
208 0.05868295622549023 0.14445302680689565
209 0.05868295622549023 0.0625386573372007
210 0.05868295622549023 0.4211268930435032
211 0.05868295622549023 0.3237060899729377
212 0.05868295622549023 0.06230999365233731
213 0.05868295622549023 0.062179464622477296
214 0.05868295622549023 0.20723437900977348
215 0.05868295622549023 0.6275574979675643
216 0.05868295622549023 0.06185816702069515
217 0.05868295622549023 0.06188772893385729
218 0.05868295622549023 0.06193051798946179
219 0.05868295622549023 0.9565149054774839
220 0.05868295622549023 0.38944840006523324
221 0.05868295622549023 0.06196965877224282
222 0.05868295622549023 0.3567337305500809
223 0.05868295622549023 0.20786483981457482
224 0.05867626835465972 0.9104066249629933
225 0.05867626835465972 0.1952648919666978
226 0.05867626835465972 0.06146384923945294
227 0.05867626835465972 0.061349297184367234
228 0.05867611865156252 0.06121832862213685
229 0.05867611865156252 0.06118451894480554
230 0.05867611865156252 0.47460173279723006
231 0.05860092798813389 0.4232043751637691
232 0.05860092798813389 1.432211267988371
233 0.05860092798813389 0.2962364581803312
234 0.05860092798813389 0.9168535575359213
235 0.05855323814605769 0.0606354434934551
236 0.05855323814605769 0.2920913613058694
237 0.05855323814605769 0.6687540025056833
238 0.05855323814605769 0.11310631361957801
239 0.05855323814605769 0.06059484041498105
240 0.05855323814605769 0.5375917112494217
241 0.05855323814605769 0.06039930384858695
242 0.05855323814605769 0.5147247333200202
243 0.05855323814605769 0.060257828319166304
244 0.05855323814605769 0.42424723814389104
245 0.058493411075903924 0.060218907205355256
246 0.058493411075903924 0.4739125530931335
247 0.05849181996491574 0.4870654145200163
248 0.05849181996491574 1.0751222013957855
249 0.05849181996491574 0.060094660652889535
250 0.05849181996491574 0.6195697808649934
251 0.05849181996491574 0.528754232108793
252 0.05849181996491574 0.3214077556608759
253 0.05849181996491574 0.2651622524542669
254 0.05849181996491574 0.12924087682127314
255 0.05849181996491574 0.20681020089777744
256 0.0584913936126884 0.16369901729130645
257 0.0584913936126884 0.8080941400107357
258 0.0584913936126884 1.1228485739399505
259 0.05849021721909551 0.9851058896412358
260 0.05849021721909551 1.0781179826427596
261 0.05849021721909551 1.0399887792176152
262 0.05849021721909551 0.5237527435558108
263 0.05849021721909551 0.6562854314353957
264 0.05849021721909551 0.05966191757436299
265 0.05849011939590586 0.3902288419836977
266 0.05849011939590586 1.6605790064136072
267 0.05849011939590586 0.05962972311685855
268 0.05849011939590586 1.2940051996838076
269 0.058468066882758164 0.3174898583291509
270 0.058468066882758164 0.5262995207726162
271 0.058468066882758164 0.6448033195079533
272 0.058468066882758164 0.05953313801199487
273 0.058468066882758164 0.5374386700743942
274 0.058468066882758164 1.0682690179115009
275 0.058468066882758164 0.3248691599653344
276 0.058468066882758164 1.2356704531666305
277 0.058468066882758164 0.1262394036565489
278 0.058468066882758164 0.059453761561097905
279 0.058468066882758164 0.9913524428051472
280 0.058468066882758164 0.16618695409902778
281 0.05846796905956851 0.5091336732971616
282 0.05846796905956851 0.05924684995262292
283 0.05846796905956851 0.43464929208534464
284 0.05846796905956851 0.32004135388294025
285 0.05846796905956851 1.0293792022652408
286 0.05846796905956851 0.3205244148389111
287 0.05846796905956851 0.27553440008639923
288 0.05846796905956851 0.3491340612280463
289 0.05846796905956851 0.0591589614472172
290 0.058453192822664334 0.7217767537002767
291 0.058453192822664334 0.6624903935275986
292 0.058453192822664334 0.059166796566088004
293 0.058453192822664334 0.33545173894057234
294 0.058453192822664334 0.1248323442048809
295 0.058453192822664334 0.05903743136974542
296 0.05845160171167615 0.6154938235159512
297 0.05845160171167615 0.5505080546160288
298 0.05845160171167615 0.059043172890682685
299 0.05845160171167615 1.0492065401245545
300 0.05845160171167615 0.22528320348265254
301 0.05845160171167615 0.1374641268601349
302 0.05845160171167615 0.8081397703044053
303 0.05845160171167615 0.05911906244787242
304 0.05845160171167615 0.059108813970652596
305 0.05845160171167615 0.5867463704459311
306 0.05845160171167615 0.05899036872732011
307 0.058451601711675724 0.5316887620907774
308 0.058451601711675724 1.3078102575811033
309 0.058451601711675724 0.05896287865418042
310 0.058451503888486495 0.17526778362626452
311 0.058451503888486495 0.627884613124269
312 0.058451503888486495 0.7452916687105082
313 0.058451503888486495 0.4075172126493044
314 0.058451503888486495 0.4284476238876332
315 0.058451503888486495 0.3838732949575774
316 0.058451503888486495 0.544104087372194
317 0.058451503888486495 0.843851645205936
318 0.058451503888486495 0.5772349917010297
319 0.058451503888486495 0.3030281092049829
320 0.058451503888486064 0.3427108450009487
321 0.058451503888486064 1.2791464456514925
322 0.058451503888486064 0.5417314849775048
323 0.058451503888486064 1.6183189892623044
324 0.058451503888486064 0.8867146508429273
325 0.058451503888486064 0.29950831459011024
326 0.058451503888486064 2.3032162561290774
327 0.058451503888486064 0.1420478113799903
328 0.058451503888486064 1.7350536680220194
329 0.058451503888486064 0.35470516607612274
330 0.058451503888486064 0.19267532464733203
331 0.058451503888486064 0.2217895237697351
332 0.058451503888486064 0.3046337304410072
333 0.058451503888486064 0.41429592275142596
334 0.058451503888486064 1.481460601282979
335 0.058451503888486064 2.2496290415633426
336 0.058451503888486064 1.548699797603243
337 0.058451503888486064 0.12459809608230892
338 0.058451503888486064 0.4133157227939
339 0.058451503888486064 2.198844513804139
340 0.058451503888486064 0.7537082616830705
341 0.058451503888486064 0.16552991385943602
342 0.058451503888486064 0.17118825159787224
343 0.058451503888486064 0.3208292531196308
344 0.058451503888486064 0.8823850338804385
345 0.058451503888486064 0.05887144943347817
346 0.058451503888486064 0.27339907845827155
347 0.058451503888486064 0.20585189640641036
348 0.058451503888486064 0.3206632593661409
349 0.058451503888486064 0.9625845560701226
350 0.058451503888486064 0.4709252645293269
351 0.058451503888486064 1.0412195959638246
352 0.058451503888486064 0.8882655219999144
353 0.058451503888486064 0.25926216477877295
354 0.058451503888486064 0.05900009464899912
355 0.058451503888486064 1.4760887030974763
356 0.058451503888486064 1.3598007147137177
357 0.058451503888486064 0.7780075287988487
358 0.058451503888486064 0.6919625178251556
359 0.058451503888486064 0.058881612958899085
360 0.058451503888486064 1.2089040890795946
361 0.058451503888486064 0.4079612087082436
362 0.058451503888486064 0.4297538121574574
363 0.058451503888486064 0.058882855456160905
364 0.058451503888486064 0.8898053088760745
365 0.058451503888486064 1.5706907685615203
366 0.058451503888486064 1.3962834588142845
367 0.058451503888486064 0.4258764907147
368 0.058451503888486064 0.25306654905916176
369 0.058451503888486064 0.37161504116773436
370 0.058451503888486064 1.4233675388488152
371 0.058451503888486064 0.7620784712303323
372 0.058451503888486064 0.24682119373961192
373 0.058451503888486064 0.7826020055397332
374 0.058451503888486064 0.058855286777510646
375 0.058451503888486064 0.703795759604121
376 0.058451503888486064 1.358726165637737
377 0.058451503888486064 0.5461224722964902
378 0.058451503888486064 1.0684428140257896
379 0.058451503888486064 0.821187671283221
380 0.058451503888486064 0.058806847895427256
381 0.058451503888486064 0.8999471174836221
382 0.058451503888486064 0.058861191713600186
383 0.058451503888486064 0.8787305814480697
384 0.058451503888486064 1.6937528626550016
385 0.058451503888486064 0.34455318150234954
386 0.058451503888486064 0.05889333830759834
387 0.058451503888486064 0.7652224440854095
388 0.058451503888486064 0.4774756435209329
389 0.058451503888486064 0.3576812957815537
390 0.058451503888486064 0.30989834249010356
391 0.058451503888486064 0.991037781866394
392 0.058451503888486064 0.92802730758158
393 0.058451503888486064 0.1250695471255931
394 0.058451503888486064 1.709445969661843
395 0.058451503888486064 0.5520638237919844
396 0.058451503888486064 0.7871724902197829
397 0.058451503888486064 0.7191496136452123
398 0.058451503888486064 0.4402984038830287
399 0.058451503888486064 1.1480955523889862
400 0.058451503888486064 1.2536423061683355
401 0.058451503888486064 1.2407046988330752
402 0.058451503888486064 0.8316797633155183
403 0.058451503888486064 0.20620225711261447
404 0.058451503888486064 0.059235524696120215
405 0.058451503888486064 0.23755397044822854
406 0.058451503888486064 0.8613906563977278
407 0.058451503888486064 0.39029967550444833
408 0.058451503888486064 0.3304718909005412
409 0.058451503888486064 0.34118694628454754
410 0.058451503888486064 0.32424044514145
411 0.058451503888486064 0.4852502757462707
412 0.058451503888486064 1.7825866267606818
413 0.058451503888486064 0.6528394974009016
414 0.058451503888486064 0.13272333409586815
415 0.058451503888486064 0.8043372171067592
416 0.058451503888486064 0.43012575248829216
417 0.058451503888486064 0.8065621536118673
418 0.058451503888486064 0.5760290195344455
419 0.058451503888486064 0.7048773825902004
420 0.058451503888486064 0.16630359023067734
421 0.058451503888486064 1.1686134695720485
422 0.058451503888486064 1.0397108940435156
423 0.058451503888486064 0.7842899438342361
424 0.058451503888486064 0.669712479845715
425 0.058451503888486064 0.9082578004749761
426 0.058451503888486064 0.0589769337139377
427 0.058451503888486064 1.2568718350027517
428 0.058451503888486064 1.6586067111114309
429 0.058451503888486064 0.058938100443944305
430 0.058451503888486064 0.9073178919191522
431 0.058451503888486064 1.415414031201059
432 0.058451503888486064 1.2781606619209114
433 0.058451503888486064 1.2385474584721623
434 0.058451503888486064 0.8271251523558779
435 0.058451503888486064 0.8211485514355681
436 0.058451503888486064 0.6238674183745235
437 0.058451503888486064 0.8062395778186848
438 0.058451503888486064 0.6504893054209249
439 0.058451503888486064 0.7812373885118592
440 0.058451503888486064 0.2960692109905725
441 0.058451503888486064 1.3399965498094621
442 0.058451503888486064 0.3574791643987282
443 0.058451503888486064 0.05888675637239194
444 0.058451503888486064 0.6599113882332136
445 0.058451503888486064 0.3231055292383984
446 0.058451503888486064 2.5661006295692097
447 0.058451503888486064 0.30593658929797596
448 0.058451503888486064 0.31459402963852556
449 0.058451503888486064 1.3281260440665519
450 0.058451503888486064 0.6813947340740104
451 0.058451503888486064 0.7428091019274065
452 0.058451503888486064 0.7266738132280604
453 0.058451503888486064 0.5911387289486096
454 0.058451503888486064 0.9545326407172229
455 0.058451503888486064 0.7874356351930697
456 0.058451503888486064 0.059198172667642074
457 0.058451503888486064 0.05928064850748382
458 0.058451503888486064 1.8609467957047534
459 0.058451503888486064 0.84091879402951
460 0.058451503888486064 0.2933243522882794
461 0.058451503888486064 0.37207018496967137
462 0.058451503888486064 0.514902113115395
463 0.058451503888486064 1.704895774353595
464 0.058451503888486064 0.4675710960771641
465 0.058451503888486064 0.9651988636139026
466 0.058451503888486064 1.449300497419274
467 0.058451503888486064 0.5413811795185162
468 0.058451503888486064 0.14180242905970164
469 0.058451503888486064 0.37039124172798316
470 0.058451503888486064 0.059056652554879505
471 0.058451503888486064 1.4854759055721665
472 0.058451503888486064 0.9290714972940767
473 0.058451503888486064 2.186025836490009
474 0.058451503888486064 0.1811095255720631
475 0.058451503888486064 0.058926203460369884
476 0.058451503888486064 0.21902023764143558
477 0.058451503888486064 0.7161252808482419
478 0.058451503888486064 0.29064877542489326
479 0.058451503888486064 0.05902374347918588
480 0.058451503888486064 0.9081379514114718
481 0.058451503888486064 0.19379064563691514
482 0.058451503888486064 0.29229979526794486
483 0.058451503888486064 0.9336003789682511
484 0.058451503888486064 1.3335036078707931
485 0.058451503888486064 0.39471578311836014
486 0.058451503888486064 0.6871681323609639
487 0.058451503888486064 0.05886056078323314
488 0.058451503888486064 0.6725464009505265
489 0.058451503888486064 0.05875918401446442
490 0.058451503888486064 0.861216870894323
491 0.058451503888486064 0.1254476986611766
492 0.058451503888486064 0.05876352210647591
493 0.058451503888486064 0.058785149631151105
494 0.058451503888486064 0.058792337938526194
495 0.058451503888486064 0.9174792039655926
496 0.058451503888486064 1.7276050756764392
497 0.058451503888486064 0.3966391297451058
498 0.058451503888486064 0.8530516538273349
499 0.058451503888486064 0.12470604085732769
500 0.058451503888486064 0.05877367938938025
501 0.058451503888486064 0.6892751540078901
502 0.058451503888486064 0.2721617989310112
503 0.058451503888486064 1.4208426748686478
504 0.058451503888486064 0.3384569989254277
505 0.058451503888486064 0.29961083503618274
506 0.058451503888486064 0.5748879667515269
507 0.058451503888486064 0.34874134755780917
508 0.058451503888486064 0.847943660682349
509 0.058451503888486064 0.8906436800917777
510 0.058451503888486064 1.9843525558402875
511 0.058451503888486064 0.4928719995431614
512 0.058451503888486064 0.20568140764731596
513 0.058451503888486495 0.05869056592115605
514 0.058451503888486495 0.0586948543071616
515 0.058451503888486495 0.4593506536275615
516 0.058451503888486495 0.32353714905010966
517 0.058451503888486495 0.25987410537425304
518 0.058451503888486495 0.16921108094820322
519 0.058451503888486495 0.05867920053759514
520 0.058451503888486495 0.1996345860733689
521 0.058451503888486495 0.5965877007066024
522 0.058451503888486495 0.058613070135385185
523 0.058451503888486495 0.2729290695803944
524 0.058451503888486495 0.22471163549905282
525 0.058451503888486495 0.39240668608844964
526 0.058451503888486495 0.05862049637984731
527 0.058451503888486495 0.05859883953616984
528 0.058451503888486495 0.7716165187025319
529 0.058451503888486495 0.16098386013029384
530 0.058451503888486495 0.5903302962230322
531 0.058451503888486495 0.2676185079516657
532 0.058451503888486495 0.9056795326645612
533 0.058451503888486495 0.5823902469535127
534 0.058451503888486495 0.33253757304330256
535 0.058451503888486495 2.330070776516855
536 0.058451503888486495 0.16130957224604042
537 0.058451503888486495 1.3121661353396683
538 0.058451503888486495 0.3920797625360917
539 0.058451503888486495 0.058551413067057696
540 0.058451503888486495 0.2678067298826926
541 0.058451503888486495 0.058553671232719096
542 0.058451503888486495 0.05854400508612307
543 0.058451503888486495 0.47767328490989336
544 0.058451503888486495 0.05853169009843261
545 0.058451503888486495 0.61444066979085
546 0.058451503888486495 0.5742902836060354
547 0.058451503888486495 0.3847043785715498
548 0.058451503888486495 0.12578201221656699
549 0.058451503888486495 0.7295476782456489
550 0.058451503888486495 0.3400576757615857
551 0.058451503888486495 0.8395258928296783
552 0.058451503888486495 0.058497263494494633
553 0.058451503888486495 0.05850123004798797
554 0.058451503888486495 1.6115563176133072
555 0.058451503888486495 0.0585116132840425
556 0.058451503888486495 0.058513104192303246
557 0.058451503888486495 0.5101421455641794
558 0.058451503888486495 0.44810718096345764
559 0.058451503888486495 0.538482056629892
560 0.058451503888486495 0.2119584292943021
561 0.058451503888486495 0.05850441228981276
562 0.058451503888486495 0.2713816636748348
563 0.058451503888486495 0.3370869065316874
564 0.058451503888486495 0.05850823395674328
565 0.058451503888486495 0.8947728828613302
566 0.058451503888486495 0.6743306924078409
567 0.058451503888486495 0.14712380709322206
568 0.058451503888486495 0.6254018541058438
569 0.058451503888486495 1.1565777145126834
570 0.058451503888486495 0.058512483832586684
571 0.058451503888486495 0.6492007359501283
572 0.058451503888486495 0.5435759431127922
573 0.058451503888486495 1.1557759141348736
574 0.058451503888486495 1.3672608484614202
575 0.058451503888486495 1.0461143060906204
576 0.058451503888486495 0.5178303119981885
577 0.058451503888486495 0.1618659335732648
578 0.058451503888486495 1.1160529735047664
579 0.05845032816246573 0.05853060834972923
580 0.05845032816246573 0.05852822307555252
581 0.05845032816246573 0.4651314467651322
582 0.05845032816246573 0.3812233003522181
583 0.05845032816246573 0.32451317889607667
584 0.05845032816246573 0.05852970214680209
585 0.05845032816246573 0.7809534602879852
586 0.05845032816246573 0.05854034275994821
587 0.05845032816246573 0.7239786512098036
588 0.05845032816246573 0.05854268430229545
589 0.05845032816246573 0.3139554417076847
590 0.05845032816246573 0.3942058782383589
591 0.05845032816246573 0.05855830715062632
592 0.05845032816246573 0.757269514662826
593 0.05845032816246573 0.3201505469194689
594 0.05845032816246573 0.21183332229610538
595 0.05845032816246573 0.5563793845900026
596 0.05845032816246573 0.05856789848781428
597 0.05845032816246573 0.12434313120859447
598 0.05845032816246573 0.22471098407671794
599 0.05845032816246573 0.31588354977232785
600 0.05845032816246573 1.1190271354337358
601 0.05845032816246573 0.150651300949768
602 0.05845032816246573 0.05854750168108695
603 0.05845032816246573 0.12462858554682532
604 0.05845032816246573 0.05854056036832504
605 0.05845032816246573 0.4060640468111027
606 0.05845032816246573 0.3201551477316544
607 0.05845032816246573 0.9403194080152137
608 0.05845032816246573 0.05855062411880125
609 0.05845032816246573 1.0644908806240574
610 0.05845032816246573 0.05853430729248551
611 0.05845032816246573 1.3358684049531804
612 0.05845032816246573 0.4450550587691094
613 0.05845032816246573 0.15216612739061566
614 0.05845032816246573 0.4201237996531721
615 0.05845032816246573 0.5693925416854497
616 0.05845032816246573 0.5564991304775784
617 0.05845032816246573 0.05855239992571744
618 0.05845032816246573 0.12434363752442476
619 0.05845032816246573 0.0585474444984497
620 0.05845032816246573 0.058542875904378455
621 0.05845032816246573 0.058548070059627616
622 0.05845032816246573 1.0649265746451377
623 0.05845032816246573 0.34240565165745523
624 0.05845032816246573 0.7464817834809763
625 0.05845032816246573 1.2944261188921777
626 0.05845032816246573 1.3807885766848518
627 0.05845032816246573 0.2091846765680441
628 0.05845032816246573 0.1989770455685958
629 0.05845032816246573 0.7390305273550455
630 0.05845032816246573 0.9874896376711851
631 0.05845032816246573 0.13979846815232094
632 0.05845032816246573 0.7113614390933407
633 0.05845032816246573 0.3202601352717147
634 0.05845032816246573 0.05855888086885169
635 0.05845032816246573 0.6423077342982441
636 0.05845032816246573 0.2159439176331243
637 0.05845032816246573 0.0585682437243399
638 0.05845032816246573 0.912463194740398
639 0.05845032816246573 1.4062544712680252
640 0.05845032816246573 0.42280072087021814
641 0.05845032816246573 0.13448284439823768
642 0.05845032816246573 0.4426000578894636
643 0.05845032816246573 0.5852535208297731
644 0.05845032816246573 0.058549098431630926
645 0.05845032816246573 0.3246659896813396
646 0.05845032816246573 0.3153960127563358
647 0.05845032816246573 0.6822367240398609
648 0.05845032816246573 1.507105775404619
649 0.05845032816246573 1.0335764121089188
650 0.05845032816246573 0.05856834164110893
651 0.05845032816246573 0.363390674225452
652 0.05845032816246573 0.1419979962607524
653 0.05845032816246573 0.7669210105417587
654 0.05845032816246573 0.058568958903528305
655 0.05845032816246573 1.0466041804119033
656 0.05845032816246573 0.9790190660050869
657 0.05845032816246573 0.05856271719048519
658 0.05845032816246573 1.21934630805524
659 0.05845032816246573 0.05856435531668601
660 0.05845032816246573 0.05857141340978466
661 0.05845032816246573 0.3181632463620106
662 0.05845032816246573 1.0607961941941113
663 0.05845032816246573 1.190867986588225
664 0.05845032816246573 0.27622161972586434
665 0.05845032816246573 0.0585685835441717
666 0.05845032816246573 0.3408923154472228
667 0.05845032816246573 1.2320068782830162
668 0.05845032816246573 1.0026927631812783
669 0.05845032816246573 0.1968985571028152
670 0.05845032816246573 0.3836133572079828
671 0.05845032816246573 0.05858468939420347
672 0.05845032816246573 0.05858425186019902
673 0.05845032816246573 0.058576690291730654
674 0.05845032816246573 0.5625972342956859
675 0.05845032816246573 0.05857972993366631
676 0.05845032816246573 0.058583423315008404
677 0.05845032816246573 0.8930273663811731
678 0.05845032816246573 0.6036765050420438
679 0.05845032816246573 0.2598619170466113
680 0.05845032816246573 0.44903748972555896
681 0.05845032816246573 0.05857091148693787
682 0.05845032816246573 0.05857040828235222
683 0.05845032816246573 0.05856572445665253
684 0.05845032816246573 0.4675674078129417
685 0.05845032816246573 0.34739627249233995
686 0.05845032816246573 0.5565121318881823
687 0.05845032816246573 0.31115215113585654
688 0.05845032816246573 0.877162912334708
689 0.05845032816246573 0.40672261513433017
690 0.05845032816246573 0.20649987609623732
691 0.05845032816246573 0.058565722750707136
692 0.05845032816246573 0.05856562434690834
693 0.05845032816246573 0.7939651512986093
694 0.05845032816246573 0.05856309885798316
695 0.05845032816246573 0.6665347779808394
696 0.05845032816246573 1.9967994671558045
697 0.05845032816246573 0.635746783931712
698 0.05845032816246573 0.2954084734802548
699 0.05845032816246573 0.05855695119545194
700 0.05845032816246573 0.8431688680685839
701 0.05845032816246573 0.44866686396798383
702 0.05845032816246573 0.8843868534410589
703 0.05845032816246573 0.2903335480313365
704 0.05845032816246573 0.05855529451419722
705 0.05845032816246573 0.7954858930694095
706 0.05845032816246573 0.058550000442680716
707 0.05845032816246573 0.433147631599703
708 0.05845032816246573 0.05853244871273851
709 0.05845032816246573 0.5302341400314932
710 0.0584503281624653 0.32398023530373427
711 0.0584503281624653 0.46190675176313967
712 0.0584503281624653 0.45212404229080105
713 0.0584503281624653 0.21277080316342228
714 0.0584503281624653 0.14119795469692362
715 0.0584503281624653 0.1717835584679426
716 0.0584503281624653 0.39406315905612127
717 0.0584503281624653 0.0585461314160226
718 0.0584503281624653 1.0187520337853604
719 0.0584503281624653 0.6163674317737148
720 0.0584503281624653 0.5397521074463932
721 0.0584503281624653 0.4011566833282164
722 0.0584503281624653 0.37088167452037574
723 0.0584503281624653 0.7417456245354588
724 0.0584503281624653 0.3055144091140614
725 0.0584503281624653 0.14587618625428397
726 0.0584503281624653 0.46628280005913725
727 0.0584503281624653 0.058545954505597436
728 0.0584503281624653 0.3156294126849769
729 0.0584503281624653 0.7976759230871573
730 0.05845032816246573 0.14063125795000386
731 0.05845032816246573 0.05855442881640057
732 0.05845032816246573 0.5535148472814705
733 0.05845032816246573 0.058547149332650913
734 0.05845032816246573 0.058540185589339114
735 0.05845032816246573 0.058538980061995156
736 0.05845032816246573 0.058543357445645636
737 0.05845032816246573 0.05853821895454508
738 0.05845032816246573 0.7855404754822887
739 0.05845032816246573 0.05854122235809111
740 0.05845032816246573 0.1243271197528148
741 0.05845032816246573 0.05852298253791364
742 0.05845032816246573 0.3922598014050741
743 0.05845032816246573 0.5397345425280826
744 0.0584503281624653 0.4061796959301339
745 0.0584503281624653 0.7064030449495139
746 0.0584503281624653 0.6401047796083468
747 0.0584503281624653 0.20540831920053687
748 0.0584503281624653 0.05851231137731291
749 0.0584503281624653 0.6647127414830512
750 0.0584503281624653 1.719309501898669
751 0.0584503281624653 0.6965070142539406
752 0.0584503281624653 1.2936103524065958
753 0.0584503281624653 0.05850671798227364
754 0.0584503281624653 0.32769875587128006
755 0.0584503281624653 0.6377676264292241
756 0.0584503281624653 1.0422234146194658
757 0.0584503281624653 0.05850907905784717
758 0.0584503281624653 0.8376797686798182
759 0.0584503281624653 0.5835653375635228
760 0.0584503281624653 1.0149882401856751
761 0.0584503281624653 0.3824610608992652
762 0.0584503281624653 0.3496002886192787
763 0.0584503281624653 0.4969054642551688
764 0.0584503281624653 0.7364461003600422
765 0.0584503281624653 1.3169652041113615
766 0.0584503281624653 0.4327704480196932
767 0.0584503281624653 1.0916491555184245
768 0.0584503281624653 0.7723807195209872
769 0.0584503281624653 0.20558941310603068
770 0.0584503281624653 0.05851238977080957
771 0.0584503281624653 1.436931651822797
772 0.0584503281624653 1.7285216847398186
773 0.0584503281624653 0.7212741704144885
774 0.0584503281624653 0.6107214233515736
775 0.0584503281624653 0.12798289000838978
776 0.0584503281624653 0.19577342093808534
777 0.0584503281624653 0.2509292164122754
778 0.0584503281624653 0.3429322126391754
779 0.0584503281624653 0.8530945684482895
780 0.0584503281624653 0.722758626922031
781 0.0584503281624653 1.1506034872438193
782 0.0584503281624653 0.5286254679142974
783 0.0584503281624653 0.6702569178058334
784 0.0584503281624653 0.692351742174106
785 0.0584503281624653 0.40945665737514864
786 0.0584503281624653 0.1436800392350064
787 0.0584503281624653 0.23356697641882815
788 0.0584503281624653 1.0584612364191337
789 0.0584503281624653 1.004175966622518
790 0.0584503281624653 0.1820750984155304
791 0.0584503281624653 0.44641883703245333
792 0.0584503281624653 0.05855318543740682
793 0.0584503281624653 0.30600380987728754
794 0.0584503281624653 0.8744914828143737
795 0.0584503281624653 1.195680371453991
796 0.0584503281624653 0.12486171651516044
797 0.0584503281624653 0.231076413347905
798 0.0584503281624653 0.865091374646316
799 0.0584503281624653 0.631344952774943
800 0.0584503281624653 0.2756815743718344
801 0.0584503281624653 0.5806878170253025
802 0.0584503281624653 0.20642361425713956
803 0.0584503281624653 0.5213231761376208
804 0.0584503281624653 0.3348616915044315
805 0.0584503281624653 0.16061650346576428
806 0.0584503281624653 0.33343532209886645
807 0.0584503281624653 0.2746380778079249
808 0.0584503281624653 1.563779229474806
809 0.0584503281624653 0.6250477283467781
810 0.0584503281624653 1.2158065861644491
811 0.0584503281624653 1.2435046228110687
812 0.0584503281624653 1.0979046783985125
813 0.0584503281624653 0.3798575935564266
814 0.0584503281624653 0.7588437283095779
815 0.0584503281624653 0.6648354104890022
816 0.0584503281624653 0.36104318970508403
817 0.0584503281624653 0.5933535358059241
818 0.0584503281624653 0.7143191325222484
819 0.0584503281624653 0.7143954618453391
820 0.0584503281624653 0.12592650697517024
821 0.0584503281624653 1.0410973938883648
822 0.0584503281624653 0.2858174061853276
823 0.0584503281624653 0.05853879729415915
824 0.0584503281624653 0.05853978275121492
825 0.0584503281624653 1.7999605757126163
826 0.0584503281624653 0.28350300512443594
827 0.0584503281624653 0.771860226401513
828 0.0584503281624653 0.2932990742815918
829 0.0584503281624653 0.7722892192973506
830 0.0584503281624653 1.1653761478689957
831 0.0584503281624653 0.5912354347405985
832 0.0584503281624653 0.5927788040776175
833 0.0584503281624653 0.2590498202091643
834 0.0584503281624653 0.14587134486535902
835 0.0584503281624653 0.1363582596983879
836 0.0584503281624653 0.3687158938663479
837 0.0584503281624653 0.058562790782825454
838 0.0584503281624653 0.14150396597895576
839 0.0584503281624653 0.05856930740180041
840 0.0584503281624653 0.9606327468372039
841 0.0584503281624653 1.2128610390278796
842 0.0584503281624653 0.2609897108474631
843 0.0584503281624653 0.8452016374424868
844 0.0584503281624653 1.3961142598267053
845 0.0584503281624653 0.977152438546931
846 0.0584503281624653 1.1381711230746454
847 0.0584503281624653 0.33085870404513557
848 0.0584503281624653 0.545940988244258
849 0.0584503281624653 0.51863131847513
850 0.0584503281624653 0.05859508890740015
851 0.0584503281624653 2.928634221947017
852 0.0584503281624653 0.5239023725284616
853 0.0584503281624653 0.5893482071210794
854 0.0584503281624653 0.6684293890013975
855 0.0584503281624653 0.49489248474165154
856 0.0584503281624653 0.4417597681423263
857 0.0584503281624653 0.48600927909384645
858 0.0584503281624653 0.32021739681475575
859 0.0584503281624653 0.9061127050885429
860 0.0584503281624653 0.1244325793724368
861 0.0584503281624653 0.33328834103515215
862 0.0584503281624653 0.3199703591975316
863 0.0584503281624653 2.265955709443903
864 0.0584503281624653 0.5509885208065289
865 0.0584503281624653 0.3933116027704744
866 0.0584503281624653 0.7918785545646949
867 0.0584503281624653 0.7655499599931811
868 0.0584503281624653 1.0234923950473194
869 0.0584503281624653 0.6980462490819289
870 0.0584503281624653 0.20558121244093797
871 0.0584503281624653 0.18562833803883375
872 0.0584503281624653 0.5648912138216001
873 0.0584503281624653 0.9188429145888358
874 0.0584503281624653 0.17472410625855236
875 0.0584503281624653 0.05859636344807465
876 0.0584503281624653 0.47000587531963317
877 0.0584503281624653 1.0802658390185655
878 0.0584503281624653 0.8807368613301552
879 0.0584503281624653 1.2975468468880396
880 0.0584503281624653 0.6253893167892649
881 0.0584503281624653 0.5684920438220378
882 0.0584503281624653 0.8288324395486539
883 0.0584503281624653 0.18939608094218166
884 0.0584503281624653 0.8215010321063683
885 0.0584503281624653 0.9270389482921795
886 0.0584503281624653 0.20557421119806102
887 0.0584503281624653 0.6362632348241362
888 0.0584503281624653 0.757534594993238
889 0.0584503281624653 1.031961441867981
890 0.0584503281624653 0.05858035934095505
891 0.0584503281624653 0.5967837887453874
892 0.0584503281624653 1.0043972823484726
893 0.0584503281624653 0.6571494922971318
894 0.0584503281624653 0.26359874965880786
895 0.0584503281624653 0.5715745432615156
896 0.0584503281624653 0.8282197608017505
897 0.0584503281624653 0.34147885084953783
898 0.0584503281624653 0.2397639163556755
899 0.0584503281624653 0.2408064918032709
900 0.0584503281624653 0.6692767149166512
901 0.0584503281624653 1.777720789014021
902 0.0584503281624653 0.05859019671020028
903 0.0584503281624653 0.058592073150547215
904 0.0584503281624653 0.5406543858105283
905 0.0584503281624653 1.3117149013932918
906 0.0584503281624653 0.05859226622581934
907 0.0584503281624653 1.042301573604082
908 0.0584503281624653 0.5707873484494823
909 0.0584503281624653 0.7268509972699448
910 0.0584503281624653 0.058595422170241065
911 0.0584503281624653 0.47192985856392455
912 0.0584503281624653 0.5187117504617867
913 0.0584503281624653 0.6848652172179864
914 0.0584503281624653 0.950076401383657
915 0.0584503281624653 0.6539372608983187
916 0.0584503281624653 0.5708013421281687
917 0.0584503281624653 0.05861027916670908
918 0.0584503281624653 0.8797001785198806
919 0.0584503281624653 1.4877605549592392
920 0.0584503281624653 0.3104293604535212
921 0.0584503281624653 0.2743756395999702
922 0.0584503281624653 0.8813166278017865
923 0.0584503281624653 0.9980542978349589
924 0.0584503281624653 0.24393473204562816
925 0.0584503281624653 0.5211379744377906
926 0.0584503281624653 1.1840588412714965
927 0.0584503281624653 1.1122508525489432
928 0.0584503281624653 0.9091350497274121
929 0.0584503281624653 0.3723520883081167
930 0.0584503281624653 0.05861189070791428
931 0.0584503281624653 0.15646262349491336
932 0.0584503281624653 0.12433957345142767
933 0.0584503281624653 0.3093994632205613
934 0.0584503281624653 0.6527047019768355
935 0.0584503281624653 0.42722697877582433
936 0.0584503281624653 0.3200098436242607
937 0.0584503281624653 0.5521313489829462
938 0.0584503281624653 1.0634121903453173
939 0.0584503281624653 0.39601093656427383
940 0.0584503281624653 0.830435671893274
941 0.0584503281624653 0.8102944715198872
942 0.0584503281624653 0.6886524763071031
943 0.0584503281624653 0.313140823532361
944 0.0584503281624653 1.0122573441200131
945 0.0584503281624653 2.400623886551548
946 0.0584503281624653 0.760095729817099
947 0.0584503281624653 0.12440415082449244
948 0.0584503281624653 1.259054015090163
949 0.0584503281624653 0.7917991215834745
950 0.0584503281624653 0.05861088068765348
951 0.0584503281624653 0.16236742437703858
952 0.0584503281624653 0.5345436725637236
953 0.0584503281624653 0.6328071873558094
954 0.0584503281624653 0.45163364151672697
955 0.0584503281624653 1.4054894974700602
956 0.0584503281624653 0.6433309841326036
957 0.0584503281624653 1.180267387784003
958 0.0584503281624653 0.19244357854309338
959 0.0584503281624653 0.5395427422423019
960 0.0584503281624653 1.395890565077376
961 0.0584503281624653 0.795900752376393
962 0.0584503281624653 0.7483034484140195
963 0.0584503281624653 0.8479189706847039
964 0.0584503281624653 0.752330425407809
965 0.0584503281624653 0.12452440532679108
966 0.0584503281624653 0.8639837488586406
967 0.0584503281624653 1.043896784964877
968 0.0584503281624653 0.1328683572435815
969 0.0584503281624653 0.3161129642358671
970 0.0584503281624653 0.9596463443094394
971 0.0584503281624653 0.05860813602274853
972 0.0584503281624653 0.05860941220386283
973 0.0584503281624653 0.9815704575695219
974 0.0584503281624653 0.9264388304198821
975 0.0584503281624653 0.058609956457471635
976 0.0584503281624653 0.05861025967514649
977 0.0584503281624653 0.058610367576175104
978 0.0584503281624653 0.8169367268196958
979 0.0584503281624653 0.12440574977838283
980 0.0584503281624653 0.752296163827096
981 0.0584503281624653 0.5598677424949052
982 0.0584503281624653 0.5698824647427303
983 0.0584503281624653 0.20036828861797534
984 0.0584503281624653 0.6559948203833056
985 0.0584503281624653 0.05860980279423998
986 0.0584503281624653 0.46639883295656553
987 0.0584503281624653 0.27438670765742057
988 0.0584503281624653 0.16235765902013305
989 0.0584503281624653 0.23838079730285108
990 0.0584503281624653 0.778274238273094
991 0.0584503281624653 1.363314788279712
992 0.0584503281624653 0.2311785880720906
993 0.0584503281624653 1.121177450736315
994 0.0584503281624653 0.39733538373200256
995 0.0584503281624653 0.6856812691532072
996 0.0584503281624653 1.2160506780507712
997 0.0584503281624653 0.3061050595002284
998 0.0584503281624653 0.8459549770674115
999 0.05845032816246573 0.8065368976402522
