# iteración mejor promedio
0 20.523406653540352 88.31780047788823
1 20.523406653540352 78.2929049488228
2 14.78534063061243 67.35006926434312
3 11.286604915563975 56.19520927527696
4 11.17469032138359 47.75636818363066
5 11.17469032138359 37.831044284346596
6 10.400688592025565 34.62181307926621
7 8.624419571781054 29.45733017261256
8 8.62124805959619 28.317743946654158
9 8.62124805959619 26.04327597963631
10 3.9529774069467467 23.179724477679066
11 3.9529774069467467 22.224805815247965
12 3.6481108629067753 19.23254713038603
13 3.5645668634522845 17.138688845772247
14 2.1811485569975586 14.531990281485822
15 2.001035580488009 9.627693326352142
16 1.946857527310153 7.79664862404427
17 1.4072150528889344 6.8200225614024985
18 1.4072150528889344 5.403247993682554
19 1.2850481436392016 3.8980700851929755
20 0.8988550014310568 3.7884190032279714
21 0.7178887988066495 3.8953186599459952
22 0.6709312814652685 3.0992946544327884
23 0.6709312814652685 2.4686317519260426
24 0.6709312814652699 2.3615976694152403
25 0.33904214655082515 2.2951101081101077
26 0.33904214655082515 2.295618766532894
27 0.30567937803773465 1.58107611409142
28 0.18727927350306575 0.9968035953426839
29 0.18462604731668245 1.3823848137314436
30 0.18222957770147588 0.9680167636652698
31 0.17743493911798852 1.3746017450544619
32 0.1547376305670081 0.7018823463162243
33 0.1547376305670081 0.956240097141198
34 0.1547376305670081 1.6485371661522248
35 0.15091569094511162 1.6156308207571521
36 0.15091569094511162 0.8427874779893179
37 0.14894024729560829 0.9694249829648097
38 0.14655028013301502 0.3125902946885264
39 0.144319444310988 1.5799868542714899
40 0.14193026660037034 2.3265893375255153
41 0.14193026660037034 0.80227472865564
42 0.14193026660037034 0.3205986864058484
43 0.14191277620506737 0.5824415517836128
44 0.14191277620506737 0.9522277079087946
45 0.14191277620506737 2.50225944526888
46 0.14190449053560436 0.20446202415436493
47 0.14108329655624863 0.16059924410336002
48 0.14072939230710313 0.651604857994511
49 0.14072939230710313 0.4132633369302931
50 0.1407292166521312 0.9792255065114566
51 0.1407292166521312 0.8064569676786641
52 0.14070515165871872 0.844184611228113
53 0.13970728860546225 0.6751125010956146
54 0.13970728860546225 0.5276956255101861
55 0.13970688138633497 1.6133039781934189
56 0.13970688138633497 0.41500234381934137
57 0.13889414275902562 0.15294006106074717
58 0.1376057672915464 0.9885966262857956
59 0.1376057672915464 0.9171633240102959
60 0.1376057672915464 0.16818663362937628
61 0.1376057672915464 0.21916340145009777
62 0.1376037990975537 0.9665724887709013
63 0.1376037990975537 0.2989158266479568
64 0.1376037990975537 0.28061423954145015
65 0.1376037990975537 0.35108746535571717
66 0.1376037990975537 0.5506111038693375
67 0.1376037990975537 0.7941919890424701
68 0.1376037990975537 1.2110240739699851
69 0.1376031821057395 0.4655957645345133
70 0.1376031821057395 1.2297617718580967
71 0.1376031821057395 1.7933624196440379
72 0.1376031821057395 0.40470168660426786
73 0.1376031821057395 0.7225962277987079
74 0.1376031821057395 0.16279008375814644
75 0.13757394982823548 0.15576506896158474
76 0.13757394982823548 0.14812169494208213
77 0.13743114697331463 1.0407478610675274
78 0.13743114697331463 0.14661603772957094
79 0.13742876817464914 0.146128325719742
80 0.13742876817464914 1.4530467191082446
81 0.13742739022189313 0.6530710432747437
82 0.13742739022189313 0.14454109893749087
83 0.13742739022189313 1.0005294081627907
84 0.13742497092781306 0.14422409714946993
85 0.13742497092781306 0.14341322854856806
86 0.13742497092781306 1.0594075583131586
87 0.13742497092781306 0.217209907946173
88 0.13742497092781306 0.44627876262484045
89 0.13742497020063604 1.7474080788637372
90 0.13742497020063604 0.1433064027322583
91 0.13742497020063604 0.32523476708750876
92 0.13742497020063604 0.2685037294507968
93 0.13742497020063604 1.4163369060323177
94 0.13742497020063604 0.6806722809167863
95 0.13742497020063604 0.2238582078435095
96 0.13742497020063604 0.9087093542357669
97 0.13742497020063604 0.46642558044822224
98 0.13742497020063604 0.6342199245872971
99 0.13742497020063604 0.8665012822991277
100 0.13742497020063604 0.14330634307030496
101 0.13742497020063604 0.6207817631088803
102 0.13742497020063604 0.2908374212470706
103 0.13742497020063604 0.21610282426514577
104 0.13742497020063604 0.4048363138532713
105 0.13742497020063604 0.14272564715379737
106 0.13741113938921595 0.8992683836496004
107 0.13741113938921595 0.14244291467471037
108 0.13741113938921595 0.14230859602306098
109 0.13741113938921595 0.21344971371653737
110 0.13741113938921595 0.3424522113238791
111 0.1373975490945734 0.7598465836530296
112 0.1373975490945734 0.14122927718604114
113 0.1373975490945734 0.44673997497423756
114 0.1373975490945734 0.14088943783148347
115 0.1373975490945734 0.14067683508387505
116 0.1373975490945734 0.8697184142914695
117 0.1373975490945734 0.14081782919338356
118 0.1373975490945734 0.688402524195226
119 0.1373975490945734 0.14037059255049278
120 0.1373975490945734 0.9363905790636983
121 0.13739754909457355 0.24221768746103461
122 0.13739754909457355 0.9161144141269594
123 0.13739754909457355 1.6547619313969535
124 0.13739754909457355 0.13945081180676008
125 0.13739754909457355 0.5378111364474047
126 0.13739754909457355 0.30325298518494337
127 0.13739754909457355 0.13911843266268561
128 0.13739754909457355 0.13924096718434134
129 0.13739754909457355 0.33357139689963206
130 0.13739754909457355 0.23552936123977106
131 0.13739754909457355 0.5157976759245941
132 0.13739754909457355 0.8943796719110324
133 0.13739754909457355 1.8263036524033849
134 0.13739754909457355 0.9013376306455253
135 0.1359768223681719 0.22005866275215716
136 0.1359768223681719 0.8821272821690092
137 0.1359768223681719 0.13878550661158104
138 0.13597492279107898 0.7843633883511036
139 0.13597492279107898 1.1675146331511705
140 0.13597118114348183 0.22163733118202927
141 0.1359603521187717 0.13899970460829184
142 0.13593715458793096 0.6619967705265598
143 0.1358321734373127 0.28018063639311946
144 0.135652507762309 0.7072885562419161
145 0.135652507762309 0.8589636730861404
146 0.135652507762309 1.0601333494923582
147 0.135652507762309 0.13864078196985274
148 0.13565249755798894 0.28561499518315137
149 0.13565249755798894 0.557600442510248
150 0.13565249755798894 0.13867802877051244
151 0.13540590242726167 0.6281227619213756
152 0.135405894702496 0.13855835024813845
153 0.13537860334388616 0.46317996993638993
154 0.13537726185726925 0.28588436857519617
155 0.13537726185726925 0.44255471736111135
156 0.13537726185726925 0.20435317409689432
157 0.13537726185726925 0.49262289368925616
158 0.13537726185726925 1.6152011949428322
159 0.13537726185726925 1.6609453363409106
160 0.13537726185726925 0.13825918522908404
161 0.13537532399013427 0.400228988755854
162 0.13537531378581422 0.42464430568003825
163 0.13537531378581422 0.21159910857890052
164 0.13537531378581422 0.8056998725915081
165 0.13535924846672187 0.20774405524553333
166 0.13535924846672187 1.525927005722022
167 0.13535924846672187 0.7042994005092101
168 0.1353574184602035 0.13811349502514783
169 0.1353574184602035 0.13808506232526122
170 0.1353574184602035 0.8844325892218278
171 0.1353574184602035 1.7939183569637018
172 0.1353480124374613 1.8397500431287046
173 0.13534639312154162 0.13834891215712827
174 0.13534639312154162 0.54376227201275
175 0.13534639312154162 0.13828431547161302
176 0.13534625667452374 0.13824292838533508
177 0.13534625667452374 0.531864365820433
178 0.1353461243044655 0.1382114192381038
179 0.1353461243044655 0.13829677023875905
180 0.1353461243044655 0.24062631946363022
181 0.1353461243044655 0.13819806211807528
182 0.13534612357728848 1.0680225160442653
183 0.13534612357728848 0.38419909425046356
184 0.13534612357728848 0.5730285972160838
185 0.13534180233384935 0.5139567909917142
186 0.13534180233384935 1.5721508582377655
187 0.13534180233384935 0.2052639921380129
188 0.13534180233384935 1.373753469873991
189 0.13534180233384935 0.47295335337790106
190 0.13534180233384935 1.1104331284593913
191 0.13534180233384935 0.2851463594218259
192 0.13534180233384935 0.35626256148720686
193 0.135339863584565 0.37766566953223923
194 0.135339863584565 0.13720545356163383
195 0.135339863584565 0.1372217619339208
196 0.135339863584565 0.13709874995254695
197 0.135339863584565 0.8560925574061067
198 0.135339863584565 0.8412913975228298
199 0.135339863584565 1.4787450732533438
200 0.135339863584565 0.2996896612814669
201 0.135339863584565 1.0862299478427497
202 0.135339863584565 0.6187042540228035
203 0.13533674008511265 1.1598685562823616
204 0.13533674008511265 0.23629627467799022
205 0.13533674008511265 1.647805814183053
206 0.13533674008511265 0.13627570199146793
207 0.13533674008511265 0.2197386877557216
208 0.13533674008511265 0.867550653666997
209 0.13533674008511265 0.13631436022214616
210 0.13533674008511265 0.1364261721820981
211 0.13533673935793564 0.450745016304833
212 0.13533673935793564 0.24499329354668348
213 0.13533673935793564 0.8618898760137665
214 0.13533673935793564 0.13645068063976273
215 0.13533673935793564 1.0335204732756502
216 0.13533673935793564 0.26052010250995006
217 0.13533673935793564 0.39817897725584744
218 0.13533673935793564 0.5531196950503015
219 0.13533673935793564 0.34888744199402366
220 0.13533673935793564 0.3129963700042762
221 0.13533673935793564 0.5243530688374072
222 0.13533673935793564 0.13663460494278146
223 0.13533673935793564 0.20213230740489188
224 0.13533673935793564 0.8939697862031718
225 0.13533673935793564 0.13638157730010098
226 0.13533673935793564 0.5242345489429768
227 0.13533673935793564 0.4945869284311506
228 0.13533673935793564 0.9229321916525756
229 0.13533673935793564 0.13639327978409
230 0.13533673935793564 0.48286331228554474
231 0.13533673935793564 0.13628245720777085
232 0.13533673935793564 0.28373557361360296
233 0.13533673935793564 0.8463202713092788
234 0.13533673935793564 0.556340615098798
235 0.13533673935793564 0.20606609574100815
236 0.13533673935793564 0.4668427345482965
237 0.13533673935793564 0.2804056007206168
238 0.13533673935793564 0.13624431955602337
239 0.13533673935793564 0.1362293604752872
240 0.13533673935793564 0.7923560508466158
241 0.13533673935793564 0.1361707760789443
242 0.13533673935793564 0.277135350081774
243 0.13533673935793564 1.1684117833290195
244 0.13533673935793564 0.9022008144974507
245 0.13533673935793564 0.7853196644347651
246 0.13524086655240083 1.5442677786850185
247 0.13524086655240083 0.664092041758579
248 0.13521438948899434 0.6976509553802596
249 0.13521438948899434 0.9936363001212746
250 0.13521438948899434 0.5788674715817108
251 0.13521438948899434 0.20342258008339695
252 0.13521438948899434 0.13610492609913827
253 0.13521438948899434 0.1360197450760504
254 0.13521438948899434 0.13584977421278155
255 0.1347807586965527 0.7680894450823559
256 0.1347807586965527 0.13581930337895745
257 0.13469410616175664 0.24081480173755795
258 0.13469410616175664 0.9156027113107931
259 0.13469410616175664 0.9727441914770963
260 0.1346342625453456 0.871083353268504
261 0.1346342625453456 0.19968386884461417
262 0.1346342625453456 0.6071814813388152
263 0.1346342625453456 0.3038069318379264
264 0.1346342625453456 0.5945293571430615
265 0.1346342625453456 0.13559145358309155
266 0.1346342625453456 0.5091678523843487
267 0.1346342625453456 0.39465924962440874
268 0.1346342625453456 0.5577094890366426
269 0.13463301816666232 0.38959219211001217
270 0.13463301816666232 1.5767954575635286
271 0.13463301816666232 0.819094263019104
272 0.13463301816666232 1.7812192410684369
273 0.13462886958604037 0.1994782876935073
274 0.1341010957872057 0.6592747194346857
275 0.1341010957872057 0.13550064325088373
276 0.1341010957872057 0.13547461756949497
277 0.1341010957872057 0.432639776793349
278 0.1341010957872057 0.13805904070044733
279 0.1341010957872057 0.9677961458888799
280 0.1340644380548822 0.48500555811476764
281 0.1340644380548822 0.4621625828167932
282 0.1340644380548822 1.0579061795003073
283 0.1340644380548822 0.8475692055725955
284 0.1340644380548822 0.5825451187930344
285 0.1340644380548822 0.8634614118836806
286 0.1340644380548822 0.833003088970596
287 0.1340644380548822 0.39400463740394875
288 0.1340644380548822 0.5203389527081924
289 0.1340644380548822 0.13557012383424427
290 0.1340632268879228 0.5759899149126272
291 0.1340632268879228 0.6497644284335855
292 0.1340632268879228 0.13546266166616477
293 0.1340632268879228 0.6200031715142004
294 0.1340632268879228 0.21840569257177908
295 0.1340632268879228 2.423557514134931
296 0.1340632268879228 0.1354144377947077
297 0.13406319837304714 0.6902596265747158
298 0.13406319837304714 0.65078738759753
299 0.13406319837304714 0.4210238851359295
300 0.13406319837304714 0.13538788435250224
301 0.13406319837304714 0.1512579562904542
302 0.13406319837304714 0.99373714925529
303 0.13406319837304714 0.8826649528188578
304 0.13406319837304714 1.3972193219912794
305 0.13406319837304714 0.41935127219896207
306 0.13406319837304714 1.8443339756230146
307 0.13406319837304714 0.6949553322960733
308 0.13406319837304714 0.29047020334675006
309 0.13406319837304714 2.2601655033264088
310 0.13406319837304714 0.13559328227783024
311 0.13406319837304714 0.6291780945064521
312 0.13406319837304714 0.21870299364702347
313 0.13406319837304714 0.8902190524289952
314 0.13406319837304714 0.13577422831628916
315 0.13406319837304714 0.23849585532251708
316 0.13406319837304714 0.27691563626783067
317 0.13406319837304714 0.28814902581917845
318 0.13406319837304714 0.4900318530384512
319 0.13406319837304714 0.28342337483136215
320 0.13406319837304714 0.274938751735911
321 0.13406319837304714 1.068457108711651
322 0.13406319837304714 0.6680615671693027
323 0.13406319837304714 0.23631923820940753
324 0.13406319837304714 0.30391362394092686
325 0.13406319837304714 0.13538484120181818
326 0.13406319837304714 0.20188399941985632
327 0.13406319837304714 0.44672709229274493
328 0.13406319837304714 0.34503089984839364
329 0.13406319837304714 1.1127156447193673
330 0.13406294684132625 0.5423895155343774
331 0.13406294684132625 0.6349759432108963
332 0.13406294684132625 0.7279028276791528
333 0.13406294684132625 0.7515021618348109
334 0.13406294684132625 0.13551385034308877
335 0.13406294684132625 0.1355608422664768
336 0.13406294684132625 0.2543277531056871
337 0.13406294684132625 0.3678543696682813
338 0.13406294684132625 0.3829059412406781
339 0.13406294684132625 0.6066292503584286
340 0.13406294684132625 0.7527921127557269
341 0.1340628226967129 0.13619060135827568
342 0.1340628226967129 0.5675779225820806
343 0.1340628226967129 0.1393005401120896
344 0.13406186492114025 0.7398075177480243
345 0.13406186492114025 0.6950713434160403
346 0.13406186492114025 1.783862757633708
347 0.13406186492114025 0.6960012275114154
348 0.1340618364062646 0.7993630882875286
349 0.1340618364062646 0.2677286185471234
350 0.1340618364062646 0.5273639039079387
351 0.1340618364062646 0.15191814272022244
352 0.1340618364062646 0.39546356170649083
353 0.1340618364062646 1.289104829718197
354 0.1340618364062646 1.641563263134571
355 0.1340618364062646 1.5039535536896582
356 0.1340618364062646 1.2040279670121432
357 0.1340618364062646 0.7756259926365142
358 0.1340618364062646 0.221000076773608
359 0.1340618364062646 0.2070944811279566
360 0.1340618364062646 1.0294954122587634
361 0.1340618364062646 1.3321731998571955
362 0.1340618364062646 0.5801026389969324
363 0.1340618364062646 0.8070676507289667
364 0.1340618364062646 0.7049143628810183
365 0.1340618364062646 0.5871755498507522
366 0.1340618364062646 0.43950947636022536
367 0.1340618364062646 0.5250593307862967
368 0.1340618364062646 0.2074803968411672
369 0.1340618364062646 0.554532644917645
370 0.1340618364062646 1.3318620615358479
371 0.1340618364062646 1.254762325182283
372 0.1340618364062646 0.6759338347978013
373 0.1340618364062646 0.4854428998358091
374 0.1340618364062646 0.9094745647445717
375 0.1340618364062646 0.629043071106432
376 0.1340618364062646 0.8915786827494265
377 0.1340618364062646 1.8932413493958111
378 0.1340618364062646 1.3434256848582158
379 0.13406178613568323 0.4202476051028632
380 0.13406178613568323 0.6202327611739337
381 0.13406178613568323 0.5544506450781009
382 0.13406178613568323 0.7780170465694449
383 0.13406178613568334 0.2164115750962135
384 0.13406178613568334 1.2559324767614357
385 0.13406178613568334 1.6483539191602348
386 0.13406178613568334 1.3921340748944433
387 0.13406178613568334 0.39699368788958334
388 0.13406178613568334 0.6129804498510962
389 0.13406178613568334 1.6093564309785913
390 0.13406178613568334 0.945643357220885
391 0.13406178613568334 1.8368432905147418
392 0.13406178613568334 0.977352569174147
393 0.13406178613568334 0.8949731707058857
394 0.13406178613568334 0.4011182162978261
395 0.13406178613568334 0.44429512952325434
396 0.13406178613568334 0.7824094018014942
397 0.13406178613568334 0.8821224653243352
398 0.13406178613568334 2.0193609652496467
399 0.13406178613568334 0.6648864670509158
400 0.13406178613568334 0.20390061657701367
401 0.13406178613568334 1.10847536837601
402 0.13406178613568334 1.2772169852844875
403 0.13406178613568334 0.7668461021173648
404 0.13406178613568334 0.13644794184562004
405 0.13406178613568323 1.2444373778003355
406 0.13406178613568323 0.44155929550706996
407 0.13406178613568323 0.46544236320480464
408 0.13406178613568323 0.400532040875372
409 0.13406178613568323 0.5274903480219413
410 0.13406178613568323 0.13956531966557653
411 0.13406178613568323 1.1957876677537684
412 0.13406178613568323 0.14082004740060844
413 0.13406178613568323 0.8746628411738812
414 0.13406178613568323 1.0389719105156838
415 0.13406178613568323 0.3780754586613365
416 0.13406178613568323 0.4536139009280665
417 0.13406178613568323 0.652588989234405
418 0.13406178613568323 0.9763181489294933
419 0.13406178613568323 0.41371234532042556
420 0.13406178613568323 0.14763849369500948
421 0.13406178613568323 0.39798436048200747
422 0.13406178613568323 0.20203569770946458
423 0.13406178613568323 0.7250999814424012
424 0.13406178613568323 0.6368276576542053
425 0.13406178613568323 0.4414852524899008
426 0.13406178613568323 0.6986694623465561
427 0.13406178613568323 0.5319773276187253
428 0.13406178613568323 0.9869960486051711
429 0.13406178613568323 0.28441236044225776
430 0.13406178613568323 0.39974697387203045
431 0.13406178613568323 0.13702170782074538
432 0.13406178613568323 0.6573271701948485
433 0.13406178613568323 0.7166511121552718
434 0.13406178613568323 0.13510261932312417
435 0.13406178613568323 0.398327315855393
436 0.13406178613568323 0.15058700889825397
437 0.13406178613568323 0.13461091035313344
438 0.13406178613568323 0.23694515030568716
439 0.13406178613568323 0.13440431863209126
440 0.13406178613568323 1.7263908003328299
441 0.13406178613568323 0.13534053761095832
442 0.13406178613568323 0.5315994641883498
443 0.13406178613568323 1.1128043696278274
444 0.13406178613568323 0.6547573298759475
445 0.13406178613568323 0.13467169142528787
446 0.13406178613568323 1.5868688849614012
447 0.13406178613568323 0.3947201563988852
448 0.13406178613568323 0.7581770050016838
449 0.13406178613568323 0.13469782673403535
450 0.13406178613568323 0.7216818101563338
451 0.13406178613568323 0.6744793596370363
452 0.13406178613568323 1.6469897739091284
453 0.13406178613568323 1.224238692513428
454 0.13406178613568323 0.198164561719257
455 0.13406178613568323 0.13870528540790988
456 0.13406178613568323 0.6788964618906411
457 0.13406178613568323 0.7288634276390509
458 0.13406178613568323 0.38431026966791115
459 0.13406178613568323 0.8514241556002163
460 0.13406178613568323 0.585763324805143
461 0.13406178613568323 1.166915756732103
462 0.13406178613568323 0.13845774229441923
463 0.13406171815059298 0.3977694676960929
464 0.13406171815059298 1.2129913852788163
465 0.13406171815059298 0.9123499207457592
466 0.13406171815059298 1.1323455868153345
467 0.13406166788001161 0.1343006993375105
468 0.13406166788001161 0.959765991669955
469 0.13406166788001161 0.34727789721648983
470 0.13406166788001161 0.4804790700782599
471 0.13406166788001161 0.8043852357839417
472 0.13406166788001161 0.4998429641388201
473 0.13406166788001161 1.2375918097936092
474 0.13406166788001161 0.28123435955802223
475 0.13406166788001161 1.9459202762677876
476 0.13406166788001161 0.13424250625359557
477 0.13406166788001161 0.13428422172889995
478 0.13406166788001161 0.5445899311465578
479 0.13406166788001161 0.5756348879854422
480 0.13406166788001161 0.730632913398124
481 0.13406166788001161 0.3460333605751728
482 0.13406166788001161 0.5504022035632202
483 0.13406166788001161 1.198397904962963
484 0.13406166788001161 0.1342796187429323
485 0.13406166788001161 0.8241901368124673
486 0.13406166788001161 0.8098211934468612
487 0.13406166788001161 0.13436850840466857
488 0.13406166788001161 0.2162122086620011
489 0.13406166788001161 0.34851360193940883
490 0.13406166788001161 0.13448506624575873
491 0.13406166788001161 0.8230162419118379
492 0.13406166788001161 1.0600167792456872
493 0.13406166788001161 1.0443906156574452
494 0.13406166788001161 0.564326889216577
495 0.13406166788001161 0.13463595415791896
496 0.13406166788001161 0.30708261057511516
497 0.13406166788001161 0.13467567262245742
498 0.13406166788001161 0.5809723263864559
499 0.13406166788001161 0.6429634902179424
500 0.13406166788001161 0.1345443076101144
501 0.13406166788001161 0.13454282447579322
502 0.13406166788001161 0.6103525770985508
503 0.13406166788001161 0.13438873940180476
504 0.13406166788001161 0.4883124969263381
505 0.13406166788001161 0.2736464066115614
506 0.13406166788001161 0.13441485388545413
507 0.13406166788001161 0.5528150129242291
508 0.13406166788001161 2.274596748485018
509 0.13406166788001161 0.4443519275733236
510 0.13406166788001161 0.4581565953329402
511 0.13406166788001161 1.6294316357829288
512 0.13406166788001161 0.5417993852012498
513 0.13406166788001161 0.28031316134882145
514 0.13406166788001161 0.1342708184539926
515 0.13406166788001161 0.1342021887906423
516 0.13406166788001161 0.4741021053197617
517 0.13406166788001161 0.21607691289765232
518 0.13406166788001161 0.6289565612985429
519 0.13406166788001161 0.7934862158043962
520 0.13406166788001161 1.5690339626923333
521 0.13406166788001161 1.054717893109568
522 0.13406166788001161 0.29800120795442925
523 0.13406166788001161 0.13419319565149773
524 0.13406166788001161 0.3881851609228802
525 0.13406166788001161 0.1342019508299518
526 0.13406166788001161 0.9863026471370597
527 0.13406166788001161 0.6453302409387415
528 0.13406166788001161 0.986057132610865
529 0.13406166788001161 1.9609249017364587
530 0.13406166788001161 0.786727851723198
531 0.13406166788001161 0.5323859341418727
532 0.13406166788001161 0.13410076500040252
533 0.13406166788001161 0.13408688736176327
534 0.13406166788001161 0.8926665803714274
535 0.13406166788001161 0.429330055268409
536 0.13406166788001161 1.4478456079634727
537 0.13406166788001161 0.7927900951492795
538 0.13406166788001161 0.6506256883504922
539 0.13406166788001161 0.8624430176665381
540 0.13406166788001161 0.25817927049332373
541 0.13406166788001161 0.13406575666182793
542 0.13406166788001161 0.30333443861980575
543 0.13406166788001161 0.21305426703935468
544 0.13406166788001161 0.13406619805660597
545 0.13406166788001161 0.3648522943742279
546 0.13406166788001161 0.556753829380459
547 0.13406166788001161 1.0185113096350151
548 0.13406166788001161 0.6469563671502069
549 0.13406166788001161 0.2579814565213566
550 0.13406166788001161 0.6573961331820162
551 0.13406166788001161 0.5326488570818512
552 0.13406166788001161 0.13406716698600118
553 0.13406166788001161 0.28466264663934143
554 0.13406166788001161 0.1340665067400891
555 0.13406166788001161 1.2355937894876694
556 0.13406166788001161 0.41417762339184194
557 0.13406166788001161 0.13406674768405305
558 0.13406166788001161 0.1340667836907593
559 0.13406166788001161 0.19961071123656646
560 0.13406166788001161 0.286356257793116
561 0.13406166788001161 1.7722326457267692
562 0.13406166788001161 2.558627190774745
563 0.13406166788001161 0.13406699180673415
564 0.13406166788001161 0.25736628621745383
565 0.13406166788001161 0.134067030308492
566 0.13406166788001161 0.4181705109197907
567 0.13406166788001161 0.7848950260172785
568 0.13406166788001161 1.5547052215506616
569 0.13406166788001161 0.4506607379725859
570 0.13406166788001161 0.1340673750803396
571 0.13406166788001161 0.4617472665343698
572 0.13406166788001161 0.1340668034854115
573 0.13406166788001161 0.3352688490562717
574 0.13406166788001161 0.13406668233468136
575 0.13406166788001161 0.8554643237628804
576 0.13406166788001161 0.6136501341277057
577 0.13406166788001161 0.9659184432977213
578 0.13406166788001161 0.38153003226237836
579 0.13406166788001161 0.1340659524156746
580 0.13406166788001161 0.5292705337619641
581 0.13406166788001161 1.7548161179427109
582 0.13406166788001161 1.1056994471375667
583 0.13406166788001161 0.9565041691837584
584 0.13406166788001161 0.134065603096348
585 0.13406166788001161 0.134065562176369
586 0.13406166788001161 0.9307983115360504
587 0.13406166788001161 0.13406540108997128
588 0.13406166788001161 0.1340651896347041
589 0.13406166788001161 0.23066286688057824
590 0.13406166788001161 0.38089825925783577
591 0.13406166788001161 1.2115904696813
592 0.13406166788001161 0.41129607635129767
593 0.13406166788001161 1.0537077872787293
594 0.13406166788001161 0.13406426882749944
595 0.13406166788001161 0.6946070238657909
596 0.13406166788001161 0.3665162632976033
597 0.13406166788001161 0.5626953591903652
598 0.13406166788001161 0.6104718156447377
599 0.13406166788001161 1.5278975416229914
600 0.13406166788001161 1.5335619202986914
601 0.13406166788001161 1.1511365797503332
602 0.13406166788001161 1.9580536704922633
603 0.13406166788001161 0.13406413161515748
604 0.13406166788001161 0.5367874207077535
605 0.13406166788001161 0.6323912788763413
606 0.13406166788001161 0.13406375867217443
607 0.13406166788001161 0.13406400713336059
608 0.13406166788001161 0.47728978717773207
609 0.13406166788001161 0.6323439027312768
610 0.13406166788001161 0.13406397106424828
611 0.13406166788001161 0.23652007339408104
612 0.13406166788001161 0.34889413714502765
613 0.13406166788001161 1.3032138922980387
614 0.13406166788001161 0.5232785856844295
615 0.13406166788001161 1.490162909109288
616 0.13406166788001161 1.5181444032242772
617 0.13406166788001161 0.3800967478422298
618 0.13406166788001161 0.13406365516246058
619 0.13406166788001161 0.1340636023858007
620 0.13406166788001161 0.8221801515407822
621 0.13406166788001161 1.1428901321048133
622 0.13406166788001161 0.8287389859110782
623 0.13406166788001161 0.34203605931294795
624 0.13406166788001161 0.6073213160162536
625 0.13406166788001161 0.4489285994805315
626 0.13406166788001161 0.13406433635691198
627 0.13406166788001161 0.20804754154426625
628 0.13406166788001161 0.35310849537257094
629 0.13406166788001161 0.33478104920721413
630 0.13406166788001161 0.19960743713899284
631 0.13406166788001161 0.5253388651978627
632 0.13406166788001161 0.6020844788655195
633 0.13406166788001161 0.45307082063633997
634 0.13406166788001161 0.2747642749532422
635 0.13406166788001161 0.1340641803500245
636 0.13406166788001161 0.1340639792793815
637 0.13406166788001161 1.2208052647901755
638 0.13406166788001161 0.21271155008060916
639 0.13406166788001161 0.13406447050622922
640 0.13406166788001161 1.5325355915729595
641 0.13406166788001161 0.2741202293938139
642 0.13406166788001161 0.13406519811841602
643 0.13406166788001161 0.46466945189852527
644 0.13406166788001161 1.4413803209463492
645 0.13406166788001161 0.13406577875114103
646 0.13406166788001161 0.6772345747190098
647 0.13406166788001161 0.43002884277405307
648 0.13406166788001161 0.39619760552492544
649 0.13406166788001161 0.13406614671308084
650 0.13406166788001161 0.13406568727817372
651 0.13406166788001161 0.13406555805381173
652 0.13406166788001161 0.5681927382577873
653 0.13406166788001161 0.9783404607432341
654 0.13406166788001161 0.7602066013542462
655 0.13406166788001161 0.8183885363645268
656 0.13406166788001161 0.16683737028573786
657 0.13406166788001161 0.13406474368189716
658 0.13406166788001161 0.134064742263604
659 0.13406166788001161 0.3880958938559758
660 0.13406166788001161 0.281732251449152
661 0.13406166788001161 0.13406465938491519
662 0.13406166788001161 1.1560629780474756
663 0.13406166788001161 1.4091413279446547
664 0.13406166788001161 0.3551912139614442
665 0.13406166788001161 0.13406552216655324
666 0.13406166788001161 0.1340656759596039
667 0.13406166788001161 0.6683318484354708
668 0.13406166788001161 1.2127204926234367
669 0.13406166788001161 1.0353246302868775
670 0.13406166788001161 0.1340653065958814
671 0.13406166788001161 0.2181250464629029
672 0.13406166788001161 0.38897290407930973
673 0.13406166788001161 0.4540273765291317
674 0.13406166788001161 0.27997702318685724
675 0.13406166788001161 0.20576814855408596
676 0.13406166788001161 0.13406427429342682
677 0.13406166788001161 0.721405936718929
678 0.13406166788001161 0.2667537610369822
679 0.13406166788001161 1.6336432535596799
680 0.13406166788001161 0.7451063306355445
681 0.13406166788001161 0.13406468966122823
682 0.13406166788001161 0.1340649019399339
683 0.13406166788001161 0.6266595028698098
684 0.13406166788001161 0.555268774146537
685 0.13406166788001161 0.8297315088789047
686 0.13406166788001161 0.6849867717382634
687 0.13406166788001161 0.3343336868109807
688 0.13406166788001161 0.7694348639991402
689 0.13406166788001161 0.37067075913189157
690 0.13406166788001161 1.0475725169230794
691 0.13406166788001161 0.2855544339817882
692 0.13406166788001161 0.7517324695253395
693 0.13406166788001161 0.3941192507579104
694 0.13406166788001161 0.6316761316954167
695 0.13406166788001161 0.13406600845837244
696 0.13406166788001161 0.3920186874530983
697 0.13406166788001161 0.8351312791817459
698 0.13406166788001161 1.429143199083164
699 0.13406166788001161 0.2813300983949615
700 0.13406166788001161 0.1340657951246044
701 0.13406166788001161 1.39083442716009
702 0.13406166788001161 0.8973232439907861
703 0.13406166788001161 0.13406628338486792
704 0.13406166788001161 0.24568529638714443
705 0.13406166788001161 0.46172937951753107
706 0.13406166788001161 0.1340662007107424
707 0.13406166788001161 0.9407769117698315
708 0.13406166788001161 0.1340662812620475
709 0.13406166788001161 0.5020315322258339
710 0.13406166788001161 0.9151516573402516
711 0.13406166788001161 0.822924094495116
712 0.13406166788001161 0.38014872818043616
713 0.13406166788001161 0.13406619716617169
714 0.13406166788001161 0.9799966645951506
715 0.13406166788001161 0.7198323646463294
716 0.13406166788001161 0.6249571481035103
717 0.13406166788001161 0.46170530454182573
718 0.13406166788001161 0.13406652606142053
719 0.13406166788001161 0.25796876148866704
720 0.13406166788001161 0.5022615674127379
721 0.13406166788001161 0.13406702000916199
722 0.13406166788001161 0.9655505817589628
723 0.13406166788001161 0.466700003467535
724 0.13406166788001161 0.8080318109597995
725 0.13406166788001161 0.13406681465723452
726 0.13406166788001161 0.1340661972071797
727 0.13406166788001161 0.23335974063537765
728 0.13406166788001161 0.1340658681273948
729 0.13406166788001161 0.7441900461050086
730 0.13406166788001161 0.39219593859250124
731 0.13406166788001161 0.4524148401637243
732 0.13406166788001161 0.13406603272879927
733 0.13406166788001161 0.5775436472119467
734 0.13406166788001161 0.23645791800565244
735 0.13406166788001161 0.9506254480598385
736 0.13406166788001161 0.20223777620267988
737 0.13406166788001161 0.9775011827949605
738 0.13406166788001161 0.3961947855939812
739 0.13406166788001161 0.13406545648035556
740 0.13406166788001161 0.13406553892458586
741 0.13406166788001161 0.13406516852016576
742 0.13406166788001161 0.2819931019393531
743 0.13406166788001161 0.26076008780255644
744 0.13406166788001161 0.3642065358548128
745 0.13406166788001161 0.3876421774479774
746 0.13406166788001161 0.13406586804537876
747 0.13406166788001161 0.884707466097647
748 0.13406166788001161 0.38007124867770825
749 0.13406166788001161 0.6028778420229058
750 0.13406166788001161 0.13406586779933066
751 0.13406166788001161 0.7277872190491599
752 0.13406166788001161 0.37210302657901406
753 0.13406166788001161 1.2595620569220356
754 0.13406166788001161 0.13406607323327416
755 0.13406166788001161 0.9064369650213042
756 0.13406166788001161 0.13406636119346393
757 0.13406166788001161 0.41697547367366483
758 0.13406166788001161 0.6242864673875053
759 0.13406166788001161 0.3954573588230898
760 0.13406166788001161 0.501176363973881
761 0.13406166788001161 0.1340661963665154
762 0.13406166788001161 1.0119075934834354
763 0.13406166788001161 0.42177973503801114
764 0.13406166788001161 0.36468410801330287
765 0.13406166788001161 0.396194385349077
766 0.13406166788001161 0.13406611427085324
767 0.13406166788001161 2.4156708240192075
768 0.13406166788001161 0.134065702644318
769 0.13406166788001161 0.2814852419850638
770 0.13406166788001161 0.6543132368070645
771 0.13406166788001161 0.13406553779686545
772 0.13406166788001161 0.25792047596773954
773 0.13406166788001161 0.37939755165183875
774 0.13406166788001161 0.7469128715143372
775 0.13406166788001161 0.531798274539213
776 0.13406166788001161 0.8014582695486189
777 0.13406166788001161 0.8801641235398147
778 0.13406166788001161 1.9259161820226673
779 0.13406166788001161 0.1340647967214732
780 0.13406166788001161 0.13406479661895315
781 0.13406166788001161 0.1340646731986558
782 0.13406166788001161 0.13406516708488525
783 0.13406166788001161 0.36491171795722166
784 0.13406166788001161 0.22417749727855757
785 0.13406166788001161 0.134064385197458
786 0.13406166788001161 0.5120105330803252
787 0.13406166788001161 0.7754700723853034
788 0.13406166788001161 0.8047263201959036
789 0.13406166788001161 1.2574236264949958
790 0.13406166788001161 0.7028985139051335
791 0.13406166788001161 0.34890395255525597
792 0.13406166788001161 0.6077787892978028
793 0.13406166788001161 0.1340652080609523
794 0.13406166788001161 0.7660127194351593
795 0.13406166788001161 0.3963148909157952
796 0.13406166788001161 1.1126020751038537
797 0.13406166788001161 0.1340653316452817
798 0.13406166788001161 1.2321676325472557
799 0.13406166788001161 0.13406467301411973
800 0.13406166788001161 0.5734774837771244
801 0.13406166788001161 1.1022171978131858
802 0.13406166788001161 0.5833112691824196
803 0.13406166788001161 1.4876154439089389
804 0.13406166788001161 0.13406524924205945
805 0.13406166788001161 1.3075680227708206
806 0.13406166788001161 1.0290777966003086
807 0.13406166788001161 0.9392512133895657
808 0.13406166788001161 0.13406545525011512
809 0.13406166788001161 0.13406533174780175
810 0.13406166788001161 0.24421146298155097
811 0.13406166788001161 1.1207837293259377
812 0.13406166788001161 0.35334904833650943
813 0.13406166788001161 0.3801513231356271
814 0.13406166788001161 1.1087293459329437
815 0.13406166788001161 0.46071065033368797
816 0.13406166788001161 0.7201927006972381
817 0.13406166788001161 0.6156240818685325
818 0.13406166788001161 0.27273892649609793
819 0.13406166788001161 0.7585292723169001
820 0.13406166788001161 1.648278001451516
821 0.13406166788001161 0.1340669781514226
822 0.13406166788001161 0.39008811125579607
823 0.13406166788001161 0.4764774336227782
824 0.13406166788001161 0.40422560513606487
825 0.13406166788001161 0.5412389393314718
826 0.13406166788001161 0.13406734845332263
827 0.13406166788001161 0.505250553297874
828 0.13406166788001161 0.13406640196449093
829 0.13406166788001161 0.13406677261495908
830 0.13406166788001161 0.13406689607626443
831 0.13406166788001161 0.13406640231305905
832 0.13406166788001161 0.7692926877340547
833 0.13406166788001161 0.20823712804143601
834 0.13406166788001161 0.13406660840313075
835 0.13406166788001161 1.5025835981212472
836 0.13406166788001161 0.5531338372989989
837 0.13406166788001161 0.13406574407147323
838 0.13406166788001161 0.4710249448233305
839 0.13406166788001161 0.8144116829654393
840 0.13406166788001161 0.1340659498334808
841 0.13406166788001161 1.0658172234985133
842 0.13406166788001161 0.4382150095158606
843 0.13406166788001161 0.32039992765361786
844 0.13406166788001161 0.3018723755824997
845 0.13406166788001161 0.2770755910333679
846 0.13406166788001161 0.21061652302920733
847 0.13406166788001161 0.9090472563212617
848 0.13406166788001161 0.3350106802277045
849 0.13406166788001161 0.8543573246953376
850 0.13406166788001161 0.13406500277053687
851 0.13406166788001161 0.5849500473800789
852 0.13406166788001161 0.36273249706599914
853 0.13406166788001161 0.3800971794683373
854 0.13406166788001161 1.2446315192869302
855 0.13406166788001161 0.13406438525897002
856 0.13406166788001161 0.6267212622161796
857 0.13406166788001161 0.761873923011582
858 0.13406166788001161 0.1340643440983669
859 0.13406166788001161 0.13406389135223656
860 0.13406166788001161 0.1340640971962602
861 0.13406166788001161 0.9004873451135122
862 0.13406166788001161 0.13406385017112943
863 0.13406166788001161 0.8391043390939196
864 0.13406166788001161 0.9227888343572513
865 0.13406166788001161 0.13406393302543987
866 0.13406166788001161 0.8441735626095368
867 0.13406166788001161 0.8529954599298776
868 0.13406166788001161 0.21998517965002232
869 0.13406166788001161 0.8750159412931615
870 0.13406166788001161 0.13406401503908602
871 0.13406166788001161 0.26521554025686245
872 0.13406166788001161 0.19960810408143081
873 0.13406166788001161 0.4564313877747459
874 0.13406166788001161 0.134064385197458
875 0.13406166788001161 0.3961936732735035
876 0.13406166788001161 0.9511143815965746
877 0.13406166788001161 0.6837813747135603
878 0.13406166788001161 2.4618948312494955
879 0.13406166788001161 0.48591686120834515
880 0.13406166788001161 0.42352784109165215
881 0.13406166788001161 0.31277590999370725
882 0.13406166788001161 1.0469806618074369
883 0.13406166788001161 0.2817670452326598
884 0.13406166788001161 0.6533164258091912
885 0.13406166788001161 0.13417204002345762
886 0.13406166788001161 0.1340652134649504
887 0.13406166788001161 1.587860657711134
888 0.13406166788001161 0.1340646812328889
889 0.13406166788001161 0.362920934263058
890 0.13406166788001161 0.8162281891296361
891 0.13406166788001161 0.58997080071472
892 0.13406166788001161 1.6217307575712487
893 0.13406166788001161 0.5613239999450116
894 0.07937158290282414 0.8254734225204392
895 0.07257451446330823 0.13293858451751178
896 0.0725719518319096 1.1817913722609228
897 0.07195585957150484 1.1133841870989487
898 0.07195585957150484 1.2447165155937658
899 0.07195585957150484 0.18641407286604694
900 0.07195585957150484 1.0088595152360293
901 0.06852789639670254 0.4865617506409013
902 0.06852789639670254 0.7324220991335569
903 0.06244425091766992 0.6844308526907069
904 0.06244425091766992 0.7504455094664307
905 0.05279287073569986 0.7775405998435646
906 0.05279287073569986 0.14304660628787932
907 0.05279287073569986 0.5392502055786932
908 0.05279287073569986 1.1050730447156605
909 0.048974371447856414 0.5160067503737519
910 0.048974371447856414 0.12958790337253207
911 0.048974371447856414 0.5759186662585006
912 0.048974371447856414 0.12876665837771542
913 0.048974371447856414 0.2323092840368777
914 0.048974371447856414 0.39163021503349194
915 0.048974371447856414 0.9571643997175256
916 0.048974371447856414 0.5992972621661735
917 0.04861736138992549 1.8031145961703094
918 0.04861736138992549 0.12240350682890037
919 0.04861736138992549 1.2818314695012885
920 0.04776629744650895 0.3228420124317281
921 0.04776629744650895 0.7175467173330219
922 0.04776629744650895 0.7666717149583087
923 0.04776629744650895 0.05406701767623955
924 0.04775806532588436 0.2999026906553649
925 0.0475044069102529 0.05289797479264416
926 0.0475044069102529 0.32748317554784334
927 0.0475044069102529 0.8037585266068844
928 0.0475044069102529 0.05188040922821895
929 0.04750401013386435 0.577733069233
930 0.047503960590460005 0.3759638694317097
931 0.047503960590460005 0.1739494445586436
932 0.047503960590460005 0.05070318231501627
933 0.04740106213441178 0.26592300095771265
934 0.047401038674012415 0.39294134158714783
935 0.047401038674012415 0.23715691325104676
936 0.047400255969286084 0.988671407793063
937 0.047400255969286084 0.6973770128467336
938 0.047400255969286084 0.7989307941544395
939 0.047399473276480406 0.049229332335866065
940 0.047399473276480406 0.502941840716853
941 0.047399473276480406 0.048796362329712475
942 0.047399473276480406 1.1001216702252217
943 0.047399473276480406 0.5010892505436856
944 0.047399473276480406 0.31285044661308964
945 0.047399473276480406 0.7368585505353629
946 0.047399473276480406 1.5796007164590495
947 0.047399473276480406 0.23391359286174257
948 0.047399473276480406 0.5729036934549808
949 0.047399473276480406 0.04859018936553396
950 0.047399473276480406 0.7652377791258393
951 0.047399471273763386 0.3099831594353303
952 0.047399471273763386 1.0405723273870127
953 0.047399471273763386 0.048483503001211604
954 0.04739946888957646 0.6782368581820861
955 0.04739946888957646 0.6863251849049223
956 0.04739946888957646 0.04822136040740215
957 0.04739946888957646 0.711828897332579
958 0.04739946888957646 0.19565253039878924
959 0.04739946888957646 0.15573179402978415
960 0.04739946888957646 0.5407424971080104
961 0.047396772409923876 0.6228733951701264
962 0.047388540289299286 0.12200190306348226
963 0.047388540289299286 1.2675763432413063
964 0.047388540289299286 0.5775198298078827
965 0.047388540289299286 0.8459537244815813
966 0.047388540289299286 0.702870304389284
967 0.04738851244199597 1.033120701246001
968 0.04738851244199597 0.37559473675230387
969 0.04738851244199597 2.2229711183677203
970 0.04738851244199597 0.4161820749698408
971 0.04738851244199597 1.1288291025864328
972 0.04738851244199597 0.04785557584110248
973 0.04738851244199597 0.20146359273627681
974 0.04738851244199597 0.34975159822073304
975 0.04738851244199597 0.047860846485717465
976 0.04738851244199597 1.1461275793193302
977 0.04738851244199597 0.18925382087209125
978 0.04738851244199597 1.3352430967066586
979 0.04738851244199597 0.04781822242127249
980 0.04738851244199597 0.5524972433346761
981 0.04738851244199597 0.7099792770277584
982 0.04738851244199597 0.48658337073686725
983 0.04738851244199597 0.47681864045766986
984 0.04738851244199597 0.1134002491913367
985 0.04738851244199597 0.21573886665366476
986 0.04738851244199597 0.28959178489178466
987 0.04738851244199597 1.1159033740498976
988 0.04738851244199597 0.047759780188512416
989 0.04738851244199597 0.6832098593523032
990 0.04738851244199597 0.33373327973579864
991 0.04738851244199597 0.30228183660569247
992 0.04738851244199597 0.23730545467277842
993 0.04738851244199597 0.7939731463488587
994 0.04738851244199597 0.28556183469470775
995 0.047386947425933586 0.04779852277655211
996 0.047386947425933586 0.24855111827359835
997 0.047386947425933586 0.047809506343960945
998 0.047386947425933586 0.047853264853422076
999 0.047367129813849496 0.04786368337818496
