# iteración mejor promedio
0 24.712370702480793 88.1148580941378
1 22.474650359966244 78.97702762512661
2 17.524165693399834 70.57257129919562
3 16.6541568159037 63.773994697933404
4 8.399710886796063 53.766587760484896
5 8.030976490083592 48.57311522973414
6 7.366206015031999 41.08063976557319
7 7.366206015031999 33.66945547602953
8 5.413584830672948 31.14641724734231
9 5.300586534603668 24.480590500982313
10 4.326442346202411 22.88984526819349
11 2.8266801257901353 19.934872216037025
12 1.705900304463553 15.58409577842446
13 1.705900304463553 11.113321432634997
14 1.5581459196338565 8.841429662604083
15 1.5322404393417857 5.879916496541584
16 1.0645948168282213 4.946243165550031
17 1.0206279595656806 3.3127025796746894
18 1.003345980788284 3.691778712063144
19 0.8129436518906613 2.736601476041745
20 0.8129436518906613 1.8818632808339262
21 0.8078257652196489 1.959351983884095
22 0.8078257652196489 2.283374101677573
23 0.7141799176984223 2.401484970301
24 0.7141799176984223 2.1236791787011247
25 0.7026424892538332 1.535151978518924
26 0.7026424892538332 2.3916815064344856
27 0.7026424892538332 1.6952632915671288
28 0.7020084850142719 2.666704081094092
29 0.6769201876646788 3.8404374692351864
30 0.6435775301855576 2.338734455848181
31 0.6435775301855576 1.5467640174513246
32 0.6435775301855576 1.3682474860140426
33 0.6435775301855584 1.968156543794062
34 0.6435775301855584 2.441934449905589
35 0.6435774626415427 2.565023685859204
36 0.6435774626415427 2.4634483937004688
37 0.6303670544377462 1.62707262654635
38 0.6303670544377462 1.6390447659892764
39 0.6303670544377462 1.6692432744145143
40 0.6303670544377462 2.0068907967146283
41 0.6303670544377462 1.2319083126018833
42 0.6303670544377462 1.7488385596251361
43 0.6303670544377462 2.3461223085073355
44 0.6303670544377462 1.8863678707559195
45 0.6303670544377462 1.2159299535084633
46 0.6285711370598377 1.1691457132339822
47 0.62739506814539 1.0713766666371396
48 0.62739506814539 1.578344231988927
49 0.62739506814539 0.8103122561777987
50 0.6266956112393307 0.7354880757714443
51 0.6234636584853338 1.5188811429984979
52 0.6227115198219758 1.2259399380294875
53 0.6227115198219758 0.902059815492729
54 0.6223417315711536 1.097541507090092
55 0.6223417315711536 1.1842101615976788
56 0.6180353528340005 1.173096916153563
57 0.617273150636829 2.3428527366173064
58 0.617273150636829 1.1703836037847812
59 0.6167521232763769 1.0947269928249057
60 0.6167521232763769 0.9217673046419946
61 0.6167521232763769 1.8144755703788293
62 0.6167521232763769 1.143409731191739
63 0.6167521232763769 1.6478253013558275
64 0.6167521232763769 1.4168944567014148
65 0.6166066347421701 0.8845848722937187
66 0.6157490052605543 1.0140731863075205
67 0.6157490052605543 1.7946107539740388
68 0.6157490052605543 2.0883474703363625
69 0.6157490052605543 1.7181972107549328
70 0.6157490052605543 1.7046410775346148
71 0.6157490052605543 1.0838567819272997
72 0.6157490052605543 0.6614473489807337
73 0.6157490052605543 0.6583098592927595
74 0.6155748950510368 0.9011250024201958
75 0.6155736784481312 0.8972935700233988
76 0.6155736784481312 0.710998512630547
77 0.6155736784481312 1.164101618926039
78 0.6155736784481312 0.6678195525012472
79 0.6155736784481312 1.2588109754870296
80 0.6155736784481312 1.163719380266364
81 0.6155736784481312 1.059597103352952
82 0.6155736784481312 0.8377050145587503
83 0.6155736784481312 1.4511744349218063
84 0.6155736784481312 0.7964279952325338
85 0.6155736784481312 1.1306318580234516
86 0.6153153699739202 0.6574646027283184
87 0.6153153699739202 1.485811365793258
88 0.6153153699739202 1.7098341569558158
89 0.6153153699739202 0.8102250108792961
90 0.6153153699739202 1.8626854825096766
91 0.6153153699739202 0.7288301085740423
92 0.6153153699739202 1.109288394268756
93 0.6153153699739202 0.7952903124828772
94 0.6153078519888061 0.6474915981695745
95 0.6153078519888061 1.399741325232938
96 0.6153078519888061 1.5497787875087148
97 0.6153078519888061 0.7568689500665582
98 0.6066804710801356 1.1845692629480342
99 0.5864141120530569 1.112615369833224
100 0.5864141120530569 1.1667152781417431
101 0.5864141120530569 2.076724619072196
102 0.5863040232587833 1.6645014027866483
103 0.5862386319970188 0.8546215091896205
104 0.580887591549765 1.3211987095827098
105 0.580868754434555 1.1149838648472339
106 0.580868754434555 0.6407074695915662
107 0.580868754434555 0.6406816353147308
108 0.580868754434555 2.3469311590814605
109 0.580868754434554 1.36407809502044
110 0.5260217226638363 0.7513125489828393
111 0.5260217226638363 0.9000844904394779
112 0.5127506492170507 1.382593385310993
113 0.5127506492170507 1.0335522178117484
114 0.5127506492170507 0.8906154927833131
115 0.5066871082869993 1.1253981538081854
116 0.5063897220353654 1.5079374730251047
117 0.5063897220353654 1.106464826223644
118 0.5063897220353654 0.6210287665123068
119 0.5063897220353654 0.6199480614656149
120 0.5050603100974554 0.850851194644555
121 0.5050603100974554 0.6158724660767988
122 0.5050603100974554 0.6095789331651258
123 0.5050603100974554 0.8425688060002108
124 0.5050603100974554 1.0074752000409153
125 0.5050603100974554 0.8901690705793921
126 0.5050603100974554 0.9114667028161731
127 0.5050264660871767 1.0631435520743961
128 0.5050264660871767 0.5894513709187147
129 0.5050264660871767 0.8253070961947425
130 0.5050264660871767 0.9046589980390134
131 0.5050264660871767 0.8589172853808072
132 0.5050264660871767 0.5642773083841158
133 0.5050264660871767 0.5561455297003212
134 0.5050264660871767 0.901604203188345
135 0.5050264660871767 0.9614550383196706
136 0.5050247920660882 0.5445439830692017
137 0.5050247920660882 0.6443853645680125
138 0.5048928768987969 1.2357264584356238
139 0.5047931749221629 0.5296830130659693
140 0.5047931749221629 1.1965891000736149
141 0.5047900918823628 0.9658687874592765
142 0.5047900918823628 0.7331664425253765
143 0.5047900918823628 1.5728531702843815
144 0.5047900918823628 1.6172256166542414
145 0.5047900918823628 0.5253009901237138
146 0.5047900918823628 0.5200108633451704
147 0.5047900918823636 1.743732929064856
148 0.5047900918823636 0.8845657546155569
149 0.5047900918823636 0.8502923582435287
150 0.5047900918823636 1.5680953383529905
151 0.5047900918823636 0.5135776984570678
152 0.5047900918823636 0.7136702366964939
153 0.5047900918823636 2.3138086645663436
154 0.5047900918823636 1.4138563059963045
155 0.5047900918823636 0.8392282405868243
156 0.5047900918823636 1.1858109939487471
157 0.5047900918823636 1.5224350661404182
158 0.5047900918823636 1.0659775051941889
159 0.5047900918823636 0.798580098056258
160 0.5045876581401101 2.2945842763055584
161 0.5045876581401101 0.5092631781223381
162 0.5045876581401101 1.8126605093923416
163 0.5045876581401101 1.2701373598086039
164 0.5045876581401101 1.5323890762384027
165 0.5045720188871426 0.50902786354592
166 0.5045720188871426 1.1153059971511907
167 0.5045720188871426 1.5557463541144343
168 0.5045715316308603 0.8193193654506888
169 0.5045715316308603 0.5090068287817922
170 0.5041659128294482 0.5085720496612133
171 0.5041659128294482 0.5920822437960735
172 0.504134976895412 0.5086898530048334
173 0.504134976895412 0.5744764489501147
174 0.504134976895412 0.8730370367926042
175 0.504134976895412 0.5084595628942261
176 0.504134976895412 0.8217907238454818
177 0.5041086659621509 0.8150809319222383
178 0.5041086659621509 0.6602385322109242
179 0.5041086659621509 1.7813604092338422
180 0.5041086659621509 0.6122266198751555
181 0.5041086659621509 1.0137069579826414
182 0.5041086659621509 0.77142402457693
183 0.5041086659621509 1.8007246873354186
184 0.5041086659621509 0.7784944061009589
185 0.5041086659621509 1.179744005180592
186 0.5037010200296449 1.4494024870764333
187 0.34594572318884537 0.566557942065954
188 0.34594572318884537 1.279740849897836
189 0.34532040642576944 1.1474935984871804
190 0.3445046120099167 1.6491736043212566
191 0.3445046120099167 1.7507715959715304
192 0.32191351806866153 0.9487123250256001
193 0.3219027786774588 0.7798579240262883
194 0.3198823195760398 0.6173056861584724
195 0.3196772970478575 1.2075662722883236
196 0.31937682685043256 0.693861436644127
197 0.29567012291018335 0.7348568842658025
198 0.29567012291018335 1.535736517092208
199 0.29170845863326733 1.1356122026073054
200 0.29170845863326733 0.6159695913685643
201 0.29170845863326733 1.2195912421884405
202 0.29162170525928527 1.0719732660937966
203 0.29162170525928527 0.6633877487600653
204 0.29162170525928527 0.6267925481926668
205 0.29157530095887957 1.633294944108128
206 0.29157530095887957 0.8561856244803764
207 0.29157530095887957 1.3577384824361554
208 0.2915603328426114 0.6430329540132292
209 0.29155253864944175 0.6568589555009615
210 0.29155253864944175 0.9531724574886415
211 0.29155253864944175 1.1925409541529703
212 0.29155253864944175 1.23788862321316
213 0.29155253864944175 0.9860752393139586
214 0.29155253864944175 0.7287131478606753
215 0.29155253864944175 2.0461913103543834
216 0.2821361845218663 0.8161809616405311
217 0.2821361845218663 0.9855008525647446
218 0.28164747138199264 0.47043580496156095
219 0.28164747138199264 0.863744301056182
220 0.2771713199389164 0.8573435212668988
221 0.2741669433227357 1.2365939375301194
222 0.274133099312457 0.31700567707217414
223 0.274133099312457 1.0017314223444722
224 0.274133099312457 2.1133853885843807
225 0.274133099312457 0.7294753785150845
226 0.2739824885195289 0.521784021505515
227 0.2739824885195289 0.8209585067827858
228 0.2739824885195289 0.3081487393885625
229 0.2739824885195289 0.4231798730917323
230 0.27398214938085935 1.003033936199697
231 0.27398214938085935 0.5979737310800122
232 0.2739532464191746 0.4598327792898294
233 0.26636411001459537 0.30146705997217843
234 0.26452152768504483 0.5995848207388517
235 0.2627861978256303 0.2998979745599933
236 0.2627861978256303 0.2987061381102097
237 0.2627861978256303 0.2967540544011087
238 0.2627861978256303 1.4881939462996223
239 0.2627861978256303 0.3508662569044663
240 0.2622839769078233 1.0960708823502063
241 0.2622839769078233 0.8013062733097329
242 0.2622760970150545 0.2903065962182579
243 0.2622760970150545 0.28967008238800646
244 0.2622760970150545 0.28986797723999874
245 0.2622760970150545 0.2901821374321474
246 0.2622760970150545 0.5849998503161814
247 0.2622760970150545 0.671654364390568
248 0.2622760970150545 0.29097370294769687
249 0.2622760970150545 0.8638413473868344
250 0.2622760970150545 0.3517495254320426
251 0.2622760970150545 1.137307999279672
252 0.2622760970150545 0.40802053441786107
253 0.2622760970150545 0.573194994664336
254 0.2622760970150545 0.6026650002264037
255 0.2622760970150545 0.8075308287374297
256 0.2608369141069096 0.49989388875386903
257 0.2605360525928843 0.2944436750044298
258 0.2604953482277718 0.5404735258964715
259 0.2604953482277718 0.9311983658247613
260 0.2604760661994389 0.43264075118128054
261 0.2604495696929882 0.40547954620206256
262 0.2604495696929882 0.5412178929603477
263 0.2604495696929882 1.0964963167953186
264 0.2604480863949329 0.3594934976535227
265 0.2604480863949329 0.4769596914117977
266 0.2604480863949329 0.7648261780592617
267 0.2604480863949329 0.8830290170722778
268 0.2604480863949329 0.7771248928663375
269 0.2604361895286605 0.5865126417875038
270 0.2604361895286605 1.2637141955648274
271 0.2604361895286605 0.2701394533308967
272 0.2604361895286605 0.41660054510414407
273 0.26043493550594105 0.5878609861318667
274 0.26043493550594105 0.7451881020551984
275 0.26043493550594105 0.6066958968002555
276 0.26043493550594105 1.239413229438403
277 0.26006020789929735 0.2676975849363464
278 0.26006020789929735 0.45109436678251646
279 0.26006020789929735 0.7144813834377765
280 0.25992419656773397 0.864307403026902
281 0.25991669806142675 0.5835925368292176
282 0.2598794887236156 0.407636471386098
283 0.2598585158895186 0.9659578849592309
284 0.2598585158895186 0.9778105762719322
285 0.2598585158895186 0.43637689329604684
286 0.2598585158895186 1.1475686794391478
287 0.2598585158895186 0.2655162967015577
288 0.2598549467140038 0.26525297591463093
289 0.2598549467140038 0.2649639120111493
290 0.2598549467140038 0.2652482158242746
291 0.2598549467140038 0.5258387145990264
292 0.2598549467140038 0.26477929551226576
293 0.2598549467140038 0.26448625673036597
294 0.2598549467140038 1.1211199538717602
295 0.25985208402075927 0.7725489448397057
296 0.25984958815851567 0.2647934889268673
297 0.25984958815851567 0.2646648591163529
298 0.25984958815851567 1.740448526645871
299 0.25983623036978254 0.2651145836712967
300 0.25983623036978254 0.4280403465765935
301 0.25983623036978254 1.5746747485106272
302 0.25983623036978254 0.46517205537688744
303 0.25983623036978254 0.39463043522757923
304 0.25983396218546934 0.734442104121157
305 0.25983396218546934 0.26450285383138544
306 0.25983396218546934 0.26404805827410327
307 0.25983396218546934 1.327172159334959
308 0.25983396218546934 0.2632349608674908
309 0.259823257806052 0.26308469963200976
310 0.259823257806052 1.2730597934520922
311 0.259823257806052 0.26286383268060776
312 0.259823257806052 1.3062524405147002
313 0.259823257806052 0.6812425153432177
314 0.259823257806052 0.45440883155561823
315 0.259823257806052 0.39634302085434137
316 0.259823257806052 0.444506753416336
317 0.2598230794807907 0.2629591741540521
318 0.2598230794807907 1.030436883349125
319 0.2598230794807907 0.9709690841647232
320 0.2598230794807907 0.4582331603456052
321 0.2598230794807907 0.6714295813055045
322 0.25982305405343714 0.5569531227269442
323 0.25982305405343714 0.4039787252426995
324 0.25982305405343714 0.8947792928067733
325 0.25982305405343714 0.3288070511862693
326 0.25982305405343714 0.36469698384013916
327 0.25982305405343714 0.9086197759144511
328 0.25982305405343714 0.26275080331648476
329 0.25982305405343714 1.212930816724323
330 0.25982305405343714 0.2623971784769406
331 0.25982305405343714 1.34342938718145
332 0.25982305405343714 0.7848911200327409
333 0.25982305405343714 0.33610181690545177
334 0.25982305405343714 0.9423418501991577
335 0.25982305405343714 0.778117846951487
336 0.25982305405343714 0.2623657032694444
337 0.25982305405343714 1.175511885651586
338 0.25982305405343714 0.4114953107391654
339 0.25982125790237315 0.26199664087050467
340 0.25982125790237315 0.26191391278440107
341 0.25982125790237315 0.33751100660751676
342 0.25982125790237315 1.5325230461006114
343 0.25982125790237315 0.8655605962202515
344 0.25982125790237315 1.0067136295889074
345 0.25982125790237315 0.2615670389130153
346 0.25982125790237315 0.9117050698224125
347 0.25982125790237315 0.26118210908047124
348 0.25982125790237315 0.48617524268683676
349 0.25982125790237315 0.26104320703157247
350 0.25981977676200685 0.2609156304454087
351 0.2598197513346533 0.26084924289218775
352 0.25981969538970706 0.260756185071721
353 0.25981969538970706 0.8371981823890604
354 0.25981969538970706 0.4731633469412522
355 0.25981969538970706 1.0825232572415489
356 0.25981969538970706 0.9992665279082228
357 0.25981969538970706 1.2208178323929608
358 0.25981969538970706 0.3427753288485592
359 0.25981969538970706 0.26066429651499556
360 0.2598196953897072 0.712449793337445
361 0.2598196953897072 0.2606369382698692
362 0.2598196953897072 1.799640481502302
363 0.25981969538970706 1.2185276384991968
364 0.25981969538970706 0.5219345960291794
365 0.25981969538970706 0.26041302837037933
366 0.25981969538970706 0.5140641004920792
367 0.25981969538970706 0.3920234894201483
368 0.25981969538970706 1.29268006766053
369 0.25981969538970706 1.0854305804239877
370 0.25981969538970706 1.4487167338720266
371 0.25981969538970706 0.48649987611422235
372 0.25981969538970706 0.7743985291315615
373 0.25981969538970706 0.2604756927527367
374 0.25981969538970706 0.8224155935891256
375 0.25981969538970706 0.260667257459689
376 0.25981969538970706 0.5951169161426884
377 0.25981969538970706 0.2605774628987587
378 0.25981969538970706 0.6243983561470663
379 0.25981969538970706 0.5476303296637015
380 0.25981969538970706 0.697021586829604
381 0.25981969538970706 0.40782329779952753
382 0.25981969538970706 0.4656374378907717
383 0.25981969538970706 0.2603778035391085
384 0.25981969538970706 0.2604374912968688
385 0.25981969538970706 0.38488459634801203
386 0.25981969538970706 0.7350762675857808
387 0.25981969538970706 0.26041895737519355
388 0.25981969538970706 0.6450302809914138
389 0.25981969538970706 0.2604522531970014
390 0.25981969538970706 0.5500125680476443
391 0.25981969538970706 0.260458791396027
392 0.25981969538970706 0.7978433977694173
393 0.25981969538970706 0.4313067331824574
394 0.25981969538970706 0.2605022807643415
395 0.25981969538970706 0.7846028090739682
396 0.25981969538970706 0.26032562501625767
397 0.25981969538970706 0.26041788852768316
398 0.25981969538970706 1.3503952861374018
399 0.25981969538970706 0.29398365411299204
400 0.25981969538970706 1.1920475407356728
401 0.25981969538970706 0.6598110055037988
402 0.25981969538970706 1.378981240514315
403 0.25981969538970706 0.9855747064008549
404 0.25981969538970706 0.409068081981854
405 0.25981969538970706 0.8951562086385979
406 0.25981969538970706 0.8862111482660974
407 0.25981969538970706 0.26016261621991915
408 0.25981969538970706 0.26022586066726705
409 0.25981969538970706 0.2602764811854128
410 0.25981969538970706 2.0117305552219458
411 0.25981969538970706 0.2602337276031122
412 0.25981969538970706 0.7801663438085317
413 0.25981969538970706 0.2602763859639075
414 0.25981969538970706 1.106644759873332
415 0.25981969538970706 1.203210885546621
416 0.25981969538970706 0.2604271856089378
417 0.25981969538970706 1.79524649102391
418 0.25981969538970706 0.5597706087079249
419 0.25981969538970706 0.5219796650671853
420 0.25981969538970706 0.6947154672859361
421 0.25981969538970706 0.48985354836034317
422 0.25981969538970706 0.40810234222897024
423 0.25981969538970706 0.8316040289624601
424 0.25981969538970706 1.30414145486232
425 0.25981969538970706 0.4860314625285414
426 0.25981969538970706 0.2601578310365918
427 0.25981969538970706 0.9045590742221913
428 0.25981969538970706 1.3495828752985426
429 0.25981969538970706 0.6145643330170563
430 0.25981969538970706 0.4666844169771013
431 0.25981969538970706 0.2601091160644105
432 0.25981969538970706 0.2601173412386468
433 0.25981969538970706 0.39426403101985913
434 0.25981969538970706 0.743653222049002
435 0.25981969538970706 0.5809804128005956
436 0.25981969538970706 0.41499233152862
437 0.25981969538970706 1.1792191609583582
438 0.25981969538970706 0.8208733394746743
439 0.25981969538970706 0.45503215626268534
440 0.25981969538970706 1.3648851995210813
441 0.25981969538970706 0.4847098161403583
442 0.25981969538970706 1.0796696956168144
443 0.25981969538970706 0.9263707898131271
444 0.25981969538970706 0.32575855646122376
445 0.25981969538970706 0.25993826595931535
446 0.25981969538970706 0.4203095392404746
447 0.25981969538970706 1.4710537725000257
448 0.25981969538970706 0.4743075519126632
449 0.25981969538970706 0.5918852241388108
450 0.25981969538970706 0.47015251279435516
451 0.25981969538970706 1.5160902564604037
452 0.25981969538970706 2.354722899298128
453 0.25981969538970706 0.8185826547653952
454 0.25981969538970706 0.8522077933821401
455 0.25981969538970706 0.2598640420137697
456 0.25981969538970706 0.7796653009149229
457 0.25981969538970706 0.6393350966947778
458 0.25981969538970706 0.45433437918863334
459 0.25981969538970706 0.7910334702888733
460 0.25981969538970706 0.5926217153390148
461 0.25981969538970706 0.49502242601060503
462 0.25981969538970706 0.49551010056563277
463 0.25981969538970706 1.236074716215107
464 0.25981969538970706 2.2181249294461782
465 0.25981969538970706 0.5106375965346863
466 0.25981969538970706 1.081855283504381
467 0.22374554880941988 0.6939486685822419
468 0.21011253449619274 0.33301556637640073
469 0.20809602962839843 1.374570790066125
470 0.2080183932660192 0.5750102458626284
471 0.2080181639906833 0.33149260805538605
472 0.2080181639906833 1.6541733733054644
473 0.20801814929217077 0.26939099749646944
474 0.20801814929217077 0.2599194125456248
475 0.2080166014780172 0.6645239622594158
476 0.2080166014780172 0.7617934826387845
477 0.2080166014780172 1.227818100746908
478 0.2080166014780172 0.2565878947412321
479 0.20800485810569916 1.0719757987877354
480 0.20800485810569916 0.9184854406199245
481 0.20800485810569916 0.6434008326196102
482 0.20800485810569916 0.5784915338675812
483 0.20800483267834557 0.4871751300018775
484 0.20800483267834557 1.1457003514480426
485 0.20800483267834557 1.4022731689885861
486 0.207953598241722 0.31657041071617525
487 0.207953598241722 0.3108280327733138
488 0.207953598241722 0.5081347022448857
489 0.20292992137009963 0.5001386681750934
490 0.20292992137009963 0.4939874181113163
491 0.18007753878057847 0.8552704700381125
492 0.18000395418891102 1.3230944006277883
493 0.18000395418891102 0.6524349570470472
494 0.18000395418891102 1.247297961795241
495 0.17999323760245603 0.22353063640140763
496 0.17986336348991014 0.46913365301577903
497 0.17978977889824269 0.6703640952067451
498 0.17978977889824269 0.5210039682198313
499 0.17974570697638298 0.7472243094369628
500 0.1797456815490294 0.22441913536827993
501 0.1797456815490294 0.2168439969035846
502 0.1797456815490294 0.2058401588715957
503 0.1797456815490294 0.5202215589510785
504 0.1797456815490294 0.7062591079352013
505 0.17974486202053572 0.20333660500142858
506 0.17974486202053572 0.43361433515168835
507 0.17974486202053572 0.20039010030124266
508 0.17974480607558949 0.8045175174252011
509 0.17974480607558949 0.279137769244843
510 0.17974480607558949 0.1948890342182569
511 0.17974480607558949 0.734167380798182
512 0.17974480607558949 0.19319443864705108
513 0.17974480607558949 0.540224664847899
514 0.17974480607558949 1.823757154372722
515 0.17974480607558949 0.2958089436333339
516 0.17974480607558949 0.45888294630927645
517 0.17974480607558949 0.5828526342918585
518 0.17974471511885817 1.591947598819391
519 0.17974471511885817 0.18697024080066363
520 0.17974471511885817 0.18711697040096417
521 0.17974471511885817 0.6428189623606256
522 0.17974471511885817 0.21917640385532475
523 0.17974471511885817 0.29015785171827824
524 0.17974471511885817 0.37801715579807066
525 0.17974471511885817 0.6458928158825583
526 0.17974471511885817 0.3842591331866204
527 0.17974471511885817 0.5964928467198135
528 0.17974469001336985 0.6839039592788234
529 0.17974439818888988 0.5946500029802
530 0.17974439818888988 0.443586574526142
531 0.17974439818888988 0.18195419834926188
532 0.17974439818888988 0.5018749831764932
533 0.17974439818888988 0.2471364946155977
534 0.17974415519255818 0.18112331431975018
535 0.17974415519255818 0.1816731552410761
536 0.17974415519255818 0.24984487722949847
537 0.17974410207287342 0.18154240479541206
538 0.17974410207287342 0.18140259006402176
539 0.17974410207287342 0.18112403080636696
540 0.17974410207287342 0.4395687397357526
541 0.17974410207287342 0.8614060049576292
542 0.17974410207287342 0.40171249035260387
543 0.17974410207287342 0.18040896716025856
544 0.17974410207287342 0.18054388335227323
545 0.17974410207287342 0.18012033948567768
546 0.17974410207287342 1.1885591875710708
547 0.17974410207287342 1.0633875890481892
548 0.17974410207287342 0.8401807833444771
549 0.17974410207287342 0.179806738014682
550 0.17974410207287342 0.6694111987842889
551 0.17974410207287342 1.400852376288394
552 0.17974410207287342 0.17981460222313678
553 0.17974410207287342 0.4972452105128894
554 0.17974410207287342 0.6102329241544495
555 0.17974410207287342 1.3673462311464883
556 0.17974410207287342 1.7542349060931541
557 0.17974410207287342 0.1797953335584102
558 0.17974410207287342 1.1392699400263093
559 0.17974410207287342 1.860476472809435
560 0.17974410207287342 0.1797936306801363
561 0.17974410207287342 0.49400939743904504
562 0.17974410207287342 0.1797955050271672
563 0.17974410207287342 0.36597862761364397
564 0.17974410207287342 0.17980597474548976
565 0.17974410207287342 0.614572181838206
566 0.17974410207287342 1.2576012957693452
567 0.17974410207287342 0.4296009680075246
568 0.17974410207287342 0.17980496665946014
569 0.17974410207287342 0.5430482759916597
570 0.17974410207287342 0.9022228918345137
571 0.17974410207287342 1.6789979101279777
572 0.17974410207287342 0.3761672422282445
573 0.17974410207287342 0.5522848672835482
574 0.17974410207287342 0.6481010081985265
575 0.17974410207287342 0.665954999347113
576 0.17974410207287342 1.5633810412566567
577 0.17974410207287342 0.5943563047346399
578 0.17974410207287342 1.0664581609220076
579 0.17974410207287342 0.745358250710505
580 0.17974410207287342 0.7487575907630938
581 0.17974410207287342 0.2970959643863096
582 0.17974410207287342 0.30503760898027305
583 0.17974410207287342 1.1830015894384156
584 0.17974410207287342 0.8530615251205796
585 0.17974410207287342 0.2665052087708361
586 0.17974410207287342 0.28186280937505975
587 0.17974410207287342 1.2082631028799815
588 0.17974410207287342 1.4930065058277011
589 0.17974410207287342 0.3276530854240878
590 0.17974410207287342 0.30512463807838025
591 0.17974410207287342 0.703347659405983
592 0.17974410207287342 0.4973727428941412
593 0.17974410207287342 0.24963339529639011
594 0.17974410207287342 0.5089444474478421
595 0.17974410207287342 0.4624279877358352
596 0.17974410207287342 0.5022064099373102
597 0.17974410207287342 0.3516324395784844
598 0.17974410207287342 0.4411933641184862
599 0.17974410207287342 0.17979149947105783
600 0.17974410207287342 0.6051528760929363
601 0.17974410207287342 0.928860743345562
602 0.17974410207287342 0.32709130824292615
603 0.17974410207287342 0.7680467790189689
604 0.17974410207287342 1.2818490042279251
605 0.17974410207287342 0.4899426470691388
606 0.17974408926978963 0.7668465477430617
607 0.17974408926978963 0.17977797433076045
608 0.17974408926978963 0.5866953052674467
609 0.17974408926978963 0.8307861919199674
610 0.17974408926978963 0.4934079323279257
611 0.17974408926978963 0.8746498809685849
612 0.17974408926978963 0.43528669260937747
613 0.17974408926978963 0.17977036725156112
614 0.17974408926978963 0.5091356998508644
615 0.17974408926978963 0.44145064521090693
616 0.17974408926978963 0.1797668599712078
617 0.17974408926978963 0.9543826254179538
618 0.17974408926978963 1.5155085450103833
619 0.17974408926978963 1.8973360726120938
620 0.17974408926978963 0.5010855064342958
621 0.17974408926978963 1.1809950692375566
622 0.17974408926978963 0.1797625823213151
623 0.17974408926978963 0.17976202241003564
624 0.17974408926978963 1.1623645150368829
625 0.17974408926978963 0.17976460811178044
626 0.17974408926978963 0.17976254821647475
627 0.17974408926978963 0.32685042082542476
628 0.17974408926978963 0.3473342569558455
629 0.17974408926978963 0.327583711679183
630 0.17974408926978963 1.994639220069754
631 0.17974408926978963 0.17976537985687638
632 0.17974408926978963 0.2831163800869443
633 0.17974408926978963 0.3976593594743313
634 0.17974408926978963 0.7349924731814318
635 0.17974408926978963 0.32681875518832937
636 0.17974408926978963 0.17976887841360883
637 0.17974408926978963 0.17976892716391352
638 0.17974408926978963 0.8718642868191887
639 0.17974408926978963 1.1853895362030986
640 0.17974408926978963 0.9618722543929306
641 0.17974408926978963 0.1797673856558151
642 0.17974408926978963 0.1797710053917091
643 0.17974408926978963 0.1797713742119563
644 0.17974408926978963 1.1273086627271318
645 0.17974408926978963 1.0208748248079795
646 0.17974408926978963 1.5287208426432195
647 0.17974408926978963 1.3592884314695683
648 0.17974408926978963 0.7188909532749025
649 0.17974408926978963 0.17976678238106278
650 0.17974408926978963 0.9631903185330435
651 0.17974408926978963 1.0047654044611638
652 0.17974408926978963 0.4416480815141341
653 0.17974408926978963 0.616668183310799
654 0.17974408926978963 0.8078191368206943
655 0.17974408926978963 0.1797614320090581
656 0.17974408926978963 0.3625403639134507
657 0.17974408926978963 0.5394312679989125
658 0.17974408926978963 0.17976025952040586
659 0.17974408926978963 0.6541121125259568
660 0.17974408926978963 0.9221588689255763
661 0.17974408926978963 1.7596190978608788
662 0.17974408926978963 0.7114555463212551
663 0.17974408926978963 0.4925346063693991
664 0.17974408926978963 0.1797552273341207
665 0.17974408926978963 0.5735546524671714
666 0.17974408926978963 1.5234405554009067
667 0.17974408926978963 0.7238375510247786
668 0.17974408926978963 0.4272247339807428
669 0.17974408926978963 0.7787219968655854
670 0.17974408926978963 2.5776099679393316
671 0.17974408926978963 0.38917264282207303
672 0.17974408926978963 0.17975936224000008
673 0.17974408926978963 0.17975862234609155
674 0.17974408926978963 0.1797591291932381
675 0.17974408926978963 0.17975837667851688
676 0.17974408926978963 0.42724443828303216
677 0.17974408926978963 0.1797560411647652
678 0.17974408926978963 1.1460947916960265
679 0.17974408926978963 0.7257545030158365
680 0.17974408926978963 0.9328513022821867
681 0.17974408926978963 0.17975461512128996
682 0.17974408926978963 0.381845872800149
683 0.17974408926978963 1.0060716278351587
684 0.17974408926978963 1.5329611468708328
685 0.17974408926978963 0.30968521539851557
686 0.17974408926978963 0.17975193805607134
687 0.17974408926978963 0.6596291717179271
688 0.17974408926978963 0.17975227296233232
689 0.17974408926978963 0.179752015913126
690 0.17974408926978963 0.1797523423740008
691 0.17974408926978963 0.931691503702351
692 0.17974408926978963 0.4593080444962935
693 0.17974408926978963 1.5636466134870886
694 0.17974408926978963 0.17975019189938074
695 0.17974408926978963 1.309347977243219
696 0.17974408926978963 0.5734279490166343
697 0.17974408926978963 0.9748811678742427
698 0.17974408926978963 0.5069923453307322
699 0.17974408926978963 0.40485933253671436
700 0.17974408926978963 0.17975045559844205
701 0.17974408926978963 0.7035129164204994
702 0.17974408926978963 0.39341035115208844
703 0.17974408926978963 0.1797504471808317
704 0.17974408926978963 0.5997829961549886
705 0.17974408926978963 0.44136488998989565
706 0.17974408926978963 0.43435367228656907
707 0.17974408926978963 0.4332537177540859
708 0.17974408926978963 1.0834071018611062
709 0.17974408926978963 0.1797531347079816
710 0.17974408926978963 0.2824880086256145
711 0.17974408926978963 0.40776979684448145
712 0.17974408926978963 0.7302017463234232
713 0.17974408926978963 0.7826947885898092
714 0.17974408926978963 0.2534582455568147
715 0.17974408926978963 0.5558802772831737
716 0.17974408926978963 0.42377498011991
717 0.17974408926978963 0.6115640366645885
718 0.17974408926978963 0.4392936761026981
719 0.17974408926978963 0.4307907412082861
720 0.17974408926978963 0.9614076476556225
721 0.17974408926978963 1.0366863000036126
722 0.17974408926978963 0.4686721922832194
723 0.17974408926978963 0.4074935518568775
724 0.17974408926978963 0.45722858193553795
725 0.17974408926978963 0.17975406777348316
726 0.17974408926978963 0.1797531682021123
727 0.17974408926978963 0.24555554778505248
728 0.17974408926978963 0.4999447558969006
729 0.17974408926978963 0.4313386512851007
730 0.17974408926978963 0.43264129107772825
731 0.17974408926978963 0.595047758587689
732 0.17974408926978963 0.17975360161200984
733 0.17974408926978963 0.6385429958943941
734 0.17974408926978963 0.17975346130463563
735 0.17974408926978963 1.3195882190581847
736 0.17974408926978963 0.44136435225167303
737 0.17974408926978963 0.5783322758894952
738 0.17974408926978963 1.062717695179258
739 0.17974408926978963 1.230952642172455
740 0.17974408926978963 0.6915705483367287
741 0.17974408926978963 0.7110662062249762
742 0.17974408926978963 0.17975559628668988
743 0.17974408926978963 0.2968497990756098
744 0.17974408926978963 0.6184588884772371
745 0.17974408926978963 0.33919057379902995
746 0.17974408926978963 0.3729400928175679
747 0.17974408926978963 0.9345051979349083
748 0.17974408926978963 0.5056816617502464
749 0.17974408926978963 0.4454433886034904
750 0.17974408926978963 0.4846078172124676
751 0.17974408926978963 0.17975470629224033
752 0.17974408926978963 0.17975598121545758
753 0.17974408926978963 0.17975545365461432
754 0.17974408926978963 0.5418519419520518
755 0.17974408926978963 0.17975824271665605
756 0.17974408926978963 0.8620226870274956
757 0.17974408926978963 0.3876766967507128
758 0.17974408926978963 0.179757105043451
759 0.17974408926978963 0.31479255572033754
760 0.17974408926978963 0.17975426776850015
761 0.17974408926978963 0.43443794627887883
762 0.17974408926978963 0.17975357184364793
763 0.17974408926978963 0.17975381930317746
764 0.17974408926978963 0.17975485509196898
765 0.17974408926978963 1.105144413144246
766 0.17974408926978963 0.17975135195771696
767 0.17974408926978963 0.9630322008442088
768 0.17974408926978963 0.17975065259236359
769 0.17974408926978963 0.17974821029719748
770 0.17974408926978963 0.8853290971461496
771 0.17974408926978963 0.42395264699690166
772 0.17974408926978963 0.1797475169104314
773 0.17974408926978963 0.6267432044702196
774 0.17974408926978963 0.6430886379607026
775 0.17974408926978963 0.657358947035608
776 0.17974408926978963 0.32760412769774816
777 0.17974408926978963 0.24994603240907295
778 0.17974408926978963 1.09806926813156
779 0.17974408926978963 0.3483000745655451
780 0.17974408926978963 0.17974953063142712
781 0.17974408926978963 0.7925140932332271
782 0.17974408926978963 0.441362676296532
783 0.17974408926978963 0.24555404787362484
784 0.17974408926978963 0.8059584772335916
785 0.17974408926978963 0.557188089192401
786 0.17974408926978963 0.711024235519719
787 0.17974408926978963 1.396317495857871
788 0.17974408926978963 0.6911218812241193
789 0.17974408926978963 0.5764574237865111
790 0.17974408926978963 0.17975620975843098
791 0.17974408926978963 0.6958850081978682
792 0.17974408926978963 0.9457198827354416
793 0.17974408926978963 0.44240096938951823
794 0.17974408926978963 0.36374839321737296
795 0.17974408926978963 0.37932177902793107
796 0.17974408926978963 0.17975089818674395
797 0.17974408926978963 0.17974987088732686
798 0.17974408926978963 0.1797514088338076
799 0.17974408926978963 0.39553014565699035
800 0.17974408926978963 0.2936418070836169
801 0.17974408926978963 0.42628188543752926
802 0.17974408926978963 0.8941415031928541
803 0.17974408926978963 0.31592354539621215
804 0.17974408926978963 0.5858678284404327
805 0.17974408926978963 0.17974824976562398
806 0.17974408926978963 1.0694588156206317
807 0.17974408926978963 0.17974649646126015
808 0.17974408926978963 0.17974650533711117
809 0.17974408926978963 0.24556017953176476
810 0.17974408926978963 1.5439853279296853
811 0.17352439407378364 0.30911724030420884
812 0.17352439407378364 0.17971451357018547
813 0.17352439407378364 0.1796834297149934
814 0.17352439407378364 2.612191574543839
815 0.17349830153204487 0.6879089410033745
816 0.17349825506424166 1.4533584560414707
817 0.1734977972288259 0.18194806061412738
818 0.1734977972288259 1.1221301497234193
819 0.1734977972288259 1.449105877418733
820 0.1734977972288259 0.9117912556859957
821 0.1734977972288259 0.2277704069565555
822 0.1734977972288259 0.2587110110330485
823 0.1734977972288259 1.3315660465064112
824 0.1734977972288259 0.9343560899349357
825 0.1734977972288259 1.170768535831045
826 0.1734977972288259 0.17957787961011318
827 0.1734977972288259 0.9225685605021486
828 0.1734977972288259 1.3321980391657973
829 0.1734977972288259 0.17950204547477905
830 0.17349745619472773 1.0218423605934341
831 0.17349745619472773 0.9443835937985109
832 0.17349745619472773 0.49921211425807693
833 0.17349745619472773 0.47007614967362604
834 0.17349745619472773 0.9506500420663027
835 0.17349745619472773 0.441215388198893
836 0.17349745619472773 0.4410286804944887
837 0.17349745619472773 0.21009482556679246
838 0.17349737456016734 0.44345117017727664
839 0.17349737456016734 0.6378278284789934
840 0.17349737456016734 0.44884701696894813
841 0.17349737456016734 0.18023848135737633
842 0.17349737456016734 0.19758535146353368
843 0.17349737456016734 0.9952317028979478
844 0.17349737456016734 0.5280472173386361
845 0.17349737456016734 0.45511739312754385
846 0.17349737456016734 0.19177424614505675
847 0.17349737456016734 0.9864989666471959
848 0.17349737456016734 0.1793494694879998
849 0.17349737456016734 0.7407221369756136
850 0.17349737456016734 0.19420544827868927
851 0.17349737456016734 0.2570033890632907
852 0.17349737456016734 0.2661933581083183
853 0.17349737456016734 0.18592265256995216
854 0.17349737456016734 0.5076108628610618
855 0.17349737456016734 0.4382184904775322
856 0.17349737456016734 0.5634096908505551
857 0.17349737456016734 0.2740080323805809
858 0.17349737456016734 0.7006622874134564
859 0.17349737456016734 0.9900759140936353
860 0.17349737456016734 0.9703180390315889
861 0.17349737456016734 0.5151682190838601
862 0.17349737456016734 1.4255881833952733
863 0.17349737456016734 1.225412991704988
864 0.17349737456016734 0.3772516439109321
865 0.17349737456016734 0.9045672915922089
866 0.17349737456016734 0.9970862116078574
867 0.17349737456016734 0.9973703150502206
868 0.17349737456016734 1.3866784215513506
869 0.17349737456016734 1.1761944475262445
870 0.17349737456016734 1.0189417718270541
871 0.17349737456016734 1.6747468094094302
872 0.17349737456016734 0.5287778967099585
873 0.17349737456016734 0.7521234132583493
874 0.17349737456016734 1.1475516701873707
875 0.17349737456016734 1.2799415563737893
876 0.17349737456016734 0.5375759665632966
877 0.17349737456016734 1.4303028015387684
878 0.17349737456016734 1.869909684697611
879 0.17349737456016734 1.2935810906997651
880 0.17349737456016734 2.468495036914466
881 0.17349737456016734 0.47129457278717346
882 0.17349737456016734 0.600938503419367
883 0.17349737456016734 1.531807369311541
884 0.17349737456016734 0.6798590971947995
885 0.17349737456016734 0.5120277203602355
886 0.17349737456016734 0.7446397679831661
887 0.17349737456016734 0.7405079867120505
888 0.17349737456016734 0.3707155692380788
889 0.17349737456016734 0.4394608092660926
890 0.17349737456016734 0.7171911586782082
891 0.17349737456016734 0.5211714487622419
892 0.17349737456016734 0.987086861304758
893 0.17349737456016734 1.1193499869028822
894 0.17349737456016734 0.6724632905418685
895 0.17349737456016734 0.9005785015667169
896 0.17349737456016734 0.4294752286402826
897 0.17349737456016734 0.5443292113551592
898 0.17349737456016734 0.257717548244366
899 0.17349737456016734 1.3476161335846049
900 0.17349737456016734 0.748677195208957
901 0.17349737456016734 1.283349319628437
902 0.17349737456016734 0.5638942297519025
903 0.17349737456016734 0.5139521418613587
904 0.17349737456016734 0.5164977933950332
905 0.17349737456016734 2.333231417801327
906 0.17349737456016734 0.6245055779453533
907 0.17349737456016734 0.18767483437874927
908 0.17349737456016734 1.2526119110341127
909 0.17349737456016734 0.19110422694800133
910 0.17349737456016734 0.23846425700973523
911 0.17349737456016734 0.6158782816269192
912 0.17349737456016734 1.3898322084926562
913 0.17349737456016734 0.17945311027209265
914 0.17349737456016734 0.6929780932723317
915 0.17349737456016734 0.35771923230335323
916 0.17349737456016734 1.6872460083437206
917 0.17349737456016734 0.7264187756189991
918 0.17349737456016734 0.6807904064846393
919 0.17349737456016734 0.5736468492789424
920 0.17349737456016734 0.8027701110717095
921 0.17349737456016734 0.1742655101803493
922 0.17349737456016734 0.17407197509203187
923 0.17349737456016734 0.9474418951912067
924 0.17349737456016734 0.6614542779338116
925 0.17349737456016734 0.2196854504458553
926 0.17349737456016734 0.5111285545390828
927 0.17349737456016734 0.17349745275386938
928 0.17349737456016734 0.17349745275386932
929 0.17349737456016734 0.173497486567362
930 0.17349737456016734 0.4121397877746778
931 0.17349737456016734 0.4787310378166363
932 0.17349737456016734 0.17349745698055588
933 0.17349737456016734 0.17349746332058577
934 0.17349737456016734 0.17349746754727238
935 0.17349737456016734 0.6304396259637134
936 0.17349737456016734 0.4633384868327667
937 0.17349737456016734 0.7469527335674241
938 0.17349737456016734 0.3236345505193543
939 0.17349737456016734 0.17349749924742178
940 0.17349737456016734 1.148206717521227
941 0.17349737456016734 0.23959301404523256
942 0.17349737456016734 0.29256714941566836
943 0.17349737456016734 0.24719724915813085
944 0.17349737456016734 0.17349748234067536
945 0.17349737456016734 1.2867230733838841
946 0.17349737456016734 0.6251105657056538
947 0.17349737456016734 0.3184993161211152
948 0.17349737456016734 0.32209361195842207
949 0.17349737456016734 0.25821736277095575
950 0.17349737456016734 0.173497450640526
951 0.17349737456016734 0.43536060793867565
952 0.17349737456016734 0.17349742105371985
953 0.17349737456016734 1.392721375225638
954 0.17349737456016734 0.17349742528040651
955 0.17349737456016734 0.9918598775452401
956 0.17349737456016734 1.4463399612575945
957 0.17349737456016734 1.9950207441620782
958 0.17349737456016734 0.24291891240078767
959 0.17349737456016734 0.6784306496277182
960 0.17349737456016734 0.5374063866207964
961 0.17349737456016734 0.2755644435222937
962 0.17349737456016734 0.2458634191433874
963 0.17349737456016734 0.27548253467065253
964 0.17349737456016734 0.6656035889908725
965 0.17349737456016734 1.2394008135225354
966 0.17349737456016734 0.5924492007370642
967 0.17349737456016734 0.37463322647830644
968 0.17349737456016734 0.6719732055343983
969 0.17349737456016734 0.1734973745601674
970 0.17349737456016734 1.113302953422222
971 0.17349737456016734 1.323684305188126
972 0.17349737456016734 0.40751651389275667
973 0.17349737456016734 0.7683465363133883
974 0.17349737456016734 1.0255698179343624
975 0.17349737456016734 0.5374044393313531
976 0.17349737456016734 0.43509589948468225
977 0.17349737456016734 1.4935199052798596
978 0.17349737456016734 0.1734973745601674
979 0.17349737456016734 0.32058524840543867
980 0.17349737456016734 0.1734973745601674
981 0.17349737456016734 0.820798820714699
982 0.17349737456016734 0.42911688574175194
983 0.17349737456016734 0.34176438065092235
984 0.17349737456016734 0.1734973745601674
985 0.17349737456016734 0.37240651860748814
986 0.17349737456016734 0.5958392939398183
987 0.17349737456016734 0.1734973745601674
988 0.17349737456016734 0.3801629392286048
989 0.17349737456016734 0.3509359826069818
990 0.17349737456016734 1.2849652355162247
991 0.17349737456016734 0.9924702019231681
992 0.17349737456016734 0.784335542179798
993 0.17349737456016734 0.27785813451366714
994 0.17349737456016734 1.3380137656373257
995 0.17349737456016734 0.7650840854841431
996 0.17349737456016734 0.1734973745601674
997 0.17349737456016734 0.1734973745601674
998 0.17349737456016734 0.7858700154991943
999 0.17349737456016734 0.7805028768019854
