# iteración mejor promedio
0 14.146316797242804 89.15271037648276
1 11.710092515896488 81.8138762883674
2 11.710092515896488 69.24227216088994
3 7.117322858895422 56.51221018097013
4 6.230559482855788 40.89494228187985
5 6.230559482855788 32.96144208327659
6 6.230559482855788 26.56231045001176
7 5.6962076182309085 18.598193521710176
8 3.3943073927942455 14.719523981092843
9 3.3943073927942455 13.63885529352852
10 3.175649904384982 12.263996951425902
11 2.9023016390836434 11.969239043623732
12 2.056255374568166 11.15608181258224
13 1.9998393439270752 8.82386721381338
14 1.7705240371847524 7.114458150058353
15 1.7170918827643045 6.670251341721795
16 1.418738327047543 4.826465820418355
17 1.418738327047543 3.907338810897216
18 1.1389120782581292 2.9261061743291386
19 1.1389120782581292 2.4609687668914675
20 1.1382569176139983 3.2482870411098137
21 1.1169701259499756 3.0813035407082667
22 0.8799508145127101 1.8656422137516093
23 0.8799508145127101 2.460080506471675
24 0.8799508145127101 2.2716799539274244
25 0.6898695272925827 2.84692554506389
26 0.6898695272925827 2.0937537587540787
27 0.6898695272925827 3.103840162223717
28 0.6624540407348679 2.1191151477055032
29 0.6365941145302233 1.1338643398628612
30 0.5902087133597812 1.6134329695603973
31 0.5902087133597812 1.8038592029629277
32 0.5894912673103553 2.8220596994854734
33 0.5314014503634628 1.027720804361131
34 0.5071151997191381 1.126237395669585
35 0.5071044318249804 0.8936939307000987
36 0.4066600173908324 0.9296388784915878
37 0.4066600173908324 0.882848662866679
38 0.4066600173908324 1.499976521028742
39 0.4066600173908324 0.9166958477225244
40 0.3418126901716706 0.7374865137161857
41 0.2972395688513678 1.1514246030556385
42 0.2972395688513678 0.6383281493277301
43 0.2934860154114869 1.0865520404018332
44 0.28883299033127074 1.09160383796076
45 0.28883299033127074 0.8573171460408182
46 0.26220723155186143 1.4027490935648914
47 0.26220723155186143 0.732088957714853
48 0.26001597074136196 1.1100700760264126
49 0.2484329386421001 1.318985650347288
50 0.2103152009231691 0.7737858986102607
51 0.2103152009231691 0.6229539166326366
52 0.19240453259265933 1.083041105027962
53 0.19240453259265933 1.009508950622775
54 0.19240453259265933 0.7104931918313419
55 0.19225793076236608 1.8766074975736258
56 0.18573451866662322 0.7296285481326986
57 0.14315900340806734 0.6585068326433918
58 0.14315900340806734 0.7365526581350303
59 0.14315900340806734 0.36829027368139255
60 0.14315900340806734 0.743995314528871
61 0.1431223689811711 0.2493773918558295
62 0.1431223689811711 0.9075466819334972
63 0.1431223689811711 0.4426196515563597
64 0.1431223689811711 1.1412804963051006
65 0.14270176966571885 0.7550326404708264
66 0.13879859682551823 0.5241031850838054
67 0.13879859682551823 0.508621279891953
68 0.13879859682551823 0.2462644732330766
69 0.13871499278365382 0.6460942788443333
70 0.13871499278365382 0.16215325844239636
71 0.13871499278365382 0.15984898861424618
72 0.13871499278365382 1.1811566236832056
73 0.13871499278365382 1.2326398816708841
74 0.13871499278365382 1.0292709762757322
75 0.13871499278365382 0.15193046846476774
76 0.13871499278365382 0.4158068736919512
77 0.13871499278365382 0.28767500603430063
78 0.13871499278365382 0.23003984864846244
79 0.13871499278365382 1.0632690600318
80 0.137736261304614 0.14863212990181995
81 0.1374223497646248 0.14826269909438158
82 0.1374223497646248 0.7045862742072652
83 0.1374223497646248 0.9942803822547849
84 0.1374223497646248 0.14709349892776274
85 0.13736878986359716 0.3830579731651793
86 0.13736878986359716 0.1466338492548255
87 0.13736878986359716 1.3212338146963858
88 0.13736878986359716 0.1454544922040577
89 0.13736878986359716 0.40353104964816616
90 0.13736878986359716 0.3273154621196614
91 0.13736877914667692 0.698976127360663
92 0.13736877914667692 0.14559593604000473
93 0.1373687098979676 0.25043757244463777
94 0.1373687098979676 0.29313767870689295
95 0.1373687098979676 0.702825714535596
96 0.1373687098979676 0.6059804388647035
97 0.1373687098979676 0.42016931433046495
98 0.1373687098979676 0.1446737748184833
99 0.1373687098979676 0.14486885777221428
100 0.1373687098979676 0.7493618929161081
101 0.1373687098979676 0.1444631345500905
102 0.1373687098979676 0.5265175828420611
103 0.1373687098979676 0.6698101860013504
104 0.1373687098979676 0.6070756575429838
105 0.1373687098979676 0.4054089555077704
106 0.1373687098979676 0.14318967444671707
107 0.1373687098979676 0.29629410897037856
108 0.1373687098979676 0.14255039009976253
109 0.1373267020501779 0.5135495134833818
110 0.1373267020501779 0.14233042401470233
111 0.1373267020501779 1.3366657875509278
112 0.1373267020501779 0.14232378122103856
113 0.1373267020501779 0.292910925473101
114 0.1373267020501779 0.3592727342518285
115 0.1373267020501779 0.472760182888925
116 0.1373267020501779 0.3447531728250413
117 0.1373267020501779 0.2443276945004651
118 0.1373267020501779 0.14167247298333896
119 0.1373267020501779 0.42531196664442517
120 0.1373267020501779 0.141653789658378
121 0.1373267020501779 0.6715863387090001
122 0.1373267020501779 0.72060877020779
123 0.1373267020501779 0.20714381415333183
124 0.1373267020501779 0.5488339969353345
125 0.1373267020501779 0.1414173382128217
126 0.13732667692084768 0.5302763623854748
127 0.13732667692084768 0.14101072563693903
128 0.13732667692084768 1.7213501128881126
129 0.13732667692084768 0.14109797962842552
130 0.13732667692084768 0.7013044370545641
131 0.13732667692084768 0.3990729169129103
132 0.13732667692084768 0.28873092785877824
133 0.13732667692084768 0.14095414735788336
134 0.13732667692084768 0.14104380241765252
135 0.13732667692084768 0.3911878412645664
136 0.13732667692084768 0.1409770163241619
137 0.13732667692084768 1.0343168442482813
138 0.13732667692084768 1.299471185572638
139 0.13732667692084768 0.1412032412435882
140 0.13732667692084768 1.6093583595212309
141 0.13732667692084768 0.44512612959245496
142 0.13732667692084768 0.22196732236548425
143 0.13732608917108624 0.29183824028251387
144 0.13732608917108624 0.8782638254370546
145 0.13732608917108624 0.14088257527437573
146 0.13732608917108624 0.4268127018863679
147 0.13732289564806388 0.48905229205202216
148 0.13732289564806388 0.140935009211417
149 0.13139805747475272 0.27523164352684476
150 0.13139805747475272 0.6551924005354388
151 0.13139805747475272 0.1406657603112424
152 0.10512993062075023 1.675894803873171
153 0.10509839984399644 0.13952157323118722
154 0.10509839984399644 1.25417712379645
155 0.10415314702243093 0.3828027150840969
156 0.10412222912476882 0.13835879435868362
157 0.10411545584044113 0.9244629250469515
158 0.05352769396731245 0.7746619681763047
159 0.05352769396731245 0.146621082147748
160 0.02380273091029082 0.18269385646353206
161 0.018986180504526263 0.5516013255263611
162 0.018288524637113793 0.6069003450859891
163 0.018256993860360008 0.419808800827861
164 0.01824255064668588 0.04259474163233591
165 0.01824255064668588 0.8007528759400989
166 0.01824255064668588 0.021760508294704307
167 0.018215477727282322 0.4840372703520481
168 0.018195301211618917 0.020536794882079348
169 0.018162025972973728 0.909022052174661
170 0.018162025972973728 0.2469951783082005
171 0.017913516590482983 0.6103945530873442
172 0.017913516590482983 0.3521847398617019
173 0.01767174430036175 0.25651147172078653
174 0.01767174430036175 0.2954841516393978
175 0.01767174430036175 0.3824182273361359
176 0.01767174430036175 0.16712489078897036
177 0.01767174430036175 0.2940023805397012
178 0.01767174430036175 0.10253961792521746
179 0.01767174430036175 0.19469690929228595
180 0.01767174430036175 0.7880831150916908
181 0.01767174430036175 0.23352028422975837
182 0.01767174430036175 0.48812169168872044
183 0.01767174430036175 0.01930299153506246
184 0.01767174430036175 0.019173093634052948
185 0.01767174430036175 0.019160599999832044
186 0.01767174430036175 0.9875732642206663
187 0.01767174430036175 0.30821644822259503
188 0.01767174430036175 0.8396593417086571
189 0.01767174430036175 0.1112351154073964
190 0.017663082644620205 0.2654370802896254
191 0.017663082644620205 0.31257029138577197
192 0.017593916809637438 0.12519362786119598
193 0.017593916809637438 0.2644474460486958
194 0.017593916809637438 0.01887712359207696
195 0.017593916809637438 0.018766822980437664
196 0.017593916809637438 0.8383943343170819
197 0.017593916809637438 0.01864792879542189
198 0.017593916809637438 0.6529148629683428
199 0.017593916809637438 0.41446252076922474
200 0.017593916809637438 0.4283886880396067
201 0.017593087303321486 0.6210705001454
202 0.017593087303321486 0.30275125261901226
203 0.017593087303321486 0.6779145803558835
204 0.017592982208361706 0.01833149292122879
205 0.017592982208361706 0.48138472890492545
206 0.017592982208361706 1.3374630246433572
207 0.017592982208361706 0.018311691217631862
208 0.017592982208361706 0.7946306821626848
209 0.017592982208361706 0.6379676179651225
210 0.017592982208361706 0.30918077629231916
211 0.017592982208361706 0.6562161340407404
212 0.017592982208361706 0.13117533916095422
213 0.017592982208361706 0.47181005871117243
214 0.017592982208361706 0.5403624953852564
215 0.017592982208361706 0.4977529606884247
216 0.017592982208361706 0.10255430507852696
217 0.017592982208361706 0.0182686558317679
218 0.017592982208361706 0.6315676960412842
219 0.017566447113845394 0.5449456664592507
220 0.017566447113845394 0.2525330980074729
221 0.0175258327756313 1.2770165631113821
222 0.01751288721281775 0.5569851386438951
223 0.01751288721281775 0.01815691401942344
224 0.01751288721281775 0.01817515259857201
225 0.01751286208348753 0.018140792762298904
226 0.01751286208348753 0.32545548706803246
227 0.017475838140051898 0.09196639711028856
228 0.017475838140051898 1.196792715887463
229 0.017475838140051898 0.5902327904105039
230 0.017475838140051898 0.018147604729820556
231 0.017475838140051898 0.21890979374791025
232 0.017475838140051898 0.7793075171798107
233 0.017475838140051898 0.018060348448322477
234 0.017475838140051898 0.32238580321598725
235 0.017474928715790105 0.01801389274556193
236 0.017474928715790105 0.4920725728607243
237 0.017474928715790105 0.3585969053164063
238 0.017474928715790105 0.5283407602982269
239 0.017474928715790105 0.9386372236275012
240 0.017474928715790105 0.3371739507087041
241 0.017474928715790105 0.5395716050322249
242 0.017474928715790105 0.018033583552995436
243 0.017474928715790105 0.7457263947617087
244 0.017474928715790105 0.6859589660211256
245 0.017474928715790105 0.8489158095210585
246 0.017474928715790105 1.321403575796566
247 0.017474928715790105 0.5932808672029
248 0.017474928715790105 0.26778526213788045
249 0.017474928715790105 0.017798866674477894
250 0.017474928715790105 0.01781158997957131
251 0.017474928715790105 0.16520539761525552
252 0.017474928715790105 0.22703573401186797
253 0.017474928715790105 0.8555531946338862
254 0.017474928715790105 0.18980255870785057
255 0.017474928715790105 0.09923405052174974
256 0.017474928715790105 0.6695394580681946
257 0.01747210960548284 0.0833022536538809
258 0.01747210960548284 0.0177269741383658
259 0.01747210960548284 0.6758022457136704
260 0.01747210960548284 0.43118016529946973
261 0.01747210960548284 1.0204527734845423
262 0.01747210960548284 0.01770474656438567
263 0.01743725093293137 0.3499149164853695
264 0.01743725093293137 0.5940435562809634
265 0.01743725093293137 0.01771960657804229
266 0.01743725093293137 0.3729586564974127
267 0.01743725093293137 0.01771724682807674
268 0.01743725093293137 0.7212366188305772
269 0.01743725093293137 0.01770119816705995
270 0.01743725093293137 0.4444731445461945
271 0.01743725093293137 0.2767412961709562
272 0.01743725093293137 0.017711837821047686
273 0.01743725093293137 0.3484604744841733
274 0.01743725093293137 0.017716531395806964
275 0.01743725093293137 1.3155189537592158
276 0.01743725093293137 1.2976452838935275
277 0.01743725093293137 1.7763024471996953
278 0.01743725093293137 0.6489934578349018
279 0.01743725093293137 0.08530097366748494
280 0.01743725093293137 0.12505266298670675
281 0.01743725093293137 0.151382437458298
282 0.01743725093293137 0.3290543076876488
283 0.01743725093293137 0.01769344602141093
284 0.01743725093293137 0.08526266074938796
285 0.01743725093293137 0.08527592146380486
286 0.01743725093293137 0.4834331941203523
287 0.01743725093293137 0.6041487414490795
288 0.01743725093293137 0.7958882070421512
289 0.01743725093293137 0.7418740426838178
290 0.01743725093293137 0.017693467661006757
291 0.01743725093293137 0.21972234454897344
292 0.01743725093293137 0.8775755085702679
293 0.01743725093293137 0.2970354766214809
294 0.01743725093293137 0.27363490104990923
295 0.01743725093293137 0.01766465515895039
296 0.01743725093293137 1.733748605750156
297 0.01743725093293137 0.5690607545694999
298 0.01743725093293137 0.3820901444714541
299 0.01743725093293137 0.017672069840582737
300 0.01743725093293137 1.106286334352947
301 0.01743725093293137 0.017664823254619207
302 0.01743725093293137 1.4508539343434614
303 0.01743725093293137 0.15313242660696896
304 0.01743725093293137 0.01767222671221479
305 0.01743725093293137 0.6788747813448662
306 0.01743725093293137 0.664381245778759
307 0.01743725093293137 0.017643173530541165
308 0.01743725093293137 0.1658463512249383
309 0.01743725093293137 0.017667478812325832
310 0.01743725093293137 0.8181950907431812
311 0.01743725093293137 0.2783328190086058
312 0.01743725093293137 0.9614517119465347
313 0.01743725093293137 0.4350536450306625
314 0.01743725093293137 1.5552072955480167
315 0.01743725093293137 0.6192694990286473
316 0.01743725093293137 1.0652535624408415
317 0.01743725093293137 0.34121630206490133
318 0.01743725093293137 0.017666674368821286
319 0.01743725093293137 0.9793593157779932
320 0.01743725093293137 0.1650433392339086
321 0.01743725093293137 0.6845206057599899
322 0.01743725093293137 0.950186462290692
323 0.01743725093293137 1.063159712037962
324 0.01743725093293137 0.3843368912660937
325 0.01743725093293137 1.3980468515994235
326 0.01743725093293137 2.620198083954581
327 0.01743725093293137 0.34454539031867976
328 0.01743725093293137 0.01765141652425026
329 0.01743725093293137 0.10032823090098797
330 0.01743725093293137 0.01761751281631506
331 0.01743725093293137 0.580252156783385
332 0.01743725093293137 0.16654750529681947
333 0.01743725093293137 0.8712629367093241
334 0.01743725093293137 0.35060482052983244
335 0.01743725093293137 0.27969268418116616
336 0.01743725093293137 0.01761297289286653
337 0.01743725093293137 0.5221941838666799
338 0.01743725093293137 0.8539198371077701
339 0.01743725093293137 0.08637136552386539
340 0.01743725093293137 1.3913599934522278
341 0.01743725093293137 1.4378829884809565
342 0.01743725093293137 0.45048595083184106
343 0.01743725093293137 0.42691774154398077
344 0.01743725093293137 0.2669281284350615
345 0.01743725093293137 0.28020374835108036
346 0.01743725093293137 0.017552754650594044
347 0.01743725093293137 0.6304421601742919
348 0.01743725093293137 0.1940974691985587
349 0.01743725093293137 0.44970369978709124
350 0.01743725093293137 0.017545721291765813
351 0.01743725093293137 0.6962260196824966
352 0.01743725093293137 0.017529622372327025
353 0.01743725093293137 0.591498285782678
354 0.01743725093293137 0.11860478136814459
355 0.01743725093293137 0.017537128911198085
356 0.01743725093293137 0.01753068786618033
357 0.01743725093293137 0.01752042174871908
358 0.01743725093293137 0.6208546486007328
359 0.01743725093293137 0.01751679606678201
360 0.01743725093293137 0.5304978267474241
361 0.01743725093293137 0.2667392774085979
362 0.01743725093293137 0.5979153702442879
363 0.01743725093293137 0.017521022755275117
364 0.01743725093293137 0.017533946921203067
365 0.01743725093293137 0.5872077543921159
366 0.01743725093293137 0.017527167736490098
367 0.01743725093293137 0.24403080989851067
368 0.01743725093293137 0.017491026010405517
369 0.01743725093293137 0.2589440191334429
370 0.01743725093293137 0.34510755610383304
371 0.01743725093293137 0.01748428978135001
372 0.01743725093293137 0.2754937561882607
373 0.01743725093293137 1.3214837356801419
374 0.01743725093293137 0.6260054809749875
375 0.01743725093293137 0.801294527021495
376 0.01743725093293137 0.3604620061069552
377 0.01743725093293137 1.0910121991502375
378 0.01743725093293137 1.1232807601277242
379 0.01743725093293137 0.47724929577433556
380 0.01743725093293137 0.9887079635570513
381 0.01743725093293137 0.35561348596307957
382 0.01743725093293137 0.017460564210086914
383 0.01743725093293137 0.2573954457281421
384 0.01743725093293137 0.28185253600895516
385 0.01743725093293137 0.017457249793051598
386 0.01743725093293137 0.017459080405630285
387 0.01743725093293137 0.3869735246304172
388 0.01743725093293137 0.2727311765505761
389 0.01743725093293137 0.46025251976309534
390 0.01743725093293137 0.2795368855677138
391 0.01743725093293137 0.017455721421227154
392 0.01743725093293137 0.017455280151142172
393 0.01743725093293137 1.0818712189783286
394 0.01743725093293137 0.37203587912694663
395 0.01743725093293137 0.1701732620508632
396 0.01743725093293137 0.700541528789971
397 0.01743725093293137 0.2670796339797269
398 0.01743725093293137 1.8957519863840384
399 0.01743725093293137 0.6923022215917777
400 0.01743725093293137 0.4426722088961154
401 0.01743725093293137 0.017450193373890574
402 0.01743725093293137 0.2776243429918574
403 0.01743725093293137 1.0450334916582669
404 0.01743725093293137 0.33685336392239296
405 0.01743725093293137 0.6174342479436037
406 0.01743725093293137 0.6078921329851438
407 0.01743725093293137 0.6406461595266255
408 0.01743725093293137 0.017448152070951503
409 0.01743725093293137 0.1678080865384658
410 0.01743725093293137 0.7914371474622748
411 0.01743725093293137 0.01744631190088268
412 0.01743725093293137 0.27557349989996743
413 0.01743725093293137 0.42210008876981114
414 0.01743725093293137 0.7846360118876293
415 0.01743725093293137 1.3443688299951178
416 0.01743725093293137 0.017449116410190778
417 0.01743725093293137 0.3808304525255708
418 0.01743725093293137 0.017446452476358655
419 0.01743725093293137 0.1172628765528744
420 0.01743725093293137 0.5612165401210645
421 0.01743725093293137 0.01744614595527362
422 0.01743725093293137 0.5046247027899693
423 0.01743725093293137 0.3170227576162667
424 0.01743725093293137 1.3264070254917655
425 0.01743725093293137 0.7626877480502879
426 0.01743725093293137 0.1645681797005699
427 0.01743725093293137 0.14885621084329764
428 0.01743725093293137 0.4150401428786949
429 0.01743725093293137 0.2811109048078638
430 0.01743725093293137 0.08736704811968231
431 0.01743725093293137 0.017454346989200106
432 0.01743725093293137 0.344787690420221
433 0.01743725093293137 0.017454696395132245
434 0.01743725093293137 0.017455537979739165
435 0.01743725093293137 0.4816931572093241
436 0.01743725093293137 0.8937996932491471
437 0.01743725093293137 0.01745467823764144
438 0.01743725093293137 0.017456349586294932
439 0.01743725093293137 0.0174557415163467
440 0.01743725093293137 0.6491853779887212
441 0.01743725093293137 0.27953028757310067
442 0.01743725093293137 0.11979481549933027
443 0.01743725093293137 0.263213544527775
444 0.01743725093293137 0.27952995744880355
445 0.01743725093293137 0.2819335943407098
446 0.01743725093293137 0.3470952386693695
447 0.01743725093293137 1.5312452956612603
448 0.01743725093293137 0.20396080639983663
449 0.01743725093293137 0.01745114092511604
450 0.01743725093293137 0.8606468111200136
451 0.01743725093293137 1.271008293961597
452 0.01743725093293137 1.5594373086546036
453 0.01743725093293137 0.6530422612063567
454 0.01743725093293137 0.01744860188858505
455 0.01743725093293137 0.7365387181727353
456 0.01743725093293137 0.017447748990534317
457 0.01743725093293137 0.990718555976246
458 0.01743725093293137 0.3159100466743743
459 0.01743725093293137 0.26439639287846545
460 0.01743725093293137 2.0025649799046468
461 0.01743725093293137 1.4751035471100173
462 0.01743725093293137 1.0470829823934351
463 0.01743725093293137 0.27511175135551325
464 0.01743725093293137 0.0174542566688083
465 0.01743725093293137 0.017455759252074834
466 0.01743725093293137 0.017456168088634535
467 0.01743725093293137 0.017454453711367477
468 0.01743725093293137 0.6826972240067214
469 0.01743725093293137 0.5873018101479951
470 0.01743725093293137 0.017453919653495627
471 0.01743725093293137 0.30836531090213026
472 0.01743725093293137 0.23553176023232092
473 0.01743725093293137 0.01745650048243927
474 0.01743725093293137 0.955743813745951
475 0.01743725093293137 0.5417630411749949
476 0.01743725093293137 0.531325809219355
477 0.01743725093293137 0.3495132641165122
478 0.01743725093293137 0.2829156227735696
479 0.01743725093293137 0.017456539314168608
480 0.01743725093293137 0.956960450353187
481 0.01743725093293137 0.8387803672216004
482 0.01743725093293137 0.2217676922560523
483 0.01743725093293137 0.3666419865610313
484 0.01743725093293137 0.4505313897252485
485 0.01743725093293137 0.16487759410706748
486 0.01743725093293137 0.2353403204273183
487 0.01743725093293137 0.556171293186293
488 0.01743725093293137 0.93240378437134
489 0.01743725093293137 0.01745439828951181
490 0.01743725093293137 0.637841296947582
491 0.01743725093293137 0.08514237673264358
492 0.01743725093293137 0.017453186531274097
493 0.01743725093293137 0.49651971490080526
494 0.01743725093293137 0.017452200830196784
495 0.01743725093293137 0.4610324022535538
496 0.01743725093293137 0.24922501690804286
497 0.01743725093293137 0.2580802644635362
498 0.01743725093293137 0.017453016794330978
499 0.01743725093293137 0.01745092897709703
500 0.01743725093293137 0.0174497732777697
501 0.01743725093293137 0.017451438483565573
502 0.01743725093293137 0.017452427881086297
503 0.01743725093293137 0.49495299468287585
504 0.01743725093293137 0.0870822882144585
505 0.01743725093293137 0.7403801968161392
506 0.01743725093293137 0.1710628821192317
507 0.01743725093293137 0.017446428603018094
508 0.01743725093293137 0.16475918169923406
509 0.01743725093293137 0.282732692016199
510 0.01743725093293137 1.2654583533303523
511 0.01743725093293137 0.3514523168459058
512 0.01743725093293137 0.1651432740433236
513 0.01743725093293137 0.19062188713126754
514 0.01743725093293137 0.27807237398878987
515 0.01743725093293137 0.4267563880215087
516 0.01743725093293137 1.6963058750152156
517 0.01743725093293137 0.017446437966197003
518 0.01743725093293137 0.8223458039946366
519 0.01743725093293137 0.16495099117384984
520 0.01743725093293137 0.16447089808875479
521 0.01743725093293137 0.017446244114633615
522 0.01743725093293137 0.5027729445270934
523 0.01743725093293137 0.7756590950700074
524 0.01743725093293137 0.44741008588410863
525 0.01743725093293137 0.5009349422255183
526 0.01743725093293137 0.8664912949715583
527 0.01743725093293137 0.017451645509192214
528 0.01743725093293137 0.15588589938408426
529 0.01743725093293137 0.43062247990878944
530 0.01743725093293137 0.916373729015171
531 0.01743725093293137 0.22532395025213828
532 0.01743725093293137 0.7418187543480017
533 0.01743725093293137 0.6648649421210829
534 0.01743725093293137 0.017447952651596356
535 0.01743725093293137 0.16565285070363564
536 0.01743725093293137 0.5076230656501075
537 0.01743725093293137 0.5267330357471572
538 0.01743725093293137 0.9163327644553938
539 0.01743725093293137 0.620198374856973
540 0.01743725093293137 0.4156602802369507
541 0.01743725093293137 0.017450864018493648
542 0.01743725093293137 0.5365495552819922
543 0.01743725093293137 1.6416171442193732
544 0.01743725093293137 0.2198725195230212
545 0.01743725093293137 0.017449492584581627
546 0.01743725093293137 0.017448344505115728
547 0.01743725093293137 0.7402564098064073
548 0.01743725093293137 0.34544655390823487
549 0.01743725093293137 0.23407368534190995
550 0.01743725093293137 0.8207122764222288
551 0.01743725093293137 0.572308887727293
552 0.01743725093293137 0.1938136922993274
553 0.01743725093293137 0.01744902036488931
554 0.01743725093293137 0.08499343046446813
555 0.01743725093293137 1.2385319806852755
556 0.01743725093293137 0.8578162656679937
557 0.01743725093293137 0.017449992291088238
558 0.01743725093293137 0.01745018612548547
559 0.01743725093293137 0.340994577381986
560 0.01743725093293137 0.9571829241733849
561 0.01743725093293137 0.017451477307665473
562 0.01743725093293137 1.107733943317683
563 0.01743725093293137 0.2254146580147174
564 0.01743725093293137 0.27956387268404465
565 0.01743725093293137 0.08482245076164752
566 0.01743725093293137 1.139657915565983
567 0.01743725093293137 1.047069200972714
568 0.01743725093293137 1.002680126013999
569 0.01743725093293137 0.7859062885446285
570 0.01743725093293137 0.24790462104074504
571 0.01743725093293137 0.27814027288245646
572 0.01743725093293137 0.6201381819566997
573 0.01743725093293137 0.23153481337835083
574 0.01743725093293137 0.6002874339112583
575 0.01743725093293137 0.017446373722849694
576 0.01743725093293137 0.7542573571816774
577 0.01743725093293137 1.4478964459606525
578 0.01743725093293137 0.512078201571413
579 0.01743725093293137 0.4875249445851509
580 0.01743725093293137 1.138756453463469
581 0.01743725093293137 0.16154304054177832
582 0.01743725093293137 0.9452626489339068
583 0.01743725093293137 0.6057141125360921
584 0.01743725093293137 0.42069876119516414
585 0.01743725093293137 0.16486050082003179
586 0.01743725093293137 0.34122733965005847
587 0.01743725093293137 0.41045982405067727
588 0.01743725093293137 0.017455253810168145
589 0.01743725093293137 0.45547829537939655
590 0.01743725093293137 1.071944511973088
591 0.01743725093293137 0.7902698179094678
592 0.01743725093293137 0.017457780228151407
593 0.01743725093293137 0.017459334458628854
594 0.01743725093293137 0.6245091596433351
595 0.01743725093293137 0.5993759665313477
596 0.01743725093293137 1.0074210876790126
597 0.01743725093293137 0.5512566173140071
598 0.01743725093293137 0.017461652517748113
599 0.01743725093293137 0.2554141769892688
600 0.01743725093293137 1.532749414374341
601 0.01743725093293137 0.01745873597239682
602 0.01743725093293137 0.017459209576824914
603 0.01743725093293137 0.5302538789177255
604 0.01743725093293137 0.08512800604140557
605 0.01743725093293137 0.1529269792506509
606 0.01743725093293137 0.017455736419193447
607 0.01743725093293137 0.017453791050452718
608 0.01743725093293137 0.9337903678214584
609 0.01743725093293137 0.4189061922858428
610 0.01743725093293137 0.6870707223731959
611 0.01743725093293137 0.017449399715732415
612 0.01743725093293137 0.5294612331378071
613 0.01743725093293137 0.01744749152123426
614 0.01743725093293137 0.08345609161345086
615 0.01743725093293137 0.5258174887307528
616 0.01743725093293137 0.01744764750046514
617 0.01743725093293137 0.017448559932617153
618 0.01743725093293137 0.6826223977456404
619 0.01743725093293137 0.48915283661617154
620 0.01743725093293137 0.2182086380347547
621 0.01743725093293137 1.770918406038138
622 0.01743725093293137 0.3348899198766361
623 0.01743725093293137 0.017448522060284626
624 0.01743725093293137 0.4051226310090215
625 0.01743725093293137 1.32331079903311
626 0.01743725093293137 0.5443228782124815
627 0.01743725093293137 0.4945601102615834
628 0.01743725093293137 0.14140522005865758
629 0.01743725093293137 0.017446453389025375
630 0.01743725093293137 0.6589386706399202
631 0.01743725093293137 0.2530682042810555
632 0.01743725093293137 0.35102125330935047
633 0.01743725093293137 0.01744301357949331
634 0.01743725093293137 0.29388432075132626
635 0.01743725093293137 0.01744130804279138
636 0.01743725093293137 0.017441266996629238
637 0.01743725093293137 0.3468715435357085
638 0.01743725093293137 1.3484760646607403
639 0.01743725093293137 0.11988238518422664
640 0.01743725093293137 0.7967657761405366
641 0.01743725093293137 0.01744170616386136
642 0.01743725093293137 0.01744155361976701
643 0.01743725093293137 0.5634418373569341
644 0.01743725093293137 0.7042152544417015
645 0.01743725093293137 0.01744082013896379
646 0.01743725093293137 0.6242994279860739
647 0.01743725093293137 0.2795223180720972
648 0.01743725093293137 0.15344493627413228
649 0.01743725093293137 0.0174434115346239
650 0.01743725093293137 1.2205596567245793
651 0.01743725093293137 0.4986847121924881
652 0.01743725093293137 0.11992580673958908
653 0.01743725093293137 0.46327112876478177
654 0.01743725093293137 0.017440364084058822
655 0.01743725093293137 0.017439591885967227
656 0.01743725093293137 0.017440540464300394
657 0.01743725093293137 0.017440355470468294
658 0.01743725093293137 0.017439039607185198
659 0.01743725093293137 0.017438852154779538
660 0.01743725093293137 0.16653832622411538
661 0.01743725093293137 0.326997257154686
662 0.01743725093293137 1.5803938737432655
663 0.01743725093293137 0.6903243083579437
664 0.01743725093293137 0.017440892980642813
665 0.01743725093293137 0.4990432395399452
666 0.01743725093293137 0.017440100364374374
667 0.01743725093293137 1.0920720115711149
668 0.01743725093293137 0.5358315377446273
669 0.01743725093293137 0.5455171811115087
670 0.01743725093293137 0.7194084523020411
671 0.01743725093293137 0.510668758976791
672 0.01743725093293137 0.01744352543963122
673 0.01743725093293137 0.15293009648386435
674 0.01743725093293137 0.9879931965717426
675 0.01743725093293137 0.8791375021960279
676 0.01743725093293137 0.43110753647922645
677 0.01743725093293137 0.2790118427577296
678 0.01743725093293137 0.16494786826281438
679 0.01743725093293137 0.017441809580353573
680 0.01743725093293137 0.7130803265613261
681 0.01743725093293137 0.08301313195437011
682 0.01743725093293137 0.41298417558830935
683 0.01743725093293137 0.2835805198954275
684 0.01743725093293137 0.017439540221590194
685 0.01743725093293137 0.47914057980752944
686 0.01743725093293137 0.017440484126916983
687 0.01743725093293137 0.017440861246161135
688 0.01743725093293137 1.592906319746911
689 0.01743725093293137 0.4157501434544756
690 0.01743725093293137 0.28795010106065955
691 0.01743725093293137 0.21358359838453386
692 0.01743725093293137 0.16484826711678374
693 0.01743725093293137 0.017440111436538466
694 0.01743725093293137 0.6093041893395722
695 0.01743725093293137 0.017439932841864063
696 0.01743725093293137 1.1578396359977774
697 0.01743725093293137 0.017440109222105638
698 0.01743725093293137 0.017439549079321454
699 0.01743725093293137 0.9452869561105244
700 0.01743725093293137 0.24835316710299668
701 0.01743725093293137 0.01743918081780858
702 0.01743725093293137 0.4141233823055396
703 0.01743725093293137 0.017440102578807192
704 0.01743725093293137 0.1386548915491701
705 0.01743725093293137 0.9609182656559488
706 0.01743725093293137 0.01743992398413279
707 0.01743725093293137 0.01743859853069621
708 0.01743725093293137 0.2958875216360018
709 0.01743725093293137 0.9434796425291425
710 0.01743725093293137 0.35844274293611056
711 0.01743725093293137 0.30997165807407806
712 0.01743725093293137 0.11995959480516019
713 0.01743725093293137 0.017440870103892402
714 0.01743725093293137 0.10031743204148862
715 0.01743725093293137 0.505514224185783
716 0.01743725093293137 0.017438596316263384
717 0.01743725093293137 0.34181372314115843
718 0.01743725093293137 0.09224800625765146
719 0.01743725093293137 0.13117112833326522
720 0.01743725093293137 0.7962967920505777
721 0.01743725093293137 0.017437639124339682
722 0.01743725093293137 0.5469914703419928
723 0.01743725093293137 1.381108398390881
724 0.01743725093293137 1.0623320813694996
725 0.01743725093293137 0.017438009600285385
726 0.01743725093293137 0.2362683410480303
727 0.01743725093293137 0.6338855704240764
728 0.01743725093293137 0.017438578600800843
729 0.01743725093293137 1.0783580203815266
730 0.01743725093293137 0.0174378199334469
731 0.01743725093293137 0.21896273613069336
732 0.01743725093293137 1.5889469651317736
733 0.01743725093293137 0.1414149478503143
734 0.01743725093293137 0.31224878046416754
735 0.01743725093293137 0.37130712833396506
736 0.01743725093293137 0.017438388933962358
737 0.01743725093293137 1.0685173351672699
738 0.01743725093293137 1.026063940598759
739 0.01743725093293137 0.1197972038070877
740 0.01743725093293137 0.017437819933446896
741 0.01743725093293137 0.01743763026660841
742 0.01743725093293137 0.16685899042616822
743 0.01743725093293137 0.19450427953493793
744 0.01743725093293137 0.01743725093293144
745 0.01743725093293137 1.3667837611537428
746 0.01743725093293137 0.7597972840736824
747 0.01743725093293137 0.6463926776580099
748 0.01743725093293137 0.4243247486667364
749 0.01743725093293137 0.9715417158731764
750 0.01743725093293137 0.251871057514799
751 0.01743725093293137 0.08882465710408567
752 0.01743725093293137 1.086262305754396
753 0.01743725093293137 0.5522447308427865
754 0.01743725093293137 1.0191965894878947
755 0.01743725093293137 0.4201613805507796
756 0.01743725093293137 0.1303690271951018
757 0.01743725093293137 0.4333874408715425
758 0.01743725093293137 0.01743725093293144
759 0.01743725093293137 0.9751166277487344
760 0.01743725093293137 0.01743725093293144
761 0.01743725093293137 0.16773178685570567
762 0.01743725093293137 0.6562189313090346
763 0.01743725093293137 0.01743725093293144
764 0.01743725093293137 0.01743725093293144
765 0.01743725093293137 0.01743725093293144
766 0.01743725093293137 0.120017796421544
767 0.01743725093293137 0.5781904589332996
768 0.01743725093293137 0.9264115458582358
769 0.01743725093293137 0.01743725093293144
770 0.01743725093293137 0.01743725093293144
771 0.01743725093293137 0.4009633611271659
772 0.01743725093293137 0.4135086595241344
773 0.01743725093293137 0.34701127101718315
774 0.01743725093293137 0.01743725093293144
775 0.01743725093293137 0.08300573770378962
776 0.01743725093293137 0.01743725093293144
777 0.01743725093293137 0.01743725093293144
778 0.01743725093293137 0.28888602898847715
779 0.01743725093293137 0.14708290523440268
780 0.01743725093293137 1.6804230256723531
781 0.01743725093293137 0.15042094596680644
782 0.01743725093293137 0.01743725093293144
783 0.01743725093293137 0.2794984267900662
784 0.01743725093293137 0.27763288006453113
785 0.01743725093293137 0.33210755747760146
786 0.01743725093293137 0.8918514228753225
787 0.01743725093293137 0.9630078819461012
788 0.01743725093293137 0.08300379726173235
789 0.01743725093293137 0.08300837806778837
790 0.01743725093293137 0.3103951849245518
791 0.01743725093293137 0.6462170642958841
792 0.01743725093293137 0.5643781011434948
793 0.01743725093293137 0.7975791932561918
794 0.01743725093293137 0.1104235039137566
795 0.01743725093293137 0.11980194487103542
796 0.01743725093293137 0.01743725093293144
797 0.01743725093293137 1.1029925309527653
798 0.01743725093293137 0.5404143324887813
799 0.01743725093293137 0.4516919905224723
800 0.01743725093293137 0.01743725093293144
801 0.01743725093293137 0.0830166672820604
802 0.01743725093293137 0.38489845653922855
803 0.01743725093293137 0.26351864248185614
804 0.01743725093293137 0.1651249486943139
805 0.01743725093293137 1.0613669401201342
806 0.01743725093293137 0.4434027379083305
807 0.01743725093293137 0.48987564873771045
808 0.01743725093293137 0.12015699724327739
809 0.01743725093293137 1.3578322372385614
810 0.01743725093293137 1.4340981238662989
811 0.01743725093293137 0.4730560503426743
812 0.01743725093293137 0.6284190228205663
813 0.01743725093293137 0.01743725093293144
814 0.01743725093293137 0.01743725093293144
815 0.01743725093293137 0.01743725093293144
816 0.01743725093293137 1.2017706774071706
817 0.01743725093293137 0.5567832573803364
818 0.01743725093293137 0.01743725093293144
819 0.01743725093293137 0.34312505996061093
820 0.01743725093293137 0.01743725093293144
821 0.01743725093293137 0.17421548468719109
822 0.01743725093293137 0.6624329758981012
823 0.01743725093293137 0.01743725093293144
824 0.01743725093293137 0.01743725093293144
825 0.01743725093293137 0.24725930719877592
826 0.01743725093293137 0.01743725093293144
827 0.01743725093293137 0.08390412328725486
828 0.01743725093293137 0.226841892105635
829 0.01743725093293137 0.01743725093293144
830 0.01743725093293137 0.01743725093293144
831 0.01743725093293137 0.01743725093293144
832 0.01743725093293137 2.120906930101005
833 0.01743725093293137 0.15290804974915118
834 0.01743725093293137 0.5460179022412701
835 0.01743725093293137 0.8120970064240296
836 0.01743725093293137 0.13742564225429413
837 0.01743725093293137 0.42875129371642495
838 0.01743725093293137 0.24201061176959635
839 0.01743725093293137 0.1045294374885209
840 0.01743725093293137 0.6759221528486357
841 0.01743725093293137 0.332792724639503
842 0.01743725093293137 0.4840775099738591
843 0.01743725093293137 0.7670819850725614
844 0.01743725093293137 0.01743725093293144
845 0.01743725093293137 0.6896592813575093
846 0.01743725093293137 0.5662412088995634
847 0.01743725093293137 0.4423998342790732
848 0.01743725093293137 0.48016648596080613
849 0.01743725093293137 0.01743725093293144
850 0.01743725093293137 0.01743725093293144
851 0.01743725093293137 0.08319703143514187
852 0.01743725093293137 0.29999274492750444
853 0.01743725093293137 0.535581550059192
854 0.01743725093293137 0.01743725093293144
855 0.01743725093293137 0.6205735954383702
856 0.01743725093293137 0.01743725093293144
857 0.01743725093293137 0.5914687713780156
858 0.01743725093293137 1.5908822523944632
859 0.01743725093293137 0.5204651486038359
860 0.01743725093293137 0.48318406657791513
861 0.01743725093293137 0.8960362579488296
862 0.01743725093293137 0.3504602398087712
863 0.01743725093293137 0.3963118017462504
864 0.01743725093293137 0.01743725093293144
865 0.01743725093293137 1.049924262631366
866 0.01743725093293137 0.01743725093293144
867 0.01743725093293137 0.9036310492166021
868 0.01743725093293137 0.5016337927004
869 0.01743725093293137 0.01743725093293144
870 0.01743725093293137 0.21819720939716458
871 0.01743725093293137 1.0743020424129621
872 0.01743725093293137 0.01743725093293144
873 0.01743725093293137 0.01743725093293144
874 0.01743725093293137 0.6460668492504484
875 0.01743725093293137 0.06951502088273118
876 0.01743725093293137 0.01743725093293144
877 0.01743725093293137 0.01743725093293144
878 0.01743725093293137 0.9092612802295355
879 0.01743725093293137 0.25132446306559153
880 0.01743725093293137 0.9297218093392624
881 0.01743725093293137 0.4112378801697865
882 0.01743725093293137 0.5239552518427069
883 0.01743725093293137 0.01743725093293144
884 0.01743725093293137 0.01743725093293144
885 0.01743725093293137 0.01743725093293144
886 0.01743725093293137 1.164459712771101
887 0.01743725093293137 0.01743725093293144
888 0.01743725093293137 0.7288398770441001
889 0.01743725093293137 0.01743725093293144
890 0.01743725093293137 0.14983223776982807
891 0.01743725093293137 0.5147513172719489
892 0.01743725093293137 0.7117959669786137
893 0.01743725093293137 0.4993314856582521
894 0.01743725093293137 0.01743725093293144
895 0.01743725093293137 0.01743725093293144
896 0.01743725093293137 0.7142813508608399
897 0.01743725093293137 0.01743725093293144
898 0.01743725093293137 0.01743725093293144
899 0.01743725093293137 0.3107617285682868
900 0.01743725093293137 1.5047186493738764
901 0.01743725093293137 0.42312983941985904
902 0.01743725093293137 1.1318683242487635
903 0.01743725093293137 0.2795604861557238
904 0.01743725093293137 0.6873496565676152
905 0.01743725093293137 0.7628621926924478
906 0.01743725093293137 0.11725081054308334
907 0.01743725093293137 0.43592512995735416
908 0.01743725093293137 0.01743725093293144
909 0.01743725093293137 0.01743725093293144
910 0.01743725093293137 0.6089514294565214
911 0.01743725093293137 0.01743725093293144
912 0.01743725093293137 2.1600516556556983
913 0.01743725093293137 0.10133396164867957
914 0.01743725093293137 0.01743725093293144
915 0.01743725093293137 0.01743725093293144
916 0.01743725093293137 0.29059994435508524
917 0.01743725093293137 0.5654712417614095
918 0.01743725093293137 0.7278489574697591
919 0.01743725093293137 0.9879118502671738
920 0.01743725093293137 0.1412948549147075
921 0.01743725093293137 0.01743725093293144
922 0.01743725093293137 0.5352517070474109
923 0.01743725093293137 0.16479798884831387
924 0.01743725093293137 0.35522516213053124
925 0.01743725093293137 0.01743725093293144
926 0.01743725093293137 0.6600167847289831
927 0.01743725093293137 0.01743725093293144
928 0.01743725093293137 0.2723984342516176
929 0.01743725093293137 0.954730757559609
930 0.01743725093293137 0.5335383534743963
931 0.01743725093293137 0.01743725093293144
932 0.01743725093293137 0.8881541467684696
933 0.01743725093293137 0.40489503708183266
934 0.01743725093293137 0.22531013242595313
935 0.01743725093293137 0.01743725093293144
936 0.01743725093293137 0.676746961922712
937 0.01743725093293137 0.579663870589757
938 0.01743725093293137 0.7489336957156015
939 0.01743725093293137 1.7741537488259227
940 0.01743725093293137 0.01743725093293144
941 0.01743725093293137 0.01743725093293144
942 0.01743725093293137 0.3516373298475907
943 0.01743725093293137 0.1835563778741863
944 0.01743725093293137 0.10055253379047967
945 0.01743725093293137 0.3538898538816256
946 0.01743725093293137 0.01743725093293144
947 0.01743725093293137 0.01743725093293144
948 0.01743725093293137 0.01743725093293144
949 0.01743725093293137 0.01743725093293144
950 0.01743725093293137 0.5364325487061651
951 0.01743725093293137 0.3883048296480331
952 0.01743725093293137 0.01743725093293144
953 0.01743725093293137 1.1404312677397224
954 0.01743725093293137 0.09171224276994833
955 0.01743725093293137 1.2522298442132263
956 0.01743725093293137 0.5782775693618041
957 0.01743725093293137 0.2761530221105757
958 0.01743725093293137 0.01743725093293144
959 0.01743725093293137 0.01743725093293144
960 0.01743725093293137 0.6171561263427974
961 0.01743725093293137 0.6793635425437564
962 0.01743725093293137 0.49724620082635296
963 0.01743725093293137 1.7579807393833478
964 0.01743725093293137 0.09138682135108049
965 0.01743725093293137 0.4608182853591336
966 0.01743725093293137 0.01749385375456898
967 0.01743725093293137 0.01754614357442458
968 0.01743725093293137 0.20075425219260543
969 0.01743725093293137 0.10994419784566717
970 0.01743725093293137 0.606964653009213
971 0.01743725093293137 0.01743725093293144
972 0.01743725093293137 0.18224634570697254
973 0.01743725093293137 0.2504686562903516
974 0.01743725093293137 0.083316918211059
975 0.01743725093293137 0.16793432304039116
976 0.01743725093293137 0.24777230329300046
977 0.01743725093293137 0.08511397467098947
978 0.01743725093293137 0.8872605479444003
979 0.01743725093293137 0.01743725093293144
980 0.01743725093293137 1.7446152741805654
981 0.01743725093293137 0.01743725093293144
982 0.01743725093293137 0.16341184892038302
983 0.01743725093293137 0.14856021992085144
984 0.01743725093293137 0.25722950318752386
985 0.01743725093293137 0.4985990942580856
986 0.01743725093293137 0.01743725093293144
987 0.01743725093293137 0.9682747000973674
988 0.01743725093293137 0.4589073757653556
989 0.01743725093293137 0.01743725093293144
990 0.01743725093293137 0.38405738292721836
991 0.01743725093293137 0.01743725093293144
992 0.01743725093293137 0.01743725093293144
993 0.01743725093293137 0.3058275070807787
994 0.01743725093293137 0.707473670513551
995 0.01743725093293137 0.5112184017777864
996 0.01743725093293137 0.46339466930800066
997 0.01743725093293137 0.47730186564305
998 0.01743725093293137 0.6500899949880445
999 0.01743725093293137 0.1569299842115481
