# iteración mejor promedio
0 17.088498349417478 87.87741985837881
1 14.142368922065966 78.12482322343662
2 8.24558795405303 66.81047942128798
3 8.24558795405303 55.68837351573199
4 8.073660918660739 45.242228801373095
5 6.7361168843495065 33.66531884189104
6 6.61683359528258 26.618382024355878
7 4.976437984523127 21.40280217082799
8 4.779899109699626 18.511329431286633
9 3.872832747835414 16.354475909219193
10 2.8880986577532592 12.200037622216843
11 2.1765293061305506 9.24972436491877
12 2.1765293061305506 8.373255603233746
13 1.9465657156451863 7.549270849517319
14 1.9465657156451863 7.859942731740492
15 1.942913679883336 5.808991065281807
16 1.6668948981408829 5.321119573989062
17 1.5110589857054015 4.851385319055314
18 1.5110589857054015 6.1275358564541955
19 1.5109344075515156 4.33364054917808
20 1.0334310673652634 4.3098295642658675
21 1.0334310673652634 4.598414214101393
22 1.0051982866308289 4.289362814037764
23 0.988047025622443 3.2373620842857123
24 0.8283866532887472 3.446485334497834
25 0.7853373531191393 3.314022938857276
26 0.7300065734566391 3.468503418911041
27 0.7300065734566391 2.7264703702647877
28 0.6245088254642496 3.012427135250044
29 0.6193364457452885 3.1561204183362923
30 0.43476833517529234 2.17824117321034
31 0.43476833517529234 1.842435849359992
32 0.3860499336510363 1.8954161550206792
33 0.3699718699112301 2.7258095213387357
34 0.3699718699112301 1.5188519559049127
35 0.3699718699112301 2.0072906745977104
36 0.3699718699112301 2.315046734785418
37 0.3699718699112301 1.2318441690295452
38 0.3648994929102419 1.6531684444088324
39 0.3640398555736839 1.7245038088920603
40 0.3640398555736839 0.8503678780826452
41 0.3640398555736839 0.7998116769113928
42 0.3640398555736839 1.3935612334075895
43 0.3640398555736839 1.361135953294475
44 0.3640398555736839 1.3933324772668172
45 0.3640398555736839 1.2003894005168718
46 0.3640398555736839 1.453427762300116
47 0.3640398555736839 0.8869705787491071
48 0.3640398555736839 1.7890693371391873
49 0.3640398555736839 1.1181315734710406
50 0.3640398555736839 0.5032207291075204
51 0.3640398555736839 0.953958631726572
52 0.3640398555736839 0.7277459716652078
53 0.3640398555736839 0.5640173247993623
54 0.3640398555736839 0.8377927838095107
55 0.3640398555736839 0.6258305636676503
56 0.3640398555736839 0.7575334486021323
57 0.3640398555736839 2.057766600015154
58 0.3640393797972615 2.280163814086815
59 0.3640393797972615 2.072736899942054
60 0.3640393797972615 1.6207470677849651
61 0.3640393797972615 0.8175811371123984
62 0.3640393797972615 0.9899763147606006
63 0.3640393797972615 0.6456333869014671
64 0.3640393797972615 1.4125778465011372
65 0.3640393797972615 0.7840633004335558
66 0.3640393797972618 1.1066652828576695
67 0.3617566213668958 0.8695453461440167
68 0.3609554572399447 1.820865304516476
69 0.35439694386870935 0.9001213719602305
70 0.35439694386870935 0.39115000364301544
71 0.35439694386870935 0.7819256297775088
72 0.35439694386870935 0.3944587142940964
73 0.35439694386870935 0.47662799837383846
74 0.35439694386870935 0.8744230196173381
75 0.35439694386870935 0.3862215895520063
76 0.35439694386870935 0.5598490449938076
77 0.35439694386870935 1.1073338714039276
78 0.35060823419782744 0.38307799718616103
79 0.35060823419782744 0.9569583337482668
80 0.35060823419782744 2.221956830966564
81 0.35060411488309995 0.6379731065510059
82 0.35060411488309995 1.1236450210983207
83 0.35059515141313524 0.3809213604057742
84 0.35059515141313524 0.5210814040891966
85 0.350433036584494 1.7526868193600103
86 0.350433036584494 0.5055446985960074
87 0.350433036584494 0.37632353896409015
88 0.350433036584494 1.1635304590836513
89 0.350433036584494 0.5954746331834495
90 0.350433036584494 0.799612186055763
91 0.350433036584494 0.48181729493647246
92 0.350433036584494 1.6370378121768194
93 0.3497803527052693 1.6918289590897007
94 0.3497803527052693 0.6147223040565758
95 0.3497803527052693 0.6194484806281482
96 0.3497803527052693 0.6966191565897221
97 0.3497803527052693 0.3713038524391927
98 0.3497803527052693 1.078959793281753
99 0.3497803527052693 0.6156183047209889
100 0.3497803527052693 0.5217531372375847
101 0.3497803527052693 0.8642755798941146
102 0.3497803527052693 0.8912204987246476
103 0.3497803527052693 0.3695502406709535
104 0.3497803527052693 0.49707814958302504
105 0.3497485148333181 1.5340884745508638
106 0.3497485148333181 0.7654289285728155
107 0.3497485148333181 0.8275155785008569
108 0.3497485148333181 1.051933690941425
109 0.3497485148333181 0.4765999455414481
110 0.3497485148333181 0.3670256615223255
111 0.3497485148333181 1.0123754397358036
112 0.3497485148333181 1.5613088097212307
113 0.3497485148333181 0.3672381728594322
114 0.3497485148333181 0.6331240926194271
115 0.3497485148333181 0.7650083157231681
116 0.3497485148333181 0.9445174207794348
117 0.3497485148333181 0.36559307652236617
118 0.3497485148333181 0.9823616106944049
119 0.34970729740309997 0.8798423979923335
120 0.34904894643075685 0.3635657583175133
121 0.348942022251239 0.4334674266058803
122 0.348942022251239 0.7626861993356272
123 0.348942022251239 0.5296018978547858
124 0.348942022251239 0.8095941891088327
125 0.348942022251239 0.8201071257408394
126 0.34891447971853656 0.6803455659190938
127 0.34891447971853656 1.0767158587571293
128 0.34891447971853656 0.3588178267167374
129 0.34891447971853656 1.203303721100308
130 0.3489021600643962 0.3585332666447038
131 0.34885355025995185 0.3579460933453085
132 0.34885355025995185 1.1400757272917468
133 0.3481332361290189 0.5454852306498484
134 0.3481332361290189 0.7569117503317163
135 0.3481332361290189 0.3581075980252293
136 0.3481332361290189 0.4798250379313141
137 0.3481332361290189 0.6140879718634599
138 0.3481332361290189 0.35730593403119626
139 0.3481332361290189 0.35685727116482424
140 0.3481332361290189 1.1767501229136503
141 0.3481332361290189 1.2361143850558352
142 0.3481332361290189 0.3562288279725482
143 0.3481332361290189 0.4896584097407948
144 0.3479716651453368 0.5510974539595908
145 0.34797166514533723 0.6255565396023227
146 0.34797166514533723 2.2950731561732916
147 0.34797166514533723 0.7872477833959765
148 0.34797166514533723 1.0032362171302305
149 0.34797166514533723 2.2660605321412746
150 0.34797166514533723 1.417170897541573
151 0.13731044047673882 0.42655592461633624
152 0.13684523029397183 1.0905396534252274
153 0.13602873813389407 0.7217133627069121
154 0.13057249649941025 0.4332447132095868
155 0.11430899866353789 1.7564829114824911
156 0.11277887129073527 0.6278459765040999
157 0.0923215576066002 0.2092858227446904
158 0.09220589287859537 0.9516538707574043
159 0.09220589287859537 0.8260921860278065
160 0.07986075224494528 0.7300167154793753
161 0.05632420984766623 0.36056730053508623
162 0.056283787007346195 0.38491913268451117
163 0.05626485475115673 0.42570573263045874
164 0.05626485475115673 0.9508018491914798
165 0.05555469968840729 0.590940048742045
166 0.05251690286309532 0.09838228759141013
167 0.05250803917135366 0.33535777914457976
168 0.051580610185553495 0.08094793944218374
169 0.051580610185553495 0.6681129776642433
170 0.051415609358240646 0.5607610758440533
171 0.051415609358240646 0.19320490473759477
172 0.051415609358240646 1.101445090725045
173 0.051281786090388234 0.05995723737477301
174 0.051281786090388234 1.6070153818134971
175 0.051281786090388234 1.2008491528883625
176 0.050893937897768735 0.05683370966318967
177 0.050893937897768735 0.05661028583665077
178 0.050893937897768735 0.6300538005379915
179 0.05043224524902772 0.49317825107988933
180 0.050411364682964525 0.6060197762230412
181 0.05040946741853292 0.05544599261038819
182 0.05040946741853292 0.05534298989992524
183 0.05040946741853292 0.45175825378272494
184 0.05040946741853292 0.3444944203635471
185 0.05040946741853292 0.054569435876395254
186 0.05040946741853292 0.19283720208993127
187 0.05040946741853292 0.31530581979306066
188 0.05040946741853292 0.19051248402510212
189 0.05040946741853292 0.40265155088698973
190 0.05040946741853292 0.7993310715461857
191 0.05040946741853292 0.05332794004878208
192 0.05040946741853292 1.4114989369866935
193 0.05040946741853292 0.053091959710575634
194 0.05040946741853292 0.29392075976430154
195 0.05040946741853292 1.3073642444156832
196 0.05040946741853292 0.3559219522168204
197 0.05039888062721451 0.5918471217581278
198 0.05039888062721451 0.05234609129087198
199 0.05039111320846411 1.384020687636743
200 0.050389215944032506 0.05224470518526966
201 0.050389215944032506 0.15499004534770322
202 0.050389215944032506 0.35550203302347205
203 0.050389215944032506 1.661627748207712
204 0.050389215944032506 0.05210890998704599
205 0.050355935221757415 0.47799289393262223
206 0.050355935221757415 0.6479115478728867
207 0.05035573576067903 0.70894590947417
208 0.05035573576067903 0.8342230470328079
209 0.05035573576067903 0.19889260569051812
210 0.05035573576067903 1.117561416114584
211 0.05035573576067903 1.2867106880407502
212 0.05035562568276857 0.5948866702039715
213 0.05035562568276857 0.05194879022063431
214 0.05035562568276857 0.36555399855063186
215 0.05035562568276857 0.525047358725808
216 0.05035562568276897 0.25193897834072015
217 0.05035562568276897 0.48352456292128737
218 0.05035562568276897 0.0516345982597312
219 0.05035562568276897 0.6800722642025622
220 0.05035562568276897 0.7223968111901165
221 0.05035562568276897 0.05160831477907099
222 0.05035562568276897 0.051597268777495486
223 0.05035562568276897 0.1829939108894533
224 0.05035562568276897 0.19871608988836567
225 0.05035562568276897 0.6479806809634464
226 0.05035562568276897 0.05159803191519993
227 0.05035562568276897 0.4000764952789295
228 0.05035562568276897 0.451300732037629
229 0.05035562568276897 0.05156097443042656
230 0.05035562568276897 0.7428033103741865
231 0.05035562568276897 0.0516324274490695
232 0.05035562568276897 1.7244670500865433
233 0.05035562568276897 0.051662051437637774
234 0.05035562568276897 0.4136027097906637
235 0.05035562568276897 1.9834293451262042
236 0.05035562568276897 0.05168370084843362
237 0.05035562568276897 0.5984340489029778
238 0.05035562568276897 0.9587692786849338
239 0.05035562568276897 2.6371554053332047
240 0.05035562568276897 1.9118457638939776
241 0.05035562568276897 0.7879412451900966
242 0.05035562568276897 1.297025448144815
243 0.05035562568276897 0.4116647715649471
244 0.05035562568276897 0.5817728705652002
245 0.05035562568276897 0.23803986214903983
246 0.05035562568276897 1.3127483059741964
247 0.05035562568276897 0.5500236232513463
248 0.05035562568276897 1.9570433131692793
249 0.05035562568276897 0.5674696776495501
250 0.05035562568276897 1.2876108753807407
251 0.05035562568276897 0.9868851354421453
252 0.05035562568276897 0.8348521757583971
253 0.05035562568276897 0.20146536131159626
254 0.05035562568276897 0.6955037378439453
255 0.05035562568276897 0.6202914539952897
256 0.05035562568276897 0.3705241205739147
257 0.05035562568276897 0.051655328863536056
258 0.05035562568276897 1.38587815867066
259 0.05035562568276897 1.404553428564911
260 0.05035562568276897 0.889279260885551
261 0.05035562568276897 0.20015996090707136
262 0.05035562568276897 0.32311852350675324
263 0.05035562568276897 0.2655092499995078
264 0.05035562568276897 0.4046029029355545
265 0.05035562568276897 0.8712585893764425
266 0.05035562568276897 0.4277442845581689
267 0.05035562568276897 0.4251719655295203
268 0.05035562568276897 0.11804571158227789
269 0.05035562568276897 0.05147776718533548
270 0.05035562568276897 0.7695503552753982
271 0.05035562568276897 0.31271283229794233
272 0.05035562568276897 1.281692324378095
273 0.05035562568276897 1.150006726689619
274 0.05035562568276897 1.0576522693919619
275 0.05035562568276897 0.9182570509918649
276 0.05035562568276897 0.5861850653983328
277 0.05035562568276897 0.05146794583830323
278 0.05035562568276897 0.1983846459893569
279 0.05035562568276897 0.27209263790433647
280 0.05035562568276897 0.05156284699730421
281 0.05035562568276897 1.680417457188013
282 0.05035562568276897 0.05149071543810793
283 0.05035562568276897 0.4343873419918009
284 0.05035562568276897 0.7552470933009396
285 0.05035562568276897 1.4772781279022464
286 0.05035562568276897 0.943432206295893
287 0.05035562568276897 0.31471279379570755
288 0.05035562568276897 0.6078266333431293
289 0.05035562568276897 1.59073118569946
290 0.05035562568276897 1.8011755029261298
291 0.05035562568276897 1.0375268256518613
292 0.05035562568276897 0.570395574829939
293 0.05035562568276897 1.0573336803180242
294 0.05035562568276897 0.5441354369922263
295 0.05035562568276897 0.3998857115945402
296 0.05035562568276897 1.686863851623487
297 0.05035562568276897 0.9063609732091972
298 0.05035562568276897 0.6901733011391009
299 0.05035562568276897 0.05123189241058152
300 0.05035562568276897 0.34648281229532735
301 0.05035562568276897 0.7902786794575851
302 0.05035562568276897 0.26412545324679426
303 0.05035562568276897 1.1178858381041068
304 0.05035562568276897 0.70320750511261
305 0.05035562568276897 0.051225417652445426
306 0.05035562568276897 0.8777308977447953
307 0.05035562568276897 0.7122977897000095
308 0.05035562568276897 1.6450001687073565
309 0.05035562568276897 0.9500351962601346
310 0.05035562568276897 1.1294406883633394
311 0.05035562568276857 1.174599769268216
312 0.05035562568276857 0.8233211721858131
313 0.05035562568276857 1.2490843268161662
314 0.05035562568276857 0.8255832845019981
315 0.05035562568276857 0.8448832072926067
316 0.05035562568276857 0.05115339151973008
317 0.05035562568276857 0.9006189172770062
318 0.05035562568276857 0.4145929686874956
319 0.05035562568276857 0.5917300782861745
320 0.05035562568276857 0.19802022778401557
321 0.05035562568276857 0.05104261213677199
322 0.05035562568276857 0.3094282392180929
323 0.05035562568276857 1.7887766883745055
324 0.05035562568276857 0.4837381831538083
325 0.05035562568276857 2.1653052427089134
326 0.05035562568276857 0.860585726962983
327 0.05035562568276857 0.05097511500685619
328 0.05035562568276857 0.8999868092939626
329 0.05035562568276857 0.3297478333720175
330 0.05035562568276857 0.050977154166888125
331 0.05035562568276857 0.7181152453983589
332 0.05035562568276857 0.3983244191198924
333 0.05035562568276857 0.19770691179293998
334 0.05035100615370267 0.7954656663136821
335 0.05033909642474185 0.05090943011161029
336 0.05033909642474185 0.4602199715787967
337 0.05033909642474185 0.05093506331780283
338 0.05033909642474185 0.9423829047813619
339 0.05033909642474185 0.2615643663020537
340 0.05033909642474185 0.05093301629651064
341 0.05033909642474185 0.6064187413781491
342 0.05033909642474185 0.050926851631805985
343 0.05033909642474185 0.3143820444254905
344 0.05033909642474185 0.42865917335980974
345 0.05033909642474185 0.24371173066744853
346 0.05033909642474185 0.198176754788628
347 0.05033909642474185 0.5086110666738182
348 0.05033909642474185 0.26206041142553327
349 0.05033909642474185 0.2885707268204412
350 0.05033909642474185 0.9568437115608923
351 0.05033909642474185 0.3253690469973124
352 0.05033719916031025 0.051018603815125144
353 0.05033719916031025 0.5894289636615003
354 0.05033719916031025 0.05101151732731383
355 0.05033719916031025 0.6720985881993811
356 0.05033719916031025 0.1543791945324782
357 0.05033719916031025 1.018874151724591
358 0.05033719916031025 0.20614891275591293
359 0.05033719916031025 0.05097168635817999
360 0.05033719916031025 0.6627898259873375
361 0.05033719916031025 0.4648458665490438
362 0.05033719916031025 0.2106292908212019
363 0.05033719916031025 0.11675037929111244
364 0.05033719916031025 0.05099602432073013
365 0.05033719916031025 0.4042553284635683
366 0.05033719916031025 0.514925530322417
367 0.05033719916031025 0.49035845183832316
368 0.05033719916031025 0.051019827018890664
369 0.05033719916031025 0.4618743096555493
370 0.05033719916031025 0.6340729355180786
371 0.05033719916031025 0.5059678845253341
372 0.05033719916031025 0.6075951501239902
373 0.05033719916031025 0.6327182891048012
374 0.05033719916031025 0.05098046496591976
375 0.05033719916031025 0.22575124133525562
376 0.05033719916031025 0.25736988210492173
377 0.05033719916031025 0.21176225156973627
378 0.05033719916031025 0.0509935619064834
379 0.05033719916031025 0.8812730574084285
380 0.05033719916031025 0.7141059279509032
381 0.05033719916031025 0.13243111858492015
382 0.05033719916031025 0.3136208217094105
383 0.05033719916031025 0.05098690704221753
384 0.05033719916031025 0.05098794802245697
385 0.05033719916031025 0.23705516184085987
386 0.05033719916031025 0.2651494969953131
387 0.05033719916031025 0.442349357094433
388 0.05033719916031025 0.5391593879514089
389 0.05033719916031025 0.6880106435883337
390 0.05033719916031025 0.05093612030988398
391 0.05033719916031025 0.05091708706287418
392 0.05033719916031025 0.05090495339975214
393 0.05033719916031025 0.05091596385763048
394 0.05033719916031025 0.4421252931750966
395 0.05033719916031025 0.3835984897185294
396 0.05033719916031025 0.9786097774041466
397 0.05033719916031064 0.26657809262648113
398 0.05033719916031064 0.24424647177109354
399 0.05033719916031064 0.5964247159981225
400 0.05033719916031064 0.8493436703845595
401 0.05033719916031064 0.1777026442903865
402 0.05033719916031064 0.19809786069063517
403 0.05033719916031064 0.8954094168417742
404 0.05033719916031064 0.7644667150022378
405 0.05033719916031064 0.3890289199187154
406 0.05033719916031025 0.3299642686108248
407 0.05033719916031025 0.41818618523854495
408 0.05033719916031025 1.2892136137050199
409 0.05033719916031025 0.7897563512067828
410 0.05033719916031025 0.7216305940885579
411 0.05033719916031025 0.8283887477261531
412 0.05033719916031025 0.866886936641137
413 0.05033719916031025 0.5958925792467632
414 0.05033719916031025 0.05092419251105125
415 0.05033719916031025 0.7315026213396949
416 0.05033719916031025 0.7151092168117195
417 0.05033719916031025 0.5731978685251711
418 0.05033719916031025 1.225298829949347
419 0.05033719916031025 1.1558612123363372
420 0.05033719916031025 0.2178417716032244
421 0.05033719916031025 0.48161181808269515
422 0.05033719916031025 0.050911917451339314
423 0.05033719916031025 0.8038031641598075
424 0.05033719916031025 0.7710611827679112
425 0.05033719916031025 0.05095881658938417
426 0.05033719916031025 0.381922828805343
427 0.05033719916031025 0.5791042081132598
428 0.05033719916031025 0.3711005346424529
429 0.05033719916031025 0.05093339881844154
430 0.05033719916031064 0.19881071357688407
431 0.05033719916031064 1.229813484621328
432 0.05033719916031064 1.4393322262699857
433 0.05033719916031064 0.1432589140701993
434 0.05033719916031064 0.38208819392986215
435 0.05033719916031064 0.3050498768775892
436 0.05033719916031064 0.7803442345952467
437 0.05033719916031064 0.15043155147732884
438 0.05033719916031064 0.1316648483437692
439 0.05033719916031064 2.2107544673830044
440 0.05033719916031064 0.2547702942808932
441 0.05033719916031064 0.578550654530208
442 0.05033719916031064 0.05096724719285526
443 0.05033719916031064 0.16376868926127883
444 0.05033719916031064 0.7107499381851453
445 0.05033719916031064 1.2972916255268923
446 0.05033719916031064 1.6139530460001736
447 0.05033719916031064 0.6975714776576251
448 0.05033719916031064 0.28192904282546466
449 0.05033719916031064 0.46036787062779205
450 0.05033719916031064 0.05098740350038869
451 0.05033719916031064 0.37833416460483954
452 0.05033719916031064 0.3002696920467167
453 0.05033719916031064 1.3827070087069715
454 0.05033719916031064 0.4124163330267824
455 0.05033719916031064 0.6609571116166271
456 0.05033719916031064 0.46200486622837106
457 0.05033719916031064 1.1320387151189233
458 0.05033719916031064 0.7374782245929882
459 0.05033719916031064 1.0774722256242486
460 0.05033719916031064 0.4533024518712272
461 0.05033719916031064 0.7552013737555899
462 0.05033719916031064 0.4756065808959121
463 0.05033719916031064 1.3661350853068455
464 0.05033719916031064 0.7567236070797521
465 0.05033719916031064 1.00988029900154
466 0.05033719916031064 1.3611818207028665
467 0.05033719916031064 0.7959645613989672
468 0.05033719916031064 0.1168613676410214
469 0.05033719916031064 1.4318263470477701
470 0.05033719916031064 0.9871020920687796
471 0.05033719916031064 1.082168565299957
472 0.05033719916031064 0.5900876186152926
473 0.05033719916031064 0.5768711384289592
474 0.05033719916031064 0.1203833037795015
475 0.05033719916031064 0.5278699137297155
476 0.05033719916031064 0.05102524086438865
477 0.05033719916031064 0.38927182457746407
478 0.05033719916031064 0.49695324925705897
479 0.05033719916031064 0.7716690832973674
480 0.05033719916031064 3.117410223803807
481 0.05033719916031064 1.0175508232517005
482 0.05033719916031064 0.5958445362943244
483 0.05033719916031064 0.3839475344768705
484 0.05033719916031064 0.9239185437335641
485 0.05033719916031064 1.149117115327348
486 0.05033719916031064 0.051037193493336235
487 0.05033719916031064 0.45725431224453805
488 0.05033719916031064 0.35859591882056024
489 0.05033719916031064 0.44613338356904053
490 0.05033719916031064 2.0100171944744365
491 0.05033719916031064 0.6241465666602809
492 0.05033719916031064 0.7773100227108861
493 0.05033719916031064 0.6238906410363034
494 0.05033719916031064 0.3125690788288311
495 0.05033719916031064 0.051022127486525105
496 0.05033719916031064 0.9962396937494631
497 0.05033719916031064 0.8102729614656513
498 0.05033719916031064 2.5113589746855127
499 0.05033719916031064 0.4947621034552072
500 0.05033719916031064 0.5477799861484387
501 0.05033719916031064 1.4133361581782053
502 0.05033719916031064 0.6704173695290271
503 0.05033719916031064 1.192107251616172
504 0.05033719916031064 1.0824169101442245
505 0.05033719916031064 0.05107620790121623
506 0.05033719916031064 0.3782176324207009
507 0.05033719916031064 0.1531233630099745
508 0.05033719916031064 0.6496591958975161
509 0.05033719916031064 0.051076750479814546
510 0.05033719916031064 1.5532400450346993
511 0.05033719916031064 1.0881095289489737
512 0.05033719916031064 0.1988385115122733
513 0.05033719916031064 0.42751851229451204
514 0.05033719916031064 1.595219444437744
515 0.05033719916031064 0.47254023009928403
516 0.05033719916031064 0.8989945469215819
517 0.05033719916031064 1.2405719148733703
518 0.05033719916031064 0.5845471637727475
519 0.05033719916031064 0.6141284974413752
520 0.05033719916031064 0.19438657042696325
521 0.05033719916031064 0.05103929882826443
522 0.05033719916031064 0.051022777882943855
523 0.05033719916031064 1.5179846691698964
524 0.05033719916031064 1.2511284806083833
525 0.05033719916031064 0.8272756978722089
526 0.05033719916031064 1.5440825792759143
527 0.05033719916031064 0.4323748314654965
528 0.05033719916031064 0.2841454486087151
529 0.05033719916031064 0.7721108399900186
530 0.05033719916031064 1.529945837004258
531 0.05033719916031064 1.2288052858170933
532 0.05033719916031064 0.05099886951535369
533 0.05033719916031064 0.15304349133955142
534 0.05033719916031064 0.13317831254484477
535 0.05033719916031064 0.18868897748420463
536 0.05033719916031064 0.5435550006937673
537 0.05033719916031064 1.2063385108876783
538 0.05033719916031064 1.7418294263893188
539 0.05033719916031064 0.7952738998774552
540 0.05033719916031064 1.5187840204707796
541 0.05033719916031064 0.9896476567112393
542 0.05033719916031064 0.198927402224125
543 0.05033719916031064 1.468205032024672
544 0.05033719916031064 0.8811598336809766
545 0.05033719916031064 0.9338433108629932
546 0.05033719916031064 1.3553439352712733
547 0.05033719916031064 1.1289479492621728
548 0.05033719916031064 0.05105306448855784
549 0.05033719916031064 0.05104957792023253
550 0.05033719916031064 1.2538691350201296
551 0.05033719916031025 0.05105976288402388
552 0.05033719916031025 0.8101192487134466
553 0.05033719916031025 0.19830185280112184
554 0.05033719916031025 0.2673575322684048
555 0.05033719916031025 0.13697172753153372
556 0.05033719916031025 0.05105182197895787
557 0.05033719916031025 0.5842590694156883
558 0.05033719916031025 0.051041446863503606
559 0.05033719916031025 0.30576115075915483
560 0.05033719916031025 0.5140687819642875
561 0.05033719916031025 0.11689452299511852
562 0.05033719916031025 0.0510573781296594
563 0.05033719916031025 0.05106345528838574
564 0.05033719916031025 0.8035508839458402
565 0.05033719916031025 0.42229671244843603
566 0.05033719916031025 0.30087479670572786
567 0.05033719916031025 1.215340663692125
568 0.05033719916031025 0.48519033354116686
569 0.05033719916031025 1.1903676928090092
570 0.05033719916031025 0.19306770538636772
571 0.05033719916031025 0.749019570781937
572 0.05033719916031025 0.050997559025670276
573 0.05033719916031025 0.05098297582684483
574 0.05033719916031025 0.19795259330192516
575 0.05033719916031025 1.074895749586163
576 0.05033719916031025 0.6005577573032069
577 0.05033719916031025 1.138451645608072
578 0.05033719916031025 1.2276126651954744
579 0.05033719916031025 0.4425561971651996
580 0.05033719916031025 0.6619611850781943
581 0.05033719916031025 0.46011211853423734
582 0.05033719916031025 0.12482740272582163
583 0.05033719916031025 0.05096071688101786
584 0.05033719916031025 0.8098518064952898
585 0.05033719916031025 0.050956930262886904
586 0.05033719916031025 0.050941553622268244
587 0.05033719916031025 0.05095186143498653
588 0.05033719916031025 1.476285840975125
589 0.05033719916031025 0.05097591311164216
590 0.05033719916031025 0.4388365652828272
591 0.05033719916031025 0.30544502507376103
592 0.05033719916031025 1.0928419117069383
593 0.05033719916031025 0.5973045766930603
594 0.05033719916031025 0.2528071339595811
595 0.05033719916031025 0.05091669716116935
596 0.05033719916031025 0.050902338758865434
597 0.05033719916031025 0.05089454943754335
598 0.05033719916031025 0.11667969676479459
599 0.05033719916031025 0.05084011493950293
600 0.05033719916031025 0.16801341003281564
601 0.05033719916031025 0.05084922459171687
602 0.05033719916031025 0.05081390471787373
603 0.05033719916031025 1.3962739495870027
604 0.05033719916031025 0.6321226260382176
605 0.05033719916031025 0.1540759351876575
606 0.05033719916031025 0.05077119896945602
607 0.05033719916031025 0.050756750981209124
608 0.05033719916031025 1.5510279206364086
609 0.05033719916031025 0.8971513004337275
610 0.05033719916031025 0.4849160579781526
611 0.05033719916031025 0.28059243992896366
612 0.05033719916031025 1.286905736462632
613 0.05033719916031025 0.353405844236518
614 0.05033719916031025 0.792200356502658
615 0.05033719916031025 1.4910287375551752
616 0.05033719916031025 0.8411257343277379
617 0.05033719916031025 0.05074072986971068
618 0.05033719916031025 0.05072891849513633
619 0.05033719916031064 0.0507148411052631
620 0.05033719916031064 0.8152233584854659
621 0.05033719916031064 0.15274104666901972
622 0.05033719916031064 1.659825850459053
623 0.05033719916031064 0.050713672204096706
624 0.05033719916031064 0.6822121562217831
625 0.05033719916031064 0.9987218435152643
626 0.05033719916031064 0.11973921542081875
627 0.05033719916031064 1.5900167902459392
628 0.05033719916031064 0.05073746626899712
629 0.05033719916031064 0.0507313253890605
630 0.05033719916031064 0.7078431585390917
631 0.05033719916031064 1.2529986983665462
632 0.05033719916031064 0.7192637953257374
633 0.05033719916031064 0.6181967485652808
634 0.05033719916031064 0.050751123092707025
635 0.05033719916031064 0.20626487443094235
636 0.05033719916031064 0.36198166591709785
637 0.05033719916031064 0.9142659041317919
638 0.05033719916031064 0.6781751339593184
639 0.05033719916031064 1.7572676321247451
640 0.05033719916031064 0.05074657678726689
641 0.05033719916031064 0.050753165974216266
642 0.05033719916031064 0.6612015554860712
643 0.05033719916031064 1.238393406332616
644 0.05033719916031064 0.6231309115416227
645 0.05033719916031064 0.24306916121512978
646 0.05033719916031064 0.25846325337253667
647 0.05033719916031064 1.5120794055058846
648 0.05033719916031064 1.7108329352995064
649 0.05033719916031064 1.0541491371219214
650 0.05033719916031064 1.1157754309361205
651 0.05033719916031064 0.1983174713062991
652 0.05033719916031064 0.19916037234394465
653 0.05033719916031064 0.20139035334412048
654 0.05033719916031064 0.5239527964155595
655 0.05033719916031064 0.21873940157657856
656 0.05033719916031064 0.6654690523319112
657 0.05033719916031064 0.43681384935941536
658 0.05033719916031064 0.4027372972965236
659 0.05033719916031064 0.9922126245328222
660 0.05033719916031064 0.22672371333166905
661 0.05033719916031064 0.6282456661895945
662 0.05033719916031064 0.5123884913683794
663 0.05033719916031064 0.05081746524427358
664 0.05033719916031064 0.8253676895858486
665 0.05033719916031064 0.3123226820914244
666 0.05033719916031064 0.8014912725716482
667 0.05033719916031064 0.42704667843061805
668 0.05033719916031064 0.7955676627769792
669 0.05033719916031064 1.181152371780863
670 0.05033719916031064 0.4691012904964608
671 0.05033719916031064 0.6718722284913763
672 0.05033719916031064 0.46124677685950827
673 0.05033719916031064 1.1821221616059636
674 0.05033719916031064 0.24382830823148666
675 0.05033719916031064 0.18523399560438306
676 0.05033719916031064 0.6330775440043059
677 0.05033719916031064 2.1314033043258425
678 0.05033719916031064 0.596927124702002
679 0.05033719916031064 0.3945154498911632
680 0.05033719916031064 0.05081034137944455
681 0.05033719916031064 0.22340111473194985
682 0.05033719916031064 0.8267808871641339
683 0.05033719916031064 0.2845321992896388
684 0.05033719916031064 0.3479875173748615
685 0.05033719916031064 0.7141215505057404
686 0.05033719916031064 0.34606356039942193
687 0.05033719916031064 0.20115047791133098
688 0.05033719916031064 0.6675456640896006
689 0.05033719916031064 0.48943266147725717
690 0.05033719916031064 0.1428487282712276
691 0.05033719916031064 1.1908066781842874
692 0.05033719916031064 0.436784182020607
693 0.05033719916031064 0.8156505784896518
694 0.05033719916031064 0.15380718978055533
695 0.05033719916031064 0.7244120177986295
696 0.05033719916031064 0.6335910937844601
697 0.05033719916031064 0.12392807283594987
698 0.05033719916031064 1.1382936657714986
699 0.05033719916031064 2.180581121572431
700 0.05033719916031064 0.4199303254375578
701 0.05033719916031064 0.8574380510284647
702 0.05033719916031064 0.34511567085594136
703 0.05033719916031064 0.602091233436423
704 0.05033719916031064 0.7706704423370837
705 0.05033719916031064 0.395222009148818
706 0.05033719916031064 0.7678200613751269
707 0.05033719916031064 0.31538743749232284
708 0.05033719916031064 0.050784476870522705
709 0.05033719916031064 1.7040728088062316
710 0.05033719916031064 0.5466887558238225
711 0.05033719916031064 1.5721759231074979
712 0.05033719916031064 0.49413457123292026
713 0.05033719916031064 1.1650125822432964
714 0.05033719916031064 0.7733833198219433
715 0.05033719916031064 0.6834319312056776
716 0.05033719916031064 0.9158236750353891
717 0.05033719916031064 0.6352305215723255
718 0.05033719916031064 2.0196279634297944
719 0.05033719916031064 0.12441435143188811
720 0.05033719916031064 0.05071316824992261
721 0.05033719916031064 0.30364022112926714
722 0.05033719916031064 0.5264842276991201
723 0.05033719916031064 0.4484226552138816
724 0.05033719916031064 0.050719494863623836
725 0.05033719916031064 0.05070638927430284
726 0.05033719916031064 0.32990240200322285
727 0.05033719916031064 0.8069891690976962
728 0.05033719916031064 0.30568932614650235
729 0.05033719916031064 0.6920591658938328
730 0.05033719916031064 0.8518917900912476
731 0.05033719916031064 0.05075405873324981
732 0.05033719916031064 0.3827905344233455
733 0.05033719916031064 1.3336311287890532
734 0.05033719916031064 0.6166455315015109
735 0.05033719916031064 0.2935120799731228
736 0.05033719916031064 0.05073566431768318
737 0.05033719916031064 0.400879129506031
738 0.05033719916031064 0.5311596298671081
739 0.05033719916031064 1.4648500595076726
740 0.05033719916031064 1.5407835319016454
741 0.05033719916031064 0.31191976698910223
742 0.05033719916031064 0.19251945911440174
743 0.05033719916031064 0.251963938751177
744 0.05033719916031064 0.844168665836724
745 0.05033719916031064 0.6760966105693721
746 0.05033719916031064 0.19773088100605374
747 0.05033719916031064 0.7229790575554244
748 0.05033719916031064 0.722278809520947
749 0.05033719916031064 1.5649694667581449
750 0.05033719916031064 0.6277958069045456
751 0.05033719916031064 1.6430116812944338
752 0.05033719916031064 0.6824789826582222
753 0.05033719916031064 0.41347177010916264
754 0.05033719916031064 1.4912097924328414
755 0.05033719916031064 0.980776051083773
756 0.05033719916031064 0.18980800301562759
757 0.05033719916031064 0.40499129323601457
758 0.05033719916031064 0.6832421659071867
759 0.05033719916031064 0.5421061602819416
760 0.05033719916031064 0.5828985316787775
761 0.05033719916031064 0.6393481741178498
762 0.05033719916031064 0.27976544779439594
763 0.05033719916031064 0.11857078647912606
764 0.05033719916031064 0.7126545997177441
765 0.05033719916031064 0.05068129736198945
766 0.05033719916031064 0.050678695458859925
767 0.05033719916031064 0.1578104932604906
768 0.05033719916031064 0.050661791470305924
769 0.05033719916031064 0.5809622169043527
770 0.05033719916031064 1.3910456512738403
771 0.05033719916031064 0.1427340579046205
772 0.05033719916031064 0.5800897393061729
773 0.05033719916031064 0.5197147723399208
774 0.05033719916031064 0.3412527337250439
775 0.05033719916031064 0.6791593395000745
776 0.05033719916031025 0.7019970570142147
777 0.05033719916031025 0.0506613548145763
778 0.05033719916031025 0.3004662352533096
779 0.05033719916031025 0.4512665177932806
780 0.05033719916031025 0.05065519325849384
781 0.05033719916031025 0.5663724630882243
782 0.05033719916031025 0.18543321215149877
783 0.05033719916031025 0.7763816794932299
784 0.05033719916031025 1.1883717438091528
785 0.05033719916031025 0.5920039935817345
786 0.05033719916031025 0.9573241886505253
787 0.05033719916031025 0.5360658168313515
788 0.05033719916031025 1.1221476325018407
789 0.05033719916031025 0.3516903026127867
790 0.05033719916031025 1.3267391070213068
791 0.05033719916031025 0.05060426173758759
792 0.05033719916031025 0.37928432555665
793 0.05033719916031025 0.6232577238029952
794 0.05033719916031025 0.19846875179599624
795 0.05033719916031025 0.2612600007860511
796 0.05033719916031025 0.45918227369652664
797 0.05033719916031025 0.82400232153474
798 0.05033719916031025 0.8609664597752605
799 0.05033719916031025 0.37470166820102835
800 0.05033719916031025 0.7775046804058969
801 0.05033719916031025 0.5009242452557969
802 0.05033719916031025 0.2669192962620323
803 0.05033719916031025 0.9189760814285148
804 0.05033719916031025 0.18915711704175173
805 0.05033719916031025 0.1249271647911785
806 0.05033719916031025 0.6115435308469332
807 0.05033719916031025 0.47340050852224924
808 0.05033719916031025 0.15593662724917345
809 0.05033719916031025 0.8510825706231447
810 0.05033719916031025 0.48984576600907204
811 0.05033719916031025 0.3051039093494998
812 0.05033719916031025 0.3981134721999998
813 0.05033719916031025 0.7280935070565575
814 0.05033719916031025 0.40228577483569433
815 0.05033719916031025 0.3124094649315726
816 0.05033719916031025 0.2971886037118757
817 0.05033719916031025 0.41446681963647336
818 0.05033719916031025 0.6557263375229878
819 0.05033719916031025 0.05060774563264338
820 0.05033719916031025 0.27811878631806514
821 0.05033719916031025 0.31217139606135286
822 0.05033719916031025 0.6482100616636197
823 0.05033719916031025 0.8281165173394289
824 0.05033719916031025 1.2731737985112175
825 0.05033719916031025 0.05058049930750985
826 0.05033719916031025 0.26442353764260085
827 0.05033719916031025 0.05054618702110322
828 0.05033719916031025 0.05053625446343332
829 0.05033719916031025 0.3121137681258823
830 0.05033719916031025 0.3924642316287447
831 0.05033719916031025 0.05054335263185322
832 0.05033719916031025 1.5412899795409656
833 0.05033719916031025 0.5827323964901335
834 0.05033719916031025 0.5368034350147826
835 0.05033719916031025 0.5513575782241881
836 0.05033719916031025 0.7055956099411369
837 0.05033719916031025 0.9179301952929901
838 0.05033719916031025 0.050502716949086465
839 0.05033719916031025 0.12337029529847154
840 0.05033719916031025 0.050477948071332795
841 0.05033719916031025 0.15583972607324456
842 0.05033719916031025 0.19219066783470853
843 0.05033719916031025 0.050480960498191896
844 0.05033719916031025 0.050476015203718604
845 0.05033719916031025 0.1163050391922116
846 0.05033719916031025 0.5775363897856813
847 0.05033719916031025 0.19760340446514146
848 0.05033719916031025 0.5404781529226725
849 0.05033719916031025 0.050461614826373354
850 0.05033719916031025 0.3173851129589437
851 0.05033719916031025 0.05047163606459129
852 0.05033719916031025 0.13424908394947896
853 0.05033719916031025 0.20392277303898268
854 0.05033719916031025 0.7310963546931823
855 0.05033719916031025 0.668357124318859
856 0.05033719916031025 0.553597480548937
857 0.05033719916031025 0.7551061607624631
858 0.05033719916031025 0.5511503495419188
859 0.05033719916031025 0.05048650540852503
860 0.05033719916031025 0.3828236604137969
861 0.05033719916031025 0.4641313103038092
862 0.05033719916031025 1.7057012448427868
863 0.05033719916031025 0.050513216831188465
864 0.05033572129820101 0.05051643366416805
865 0.05033572129820101 0.4459791851740512
866 0.05033572129820101 0.05051674768137516
867 0.05033561122029055 0.3932629244375838
868 0.05033561122029055 0.31628144887562315
869 0.05033561122029055 0.2889991655183463
870 0.05033561122029055 0.05048201111960638
871 0.05033561122029055 0.9272217787316646
872 0.05033561122029055 0.050476253523467636
873 0.05033561122029055 0.31200798354790016
874 0.05033561122029055 0.05048008760158121
875 0.05033561122029055 0.4431106952496255
876 0.05033561122029055 0.8446523201081604
877 0.05033561122029055 0.05048371107635721
878 0.05033561122029055 0.16540197060618433
879 0.05033561122029055 0.1532193458470474
880 0.05033561122029055 0.22803974490819803
881 0.05033561122029055 0.15323609780005415
882 0.05033561122029055 0.323662077242035
883 0.05033561122029055 0.19538895677003051
884 0.05033561122029055 0.05047787353354319
885 0.05033561122029055 0.050463855870771186
886 0.05033561122029055 0.2974467236300411
887 0.05033561122029055 0.05046650213682452
888 0.05033561122029055 0.1974430639094306
889 0.05033561122029055 0.7102176465344725
890 0.05033561122029055 0.05048744012269201
891 0.05033561122029055 0.05049336722724959
892 0.05033561122029055 0.8017636913702941
893 0.05033561122029055 0.05049676164961116
894 0.05033561122029055 0.19875408853188262
895 0.05033561122029055 0.4596717392475291
896 0.05033561122029055 0.16301738319092438
897 0.05033561122029055 0.25792045898982424
898 0.05033561122029055 1.2042147611682963
899 0.05033561122029055 0.46754785905673624
900 0.05033561122029055 0.7773890636099436
901 0.05033561122029055 0.6160772326346204
902 0.05033561122029055 0.050493918280797946
903 0.05033561122029055 1.0769080733901
904 0.05033561122029055 0.0504758088310015
905 0.05033561122029055 0.05048494318219989
906 0.05033561122029055 1.1051480102601654
907 0.05033561122029055 0.05049482878771899
908 0.05033561122029055 0.3054506561745976
909 0.05033561122029055 0.32183316138893275
910 0.05033561122029055 0.1989784350941951
911 0.05033561122029055 1.2565230118232305
912 0.05033561122029055 0.050503809467340996
913 0.05033561122029055 0.05047473436950588
914 0.05033561122029055 0.2814133752221305
915 0.05033561122029055 0.05045609831087208
916 0.05033561122029055 0.25667062272803404
917 0.05033561122029055 0.05044570915732519
918 0.05033561122029055 0.22053374962674283
919 0.05033561122029055 0.889000031004869
920 0.05033561122029055 0.1206886119485366
921 0.05033561122029055 0.05046877473367139
922 0.05033561122029055 0.05047059078160977
923 0.05033561122029055 0.2507867823588858
924 0.05033561122029055 0.05046529896535521
925 0.05033561122029055 1.1947992966607348
926 0.05033561122029055 0.8328937657275991
927 0.05033561122029055 0.4184264725856409
928 0.05033561122029055 0.050438798403760005
929 0.05033561122029055 0.05044468464442655
930 0.05033561122029055 0.3197537855511889
931 0.05033561122029055 1.6162235223892112
932 0.05033561122029055 0.05047047076581215
933 0.05033561122029055 0.05047175571095916
934 0.05033561122029055 0.2177625364283372
935 0.05033561122029055 0.47184675639698476
936 0.05033561122029055 0.050442966896872755
937 0.05033561122029055 0.19635868532021622
938 0.05033561122029055 0.1533575112276039
939 0.05033561122029055 0.9842102225856086
940 0.05033561122029055 0.26480161616329406
941 0.05033561122029055 0.6506479158074073
942 0.05033561122029055 0.05046015983994171
943 0.05033561122029055 0.05046428244758897
944 0.05033561122029055 0.13286310156289824
945 0.05033561122029055 0.05044664008313835
946 0.05033561122029055 0.36744323998591716
947 0.05033561122029055 0.32812451759635375
948 0.05033561122029055 0.5292808351417885
949 0.05033561122029055 0.4519580680000847
950 0.05033561122029055 0.36330160946861084
951 0.05033561122029055 0.2130833859682609
952 0.05033561122029055 0.253436468953461
953 0.05033561122029055 0.2045333408056813
954 0.05033561122029055 0.1591164269716299
955 0.05033561122029055 1.1872388170597201
956 0.05033561122029055 0.050417826014551935
957 0.05033561122029055 0.15341419895335684
958 0.05033561122029055 0.34490612456659564
959 0.05033561122029055 0.6081625378782589
960 0.05033561122029055 0.050404273397453805
961 0.05033561122029055 0.05039758294240313
962 0.05033561122029055 0.5877408048388885
963 0.05033561122029055 0.5727073990899715
964 0.05033561122029055 0.5704307086203775
965 0.05033561122029055 0.050378806819105365
966 0.05033561122029055 0.05037646098802309
967 0.05033561122029055 0.28963900453613745
968 0.05033561122029055 0.05036045653281224
969 0.05033561122029055 0.4293029986377711
970 0.05033561122029055 0.4612893049632312
971 0.05033561122029055 0.3985879528038048
972 0.05033561122029055 0.3119267749302328
973 0.05033561122029055 0.2172314764499427
974 0.05033561122029055 1.0331188416693047
975 0.05033561122029055 0.26280762766842664
976 0.05033561122029055 0.050361202888344093
977 0.05033561122029055 0.18388343672664859
978 0.05033561122029055 0.151118733773811
979 0.05033561122029055 0.05035736563008274
980 0.05033561122029055 2.4265016910403507
981 0.05033561122029055 0.050356014575604534
982 0.05033561122029055 0.18610275605558563
983 0.05033561122029055 0.21437029854823217
984 0.05033561122029055 0.05035393085011225
985 0.05033561122029055 0.05035243714341205
986 0.05033561122029055 0.31659254107988
987 0.05033561122029055 0.20851049600444813
988 0.05033561122029055 0.05035074539005236
989 0.05033561122029055 0.7113990187776955
990 0.05033561122029055 0.18154116002947718
991 0.05033561122029055 1.1370164999112418
992 0.05033561122029055 2.144102915317253
993 0.05033561122029055 2.2889471876506393
994 0.05033561122029055 0.5020935057390666
995 0.05033561122029055 0.050350383607925014
996 0.05033561122029055 0.05035004607989298
997 0.05033561122029055 0.743635448873929
998 0.05033561122029055 0.05034899324559541
999 0.05033561122029055 0.6806723124447973
