# iteración mejor promedio
0 21.03870027433825 85.57912153789596
1 21.03870027433825 79.11661169867035
2 9.261624268021299 73.98957008903083
3 9.261624268021299 62.77272443816994
4 9.261624268021299 53.79676443771059
5 6.4905390315506475 43.23275314820992
6 4.715116315244197 34.224972841563634
7 4.715116315244197 28.33366262044161
8 4.715116315244197 24.761350006016464
9 3.1262724732891787 19.36124904864806
10 2.994086126192578 16.38574245018793
11 2.430920927143995 14.179721126185438
12 2.2481953996545694 10.764879436486371
13 1.9023210055956967 8.227406881417878
14 1.7546963357936747 6.8592289565305755
15 1.6906639967775565 6.743146168587321
16 1.6289309405503256 6.500787057784094
17 1.3749158966288497 5.709673781737195
18 1.1428293556978542 3.827387605822987
19 0.9833622669665347 4.8857378597575565
20 0.9833622669665347 3.5292742255921614
21 0.3759938811541007 3.311751000711849
22 0.3759938811541007 2.9320397069917847
23 0.36838920423765636 4.681822548609309
24 0.25862845674022444 2.570152009340084
25 0.2580297748141257 1.7859723793176014
26 0.23847187953143212 2.3429535367668315
27 0.23805703148281776 1.9669057659146347
28 0.17905729535270906 1.0981771448514512
29 0.17905729535270906 0.5380551663113722
30 0.16820652263772654 1.697699663022321
31 0.15956584622720632 2.288800128894141
32 0.15956584622720632 1.1290529401681086
33 0.15956584622720632 1.3212564201625643
34 0.15956584622720632 0.5237684932472378
35 0.1595658462272051 1.2206346704526065
36 0.14779724445508854 1.780264395460633
37 0.1453785017298388 1.2509849101375394
38 0.1453785017298388 1.6333040730979462
39 0.143065382812794 1.056072343198045
40 0.143065382812794 0.9843464913809892
41 0.143065382812794 0.44959008872665657
42 0.143065382812794 0.9714022063746884
43 0.1406213604343388 0.19058751813673797
44 0.13136382933619703 0.6412671221223097
45 0.13136382933619703 0.3840278768718036
46 0.12762301477396512 0.5866914668775902
47 0.12700313981026418 0.17221955112518375
48 0.1269649176579251 0.6099910253605024
49 0.1269649176579251 0.16549967515148212
50 0.1269649176579251 0.5177582299055669
51 0.1269649176579251 0.1614886235749626
52 0.1269649176579251 0.4087525142023994
53 0.1269649176579251 0.3109405349289768
54 0.1269649176579251 0.22723601278524933
55 0.12678013166731233 0.6551981601787601
56 0.12678013166731233 0.40698276976047576
57 0.12678013166731233 0.5442995144521952
58 0.12678013166731233 0.7604272427140017
59 0.12678013166731233 0.6585084242746692
60 0.12678013166731233 1.1630280388654
61 0.126762533518681 1.574651465107454
62 0.126176673845248 1.3067792608802815
63 0.126176673845248 0.6499456493842355
64 0.126176673845248 0.7634240895036457
65 0.126176673845248 0.6620234408092432
66 0.126176673845248 0.3890361344687169
67 0.126176673845248 0.2697499120421436
68 0.126176673845248 0.13386167092891016
69 0.12617660217658896 0.5025301161508237
70 0.12616051923835517 1.0390879396262487
71 0.12616051923835517 0.13350950701760866
72 0.12614983502915897 0.4813798523663496
73 0.12614983502915897 1.079051621507701
74 0.12614983502915897 0.26198389443396985
75 0.1261445370916237 0.4799688641232525
76 0.1261445370916237 0.13044198899881798
77 0.1261445370916237 0.23392887786726985
78 0.1261445370916237 0.755348278592975
79 0.12614393824347211 0.13010533647045927
80 0.12614393824347211 0.962725555513711
81 0.12614393824347211 0.510231062800766
82 0.12614393824347211 0.4622996303974751
83 0.12614033735827118 1.101991317011624
84 0.12614033735827118 0.7641546442158476
85 0.12614033735827118 0.2158901583318155
86 0.12614033735827118 0.13113822471998193
87 0.12614030790164169 0.8151881584107573
88 0.12614030790164169 0.12865819736507306
89 0.12614030790164169 0.2775064060947889
90 0.12614030790164169 0.44243052632312746
91 0.12614030790164169 0.9206211408434061
92 0.12614030790164169 0.5620106693805947
93 0.12614030790164169 0.6323431651964022
94 0.12614030790164169 0.6057732239382398
95 0.12614030790164169 0.38982928389507004
96 0.12614030790164169 1.3203004052253946
97 0.12614030790164169 0.8041663562397406
98 0.12614030790164169 0.12829137167470794
99 0.12614030790164169 0.1284235873208989
100 0.12613856924524533 0.1282566468789016
101 0.12613856924524533 0.7687084599621261
102 0.12613856924524533 1.039763442631218
103 0.1261385102843026 0.5321512980161238
104 0.1261385102843026 0.27553216811711123
105 0.1261385102843026 1.130868029632876
106 0.1261385102843026 0.6526830334753781
107 0.1261385102843026 0.1284338090736482
108 0.1261385102843026 0.3758489565769614
109 0.1261385102843026 0.12837452491629603
110 0.1261385102843026 0.6895015725730015
111 0.1261385102843026 1.4428406270856649
112 0.12613848087535684 0.8192050484794146
113 0.12613848087535684 0.2302041219498372
114 0.12613848087535684 0.3762062013123783
115 0.12613848087535684 0.20956717105640002
116 0.12613848087535684 1.6454131626919324
117 0.12613848087535684 0.1278159568201027
118 0.12613848087535684 1.5521713429044646
119 0.12613848087535684 1.2159222078423801
120 0.12613848087535684 0.9573442064533672
121 0.12613848087535684 0.12792287377922976
122 0.12613848087535684 0.12964342781909127
123 0.12613848087535684 0.12865539666068876
124 0.12613848087535684 1.2516282098794274
125 0.12613848087535684 0.6036229944892162
126 0.12613848087535684 0.7317914443406385
127 0.12613848087535684 0.5925003415331942
128 0.12613848087535684 0.12745883429321986
129 0.12613848087535684 0.5103757259527044
130 0.12613848087535656 0.2060646084688707
131 0.12613848087535656 1.0056545889919255
132 0.12613848087535656 0.5028964811707366
133 0.12613848087535656 1.9164561014171226
134 0.12613848087535656 0.5333847920482653
135 0.12613848087535656 0.20849644923653582
136 0.12613848087535656 1.2129981626999462
137 0.12613848087535656 0.8707697940142459
138 0.12613848087535656 0.7246849268509582
139 0.12613848087535656 0.7588118043635318
140 0.12613848087535656 1.4051391512386127
141 0.12613848087535656 0.5997031361629681
142 0.12613848087535656 1.6052041547825768
143 0.12613848087535656 1.3322712038791407
144 0.12613848087535656 0.2739067768732879
145 0.12613848087535656 0.7784568958727975
146 0.12613848087535656 0.12763707074519687
147 0.12613848087535656 0.1277014037655659
148 0.12613848087535656 0.7340386111582036
149 0.12613848087535656 1.5575622981463624
150 0.12613848087535656 2.1626946276838184
151 0.12613848087535656 0.5609138184134373
152 0.12613848087535656 1.9689737226024224
153 0.12613848087535656 1.2719858205456347
154 0.12613848087535656 1.1716510683005106
155 0.12613848087535656 0.20226865147316597
156 0.12613848087535656 0.6539173571443697
157 0.12613848087535656 0.6611590272015087
158 0.12613848087535656 0.3305997268215718
159 0.12613848087535656 0.12764165546519324
160 0.12613848087535656 0.7592847367760642
161 0.12613848087535656 0.12738533849630304
162 0.12613848087535656 1.1894569310620013
163 0.12613848087535656 0.5628193332096417
164 0.12613848087535656 1.7303871935564823
165 0.12613848087535656 0.6529950133358529
166 0.12613848087535656 0.5872474079534835
167 0.12613848087535656 1.241340724501825
168 0.12613848087535656 0.1271221281639879
169 0.12613848087535656 0.6499790197177856
170 0.12613848087535656 1.203811163465688
171 0.12613848087535656 0.12723567234565386
172 0.12613848087535656 0.6120273639802535
173 0.12613848087535656 1.0924218610353975
174 0.12613848087535656 1.0246567514579912
175 0.12613848087535656 1.302253973852369
176 0.12613848087535656 0.20745135343090493
177 0.12613848087535656 0.1272902761411721
178 0.12613848087535656 0.5104454115772135
179 0.12613848087535656 0.7201802647192145
180 0.12613848087535656 0.12720026966291906
181 0.12613848087535656 0.59330234471668
182 0.12613848087535656 0.9037953210269042
183 0.12613848087535656 1.8234647336856211
184 0.12613848087535656 0.1271789482321423
185 0.12613848087535656 0.2314718474379517
186 0.12613848087535656 0.7110980994991136
187 0.12613848087535656 2.6881241356525747
188 0.12613848087535656 0.19312691556049252
189 0.12613848087535656 0.7295089967621733
190 0.12613848087535656 2.0645752133958184
191 0.12613848087535656 0.9800930379512529
192 0.12613848087535656 0.5331211009431661
193 0.12613848087535656 0.7881296996248272
194 0.12613848087535656 0.3252918764501635
195 0.12613848087535656 1.0975904634298477
196 0.12613848087535656 0.4063620931179742
197 0.12613848087535656 1.7055568768251184
198 0.12613848087535656 0.12747479098494113
199 0.12613848087535656 1.119960240471056
200 0.12613848087535684 0.1273451892909048
201 0.12613848087535684 0.42730933668704574
202 0.12613848087535684 0.5314007005167661
203 0.12613848087535684 0.12727651038956445
204 0.12613848087535684 1.5572906109823825
205 0.12613848087535684 0.2886975501716215
206 0.12613848087535684 0.759946358219513
207 0.12613848087535684 0.9221757080129855
208 0.12613848087535684 0.9937740857524708
209 0.12613848087535684 0.9381596789504014
210 0.12613848087535684 0.5814942778090635
211 0.12613848087535684 0.3159092425294305
212 0.12613848087535684 0.12694841106314497
213 0.12613848087535684 0.12701553824104012
214 0.12613848087535684 0.9263238920520099
215 0.12613848087535684 1.623203662880764
216 0.12613848087535684 1.3288199326781749
217 0.12613848087535684 0.4828018545004356
218 0.12613848087535684 0.12685437106834963
219 0.12613848087535684 0.12693314787125992
220 0.12613848087535684 0.7417331445026062
221 0.12613848087535684 0.5535067193066614
222 0.12613848087535684 0.9265460591324325
223 0.12613848087535684 0.6790741357618232
224 0.12613848087535684 0.2599604268387062
225 0.12613848087535684 0.5476368874451264
226 0.12613848087535684 1.287190007734288
227 0.12613848087535684 0.12827901451963183
228 0.12613848087535684 1.0595267614907664
229 0.12613848087535684 0.950131366154016
230 0.12613848087535684 0.12665711882333963
231 0.12613848087535684 0.22940392220158354
232 0.12613848087535684 0.993342080023449
233 0.12613848087535684 0.256027588803379
234 0.12613848087535684 0.27409405804766473
235 0.12613848087535684 0.5314789814198816
236 0.12613848087535684 0.658132384514716
237 0.12613848087535684 1.4419843018975285
238 0.12613848087535684 0.2696075298267594
239 0.12613848087535684 1.1315876377121823
240 0.12613848087535684 0.3887694477675687
241 0.12613848087535684 0.19326665164911921
242 0.12613848087535684 0.7248639658004069
243 0.12613848087535656 0.38871286139354244
244 0.12613848087535656 0.32767586357519624
245 0.12613848087535656 0.2514014682005946
246 0.12613848087535656 0.6049369724373341
247 0.12613848087535684 0.6588333985962603
248 0.12613848087535684 0.1265011724622408
249 0.12613848087535684 0.1264699255542927
250 0.12613848087535684 1.2154377250272999
251 0.12613848087535684 0.36248716941446124
252 0.12530008809868043 0.9583841540154404
253 0.12530008809868043 1.2606479611623576
254 0.12530008809868043 1.2625604497575995
255 0.12530008809868043 0.3012503599215504
256 0.12530008809868043 0.8512123695526804
257 0.12530008809868043 0.20913954166544302
258 0.1252983653209693 0.9039480816632982
259 0.1252983653209693 0.5087745384814635
260 0.1252983653209693 0.5161364914803768
261 0.1252983653209693 0.4581039177152462
262 0.1252976998824768 0.21737856195982036
263 0.1252976998824768 0.12631604830260715
264 0.1252917808523258 0.3562444438468348
265 0.1252917808523258 0.12630233109232994
266 0.12527575383519637 0.9120569766556583
267 0.12527575383519637 1.2384603856585565
268 0.1252694178107518 0.5402990292169885
269 0.12454971211240204 0.5561131107421727
270 0.12451314809054574 0.5309251082739449
271 0.12399959435740973 0.33696405872167046
272 0.12399956485309649 0.22895556326885783
273 0.12399956485309649 0.12635375559430903
274 0.12399956485309649 0.849693127911104
275 0.12399956485309649 0.9271722710634646
276 0.12399956485309649 0.2899770071509945
277 0.12399956485309649 0.3447169704813025
278 0.12399827529407044 0.9884742015325821
279 0.12399827529407044 0.25712289409887285
280 0.12399827529407044 0.506386331791173
281 0.12399827529407044 0.5192079766739203
282 0.12399827529407044 0.6040544689428914
283 0.12399827529407044 0.6212353722735875
284 0.12399827529407044 0.7125812026779618
285 0.12399827529407044 0.958364299986213
286 0.12399827529407044 0.6193054439129813
287 0.12399827529407044 0.8758249761493194
288 0.12399827529407044 0.25481646697416876
289 0.12399827529407044 0.2726842813540692
290 0.12399827529407044 0.7246149241649331
291 0.12399827529407044 1.2462357857441364
292 0.12399827529407044 0.3327215096790055
293 0.12399827529407044 0.12619104014523072
294 0.12399827529407044 1.1080830103616728
295 0.12399827529407044 0.8981620138210811
296 0.12399827529407044 0.3478638304761241
297 0.12399827529407044 0.3997929313871904
298 0.12399827529407044 0.42771409224237966
299 0.12399827529407044 0.8505738447372283
300 0.12399827529407044 0.1919773696246613
301 0.12399827529407044 0.38796076179091515
302 0.12399827529407044 0.568804971171095
303 0.12399827529407044 0.5096580047793123
304 0.12399827529407044 0.44050557481617825
305 0.12399827529407044 0.7657666505441948
306 0.12399827529407044 1.3409052433355877
307 0.12399827529407044 0.4628878851900482
308 0.12399827529407044 1.2504591192726346
309 0.12399827529407044 0.8513380514735936
310 0.12399827529407044 0.46155292707407325
311 0.12399827529407044 1.2220593447697516
312 0.12399827529407044 0.30348466131007673
313 0.12399827529407044 0.6501189160471383
314 0.12399827529407044 1.0005842775998874
315 0.12399827529407044 1.2203252797175692
316 0.12399827529407044 0.5798626085342354
317 0.12399827529407044 1.0967520257768733
318 0.12399827529407044 1.676385337054855
319 0.12399827529407044 1.7568373407512354
320 0.12399827529407044 0.8323380655528742
321 0.12399827529407044 0.19158341274435065
322 0.12399827529407044 1.1471149726596288
323 0.12399827529407044 0.8578309469902962
324 0.12399827529407044 1.098004471078856
325 0.12399827529407044 0.5010389206905298
326 0.12399827529407044 0.69620838738748
327 0.12399827529407044 0.6380050010571714
328 0.12399827529407044 0.12599007514604846
329 0.12399827529407044 0.6226902013159998
330 0.12399827529407044 0.9450102703144112
331 0.12399827529407044 0.12618080733611253
332 0.12399827529407044 0.2736908648960986
333 0.12399827529407044 1.9524713325168386
334 0.12399827529407044 0.1261566249744825
335 0.12399827529407044 0.44380995423914243
336 0.12399827529407044 0.20557432846483212
337 0.12399827529407044 0.3390721972838198
338 0.12399827529407044 0.7470845965444481
339 0.12399827529407044 0.5999584131162008
340 0.12399827529407044 0.7185372210475262
341 0.12399827529407044 0.12630858551189716
342 0.12399827529407044 0.7326580638797769
343 0.12399827529407044 0.9989785674869787
344 0.12399827529407044 0.44490563952044687
345 0.12399827529407044 0.6383759845379154
346 0.12399827529407044 0.12638104315306126
347 0.12399827529407044 0.12633435782597946
348 0.12399827529407044 0.33533841630166805
349 0.12399827529407044 0.6792369799741026
350 0.12399827529407044 0.5962637937362659
351 0.12399827529407044 0.8976059398540057
352 0.12399827529407044 0.34425292128652557
353 0.12399827529407044 1.13233145552132
354 0.12399827529407044 0.556928353021877
355 0.12399827529407044 0.12633202579647845
356 0.12399827529407044 0.3880935159550755
357 0.12399827529407044 0.3870652489025368
358 0.12399827529407044 0.8778818751990911
359 0.12399827529407044 0.5022588128547685
360 0.12399827529407044 0.12626684793708726
361 0.12399827529407044 0.37603313734827887
362 0.12399827529407044 0.4541126335720796
363 0.12399827529407044 0.8491427807314657
364 0.12399827529407044 0.12624510457156427
365 0.12399827529407044 1.5832165183301357
366 0.12399827529407044 0.3714691932296273
367 0.12399827529407044 0.7066297510162198
368 0.12399827529407044 1.6648318507770434
369 0.12399827529407044 0.3244296662784234
370 0.12399827529407044 0.12624530636360262
371 0.12399827529407044 0.2082469808351188
372 0.12399827529407044 0.3584464938359626
373 0.12399827529407044 0.19191786843739553
374 0.12399827529407044 0.5053450568314776
375 0.12399827529407044 0.7812498311610752
376 0.12399827529407044 1.737670348818015
377 0.12399827529407044 0.3771671577239573
378 0.12399827529407044 0.8844785345668459
379 0.12399827529407044 0.27736753785479334
380 0.12399827529407044 0.12629501739293486
381 0.12399827529407044 0.261097406087816
382 0.12399827529407044 0.3357828416924126
383 0.12399827529407044 0.3665079393767221
384 0.12399827529407044 1.273793851185002
385 0.12399827529407044 0.25045211331222494
386 0.12399827529407044 0.36420614156304526
387 0.12399827529407044 0.48525441478698583
388 0.12399827529407044 0.9294452660821838
389 0.12399827529407044 1.307078907270612
390 0.12399827529407044 1.051165381919627
391 0.12399827529407044 0.9797580969502242
392 0.12399827529407044 0.4798899936063586
393 0.12399827529407044 0.1268815862154707
394 0.12399827529407044 1.3986667721883563
395 0.12399827529407044 1.105250084876396
396 0.12399827529407044 0.1263136914008508
397 0.12399827529407044 0.36278614301465756
398 0.12399827529407044 0.1952258216048115
399 0.12399827529407044 0.600091638273629
400 0.12399827529407044 0.6200367497472409
401 0.12399827529407044 0.7879351000716723
402 0.12399827529407044 0.8824016044272789
403 0.12399827529407044 0.7957518526789592
404 0.12399827529407044 1.1551295682924663
405 0.12399827529407044 0.85090935332966
406 0.12399827529407044 1.0898470683832473
407 0.12399827529407044 0.5443438394872667
408 0.12399827529407044 0.3563476591919029
409 0.12399827529407044 0.12624695747772127
410 0.12399827529407044 1.173097581525419
411 0.12399827529407044 1.9486753027266617
412 0.12399827529407044 0.6899014214457108
413 0.12399827529407044 0.6999697413133542
414 0.12399827529407044 0.489252212430432
415 0.12399827529407044 1.1529923673558762
416 0.12399827529407044 1.7308716679670642
417 0.12399827529407044 0.6994516616462245
418 0.12399827529407044 0.6195256456773022
419 0.12399827529407044 0.3881964445057624
420 0.12399827529407044 0.7466553321344835
421 0.12399827529407044 0.5293434370309704
422 0.12399827529407044 1.1060720585377473
423 0.12399827529407044 0.9149988315986858
424 0.12399827529407044 0.12643204072691283
425 0.12399827529407044 0.9628306823431597
426 0.12399827529407044 1.4233787638994317
427 0.12399827529407044 0.19588057135482934
428 0.12399827529407044 0.8662881497063288
429 0.12399827529407044 0.38486444716472656
430 0.12399827529407044 0.7728567942166699
431 0.12399827529407044 0.4881393595673685
432 0.12399827529407044 1.478306489824685
433 0.12399827529407044 0.8040995594445891
434 0.12399827529407044 0.7165511536050764
435 0.12399827529407044 0.12628831730612672
436 0.12399827529407044 0.3273415927770397
437 0.12399827529407044 1.0708394350204753
438 0.12399827529407044 0.5547561273336707
439 0.12399827529407044 0.9263639382026579
440 0.12399827529407044 0.2491687458358833
441 0.12399827529407044 0.1262842231286569
442 0.12399827529407044 0.9784215690822993
443 0.12399827529407044 0.3973963383191429
444 0.12399827529407044 0.12622678161806714
445 0.12399827529407044 0.95191267283085
446 0.12399827529407044 0.9173208821519724
447 0.12399827529407044 0.23212599065069583
448 0.12399827529407044 1.0949867681018792
449 0.12399827529407044 0.9891914799752195
450 0.12399827529407044 0.9063761771327595
451 0.12399827529407044 0.20496876337193876
452 0.12399827529407044 0.4340768411254474
453 0.12399827529407044 0.126214464975453
454 0.12399827529407044 0.12623909822158066
455 0.12399827529407044 0.7499397533093877
456 0.12399827529407044 0.9349463531402921
457 0.12399827529407044 0.3332453574999892
458 0.12399827529407044 1.102816013374036
459 0.12399827529407044 1.2508817683421367
460 0.12399827529407044 1.5620927603258812
461 0.12399827529407044 0.3352870896777743
462 0.12399827529407044 0.728822396653801
463 0.12399827529407044 0.5917448098300073
464 0.12399827529407044 0.627047728248612
465 0.12399827529407044 0.41978600589535503
466 0.12399827529407044 0.3961510004371781
467 0.12399827529407044 0.4745388489092796
468 0.12399827529407044 0.3757178982564118
469 0.12399827529407044 0.2299457818873548
470 0.12399827529407044 0.34521968055809205
471 0.12399827529407044 0.4524636264759659
472 0.12399827529407044 0.37380832252605134
473 0.12399827529407044 2.924032169133217
474 0.12399827529407044 1.400905291571493
475 0.12399827529407044 0.8512383412663901
476 0.12399827529407044 1.100383071120353
477 0.12399827529407044 0.12620631776287744
478 0.12399827529407044 0.2988422905617381
479 0.12399827529407044 0.27304865517383525
480 0.12399827529407044 0.3874737628015727
481 0.12399827529407044 1.0205938845431295
482 0.12399827529407044 0.3427461713861244
483 0.12399827529407044 0.12619812819718812
484 0.12399827529407044 0.4416788327394275
485 0.12399827529407044 0.44551016860019893
486 0.12399827529407044 0.19257946936723985
487 0.12399827529407044 0.4595380854505455
488 0.12399827529407044 0.6146109057331488
489 0.12399827529407044 0.4421772378030726
490 0.12399827529407044 0.31772851309971745
491 0.12399827529407044 1.2386116953451292
492 0.12399827529407044 0.2737289450075194
493 0.12399827529407044 0.20918950274335338
494 0.12399827529407044 0.43168860040124657
495 0.12399827529407044 0.9304525728433555
496 0.12399827529407044 1.7451104028840398
497 0.12399827529407044 0.7867056346734966
498 0.12399827529407044 1.0971942467729427
499 0.12399827529407044 0.550076839167785
500 0.12399827529407044 1.1224949579296493
501 0.12399827529407044 0.9540079174774568
502 0.12399827529407044 1.1145956260039798
503 0.12399827529407044 0.4025504362675039
504 0.12399827529407044 1.0256716944797994
505 0.12399827529407044 0.5664758568477831
506 0.12399827529407044 0.4628246756163235
507 0.12399827529407044 0.6211405966234335
508 0.12399827529407044 0.6298219182971586
509 0.12399827529407044 1.3304965479654711
510 0.12399827529407044 0.35317179516536273
511 0.12399827529407044 0.7891757324769574
512 0.12399827529407044 1.4019234193126575
513 0.12399827529407044 0.6802242948288771
514 0.12399827529407044 0.12614886259536687
515 0.12399827529407044 0.9193697986873116
516 0.12399827529407044 0.24721659860202805
517 0.12399827529407044 0.4274663469829203
518 0.12399827529407044 0.28386505334872775
519 0.12399827529407044 0.6864188817800527
520 0.12399827529407044 0.2576265034909701
521 0.12399827529407044 2.1398967862518545
522 0.12399827529407044 0.2619862721812674
523 0.12399827529407044 0.48655699640569317
524 0.12399827529407044 0.5979785703985127
525 0.12399827529407044 0.27666640546577875
526 0.12399827529407044 1.2592766759258647
527 0.12399827529407044 0.9928400859950043
528 0.12399827529407044 0.12614064135336997
529 0.12399827529407044 0.5632521650884612
530 0.12399827529407044 1.2740439840169375
531 0.12399827529407044 0.9499280048207726
532 0.12399827529407044 0.813907292304729
533 0.12399827529407044 0.7229742439001376
534 0.12399827529407044 0.8636120227248293
535 0.12399827529407044 0.5607574747851668
536 0.12399827529407044 0.3874507818487236
537 0.12399827529407044 0.7780761121417996
538 0.12399827529407044 0.7874426154117107
539 0.12399827529407044 0.8227943018439816
540 0.12399827529407044 0.4667064252479652
541 0.12399827529407044 0.7535816982369957
542 0.12399827529407044 1.5592981808687423
543 0.12399827529407044 0.369963008682533
544 0.12399827529407081 0.2548949807836178
545 0.12399827529407081 0.20211731215705245
546 0.12399827529407081 0.839597940201505
547 0.12399827529407081 0.7167501588334797
548 0.12399827529407081 0.346217246495524
549 0.12399827529407081 0.353943813993107
550 0.12399827529407081 0.19182300794189439
551 0.12399827529407081 0.9597335649013301
552 0.12399827529407081 0.5893834335553
553 0.12399827529407081 0.23492243671508153
554 0.12399827529407081 1.3241988579286101
555 0.12399827529407081 0.744832412781275
556 0.12399827529407081 0.6371137127742229
557 0.12399827529407081 0.19184284279582267
558 0.12399827529407081 0.48676491724967264
559 0.12399827529407081 1.4003365250430635
560 0.12399827529407081 0.386371225113716
561 0.12399827529407081 0.12613931434687378
562 0.12399827529407081 0.12613948722158574
563 0.12399827529407081 1.0109482716316716
564 0.12399827529407081 0.3160325485075167
565 0.12399827529407081 0.12612873687170625
566 0.12399827529407081 0.5543116511249956
567 0.12399827529407081 0.38784037376908226
568 0.12399827529407081 0.38051924555627176
569 0.12399827529407081 0.1260748593414879
570 0.12399827529407081 0.21129194018890346
571 0.12399827529407081 1.0392266584115795
572 0.12399827529407081 0.3783761487098836
573 0.12399827529407081 0.3878494706124307
574 0.12399827529407081 0.9626610880205511
575 0.12399827529407081 0.12596780309422678
576 0.12399827529407081 0.4346638836830652
577 0.12399827529407081 0.588778986731192
578 0.12399827529407081 0.20796647016439213
579 0.12399827529407081 0.12583899943541785
580 0.12399827529407081 0.12583902476966885
581 0.12399827529407081 0.6480912589755933
582 0.12399827529407081 0.43024008508642164
583 0.12399827529407081 0.7805979674131277
584 0.12399827529407081 0.125817630462702
585 0.12399827529407081 1.040700085929972
586 0.12399827529407081 0.1256781794551803
587 0.12399827529407081 0.2702428289768316
588 0.12399827529407081 0.12559236862426018
589 0.12399827529407081 0.8395270660816272
590 0.12399827529407081 0.1255499496019771
591 0.12399827529407081 0.5674474315791077
592 0.12399827529407081 1.8820588280640749
593 0.12399827529407081 0.19681508171239312
594 0.12399827529407081 0.12542080467381025
595 0.12399827529407081 0.12554937816774325
596 0.12399827529407081 0.7523689422528049
597 0.12399827529407081 0.4703091253161164
598 0.12399827529407081 0.9485899062229011
599 0.12399827529407081 0.4430526468082526
600 0.12399827529407081 0.32315943897701543
601 0.12399827529407081 0.9597706094345431
602 0.12399827529407081 0.747188864498389
603 0.12399827529407081 0.5493124921507495
604 0.12399827529407081 1.6725694819590011
605 0.12399827529407081 0.4543789897361691
606 0.12399827529407081 0.1911820809299032
607 0.12399827529407081 0.8735337288582925
608 0.12399827529407081 0.12527956802847573
609 0.12399827529407081 0.3260525355037431
610 0.12399827529407081 0.12532194533297125
611 0.12399827529407081 0.19209533753290894
612 0.12399827529407081 0.12531143114389992
613 0.12399827529407081 0.45428793433100295
614 0.12399827529407081 1.1162391080975425
615 0.12399827529407081 1.174387804228563
616 0.12399827529407081 0.8818523450447876
617 0.12399827529407081 0.22750443438692436
618 0.12399827529407081 1.1623581317731113
619 0.12399827529407081 0.12501182498231456
620 0.12399827529407081 0.8270825843486126
621 0.12399827529407081 0.1913874992378243
622 0.12399827529407081 1.2341447729629293
623 0.12399827529407081 0.12506489207959315
624 0.12399827529407081 0.3385402350319954
625 0.12399827529407081 0.7653111657630567
626 0.12399827529407081 0.2273620104564349
627 0.12399827529407081 0.12470064000839036
628 0.12399827529407081 0.6954415160396388
629 0.12399827529407081 0.2996201168042212
630 0.12399827529407081 0.3553346261680529
631 0.12399827529407081 0.6138713103032657
632 0.12399827529407081 0.29356024706266504
633 0.12399827529407081 0.12443339947373186
634 0.12399827529407081 0.12447633816347078
635 0.12399827529407081 0.6726582914953646
636 0.12399827529407081 0.12439147505657006
637 0.12399827529407081 0.5885030344013407
638 0.12399827529407081 0.19005051662802436
639 0.12399827529407081 0.22439296530452424
640 0.12399827529407081 0.508931542349271
641 0.12399827529407081 0.12439110812042681
642 0.12399827529407081 0.47245956872392364
643 0.12399827529407081 0.44912001289014214
644 0.12399827529407044 0.7445406512030074
645 0.12399827529407081 0.12437021243450577
646 0.12399827529407081 0.8039203257384204
647 0.12399827529407081 0.12444489333033769
648 0.12399827529407081 0.6410470445461725
649 0.12399827529407081 0.9384111274454681
650 0.12399827529407081 0.2951220229294839
651 0.12399827529407081 0.20629376144748313
652 0.12399827529407081 0.12423074214403787
653 0.12399827529407081 0.31325178209566845
654 0.12399827529407081 0.27139245943524953
655 0.12399827529407081 0.1241880234218285
656 0.12399827529407081 0.5896094548541361
657 0.12399827529407081 0.18979871749315058
658 0.12399827529407081 0.39748455812329625
659 0.12399827529407081 0.5920058665109499
660 0.12399827529407081 0.9442670765068962
661 0.12399827529407081 0.22760441873026716
662 0.12399827529407081 1.032848077914217
663 0.12399827529407081 0.7836131851328458
664 0.12399827529407081 0.9785406531142776
665 0.12399827529407044 0.19233569968005523
666 0.12399827529407044 1.5653641943277175
667 0.1239965641750336 0.28749095655443574
668 0.1239965641750336 0.4279404901137663
669 0.12399422665856495 0.1240378364753472
670 0.12399050867402296 0.3072566315096477
671 0.12377382313254294 0.3858566072194279
672 0.12377382313254294 0.26006094584431205
673 0.12377382313254294 0.28961856821717485
674 0.12377382313254294 0.5334863240361267
675 0.12377357087364502 0.24838262620411972
676 0.12377357087364502 0.7899493249618925
677 0.12377155323161546 0.12416207883861771
678 0.12377155323161546 0.38591280761498786
679 0.12377155323161546 0.3778412228449243
680 0.12376908296361867 0.19404860092774798
681 0.12376908296361867 0.38598990330772787
682 0.12376908296361867 0.97644533865224
683 0.12376908296361867 0.2728437976434905
684 0.12376908296361867 0.12430916973669805
685 0.12376908296361867 0.12409639871812335
686 0.12376908296361867 0.3805552597587543
687 0.12376908296361867 0.4553037934178662
688 0.12376908296361867 0.8671542902552786
689 0.12376908296361867 0.7189628759760458
690 0.12376908296361867 0.3252952648310552
691 0.12376908296361867 0.41076695237125394
692 0.12376908296361867 0.5700312080777963
693 0.12376908296361867 1.5437885797325481
694 0.12376908296361867 0.18959925544034661
695 0.12376908296361867 0.1239995151804692
696 0.12376908296361867 0.9872806560625021
697 0.12376908296361867 0.6546730273501039
698 0.12376908296361867 0.6045868209848408
699 0.12376908296361867 0.6955139278244816
700 0.12376908296361867 0.12399568994721225
701 0.12376908296361819 0.7685108231556328
702 0.12376908296361819 0.37041180931819284
703 0.12376908296361819 1.1891708651581863
704 0.12376908296361819 0.5433655059214556
705 0.12376908296361819 0.1239981379791495
706 0.12376908296361819 0.31184246149256256
707 0.12376908296361819 0.5333799063046422
708 0.12376908296361819 0.9045440412612232
709 0.12376908296361819 1.037934797022603
710 0.12376908296361819 0.8765159645967409
711 0.12376908296361819 0.3857907793117091
712 0.12376908296361819 0.862103717214043
713 0.12376908296361819 0.5199178452407878
714 0.12376908296361819 0.18971425764649427
715 0.12376908296361819 1.0110208783545531
716 0.12376908296361819 1.232886173442793
717 0.12376908296361867 0.5627058094772667
718 0.12376908296361867 0.5469027238027021
719 0.12376908296361867 0.22720691022611092
720 0.12376908296361867 1.1526157392374161
721 0.12376908296361867 0.7521961635421874
722 0.12376908296361867 0.48914936144622706
723 0.12376908296361867 0.46584592684852927
724 0.12376908296361867 0.12399538209223424
725 0.12376908296361867 1.6040759097583175
726 0.12376908296361867 0.12399408142426854
727 0.12376908296361867 0.6149161671066734
728 0.12376908296361867 0.4048239357499544
729 0.12376908296361867 0.27794160684231506
730 0.12376908296361867 0.5693739850749576
731 0.12376908296361867 0.6327924000635506
732 0.12376908296361867 0.12398372696558856
733 0.12376908296361867 0.12397880955924774
734 0.12376908296361867 0.4800401968157961
735 0.12376728534627959 0.12397173181252151
736 0.12376728534627959 0.3696410110905017
737 0.12376728534627959 1.0055816029668363
738 0.12376728534627959 0.6467788459624739
739 0.12376728534627959 0.12397644242384594
740 0.12376728534627959 0.29670194192577953
741 0.12376728534627959 0.33402142373759036
742 0.12376728534627959 1.0213338728874917
743 0.12376728534627959 0.5750219258593234
744 0.12376728534627959 0.2996445164694103
745 0.12376728534627959 0.4419392134134943
746 0.12376728534627959 0.12396548971103466
747 0.12376728534627959 0.4266955219792588
748 0.12376728534627959 1.0009390191788783
749 0.12376728534627959 0.18966780230744132
750 0.12376728534627959 0.12395623335294456
751 0.12376728534627959 0.21208104735929847
752 0.12376728534627959 0.7135294262889457
753 0.12376728534627959 0.5909682799297382
754 0.12376728534627959 0.4038157748798619
755 0.12376728534627959 1.2919585292170646
756 0.12376728534627959 0.5200148110687137
757 0.12376728534627959 0.34373151819377057
758 0.12376728534627959 1.521676186962729
759 0.12376728534627959 0.19140816189683188
760 0.12376728534627959 0.28351217287338487
761 0.12376728534627959 0.12395560043446371
762 0.12376728534627959 0.7399486095469686
763 0.12376728534627959 0.9720636454970372
764 0.12376728534627959 0.12394285047010724
765 0.12376728534627959 0.38576117277687916
766 0.12376728534627959 0.2709813394583145
767 0.12376728534627959 0.932160450560135
768 0.12376728534627959 1.2003135684356303
769 0.12376728534627959 0.977660256109244
770 0.12376728534627959 0.12396719934335249
771 0.12376728534627959 0.5903446729388131
772 0.12376728534627959 0.12395702339184726
773 0.12376728534627944 1.0533403228428098
774 0.12376728534627944 1.2024441400659058
775 0.12376728534627944 0.5289840460240166
776 0.12376728534627944 1.1467722351323821
777 0.12376728534627944 1.1960500540690577
778 0.12376728534627944 1.0710896625573183
779 0.12376728534627944 0.6177968090175914
780 0.12376728534627944 1.5861999494466275
781 0.12376728534627944 1.4059662164973838
782 0.12376728534627944 0.12394169529750648
783 0.12376728534627944 0.8859348910850442
784 0.12376728534627944 0.3150912293219886
785 0.12376728534627944 1.0931237329451318
786 0.12376728534627944 1.5352594210619888
787 0.12376728534627944 0.12394521445057421
788 0.12376728534627944 0.4373514940533363
789 0.12376728534627944 0.37832730922866553
790 0.12376728534627944 0.8546877646236591
791 0.12376728534627944 1.3456238779718115
792 0.12376728534627944 0.1585424807050049
793 0.12376728534627944 0.12568795593795384
794 0.12376728534627944 0.38754664542715545
795 0.12376728534627944 0.4033872116988483
796 0.12376728534627944 0.8338274264763958
797 0.12376728534627944 1.503426201446723
798 0.12376728534627944 1.0798521963144858
799 0.12376728534627944 0.32433984791001536
800 0.12376728534627944 0.3633476799970324
801 0.12376728534627944 0.5838308799593728
802 0.12376728534627944 0.5200225321452464
803 0.12376728534627944 1.020591099802722
804 0.12376728534627944 0.9315491134399184
805 0.12368834371308321 1.3651122201320243
806 0.12368834371308321 0.38569864855592284
807 0.12368834371308321 0.12391727346355165
808 0.12368834371308321 0.8590681060897122
809 0.12368834371308321 0.12392671675292385
810 0.12368834371308321 0.3737040798359677
811 0.12368294964513105 0.12392888021844202
812 0.12368265313572374 0.20190504775882923
813 0.12352746055540859 0.2950349502739504
814 0.12352746055540859 0.4141719793616203
815 0.12195571692559865 0.8452690280269031
816 0.12195571692559865 0.5473033280915076
817 0.12195571692559865 0.9367604114596477
818 0.12195571692559865 0.8926556918500468
819 0.12195571692559865 0.41932763891021696
820 0.12195571692559865 0.33043143177587647
821 0.12195144904026278 1.5214871921992423
822 0.12195144904026278 0.1238228133749005
823 0.12153745119270692 0.226455909475688
824 0.1212420019856635 0.35461322727379097
825 0.1212420019856635 0.7104958536306714
826 0.121239770386699 0.5896081492631214
827 0.12123773410032763 0.2974739929826657
828 0.12123773410032763 0.12378666274566591
829 0.12123773410032763 0.12381163856977198
830 0.12123773410032763 0.12374741825313769
831 0.12123773410032763 1.5561371495470901
832 0.12123773410032763 0.12358634459868936
833 0.12123773410032763 0.4711380354986094
834 0.12123773410032708 0.49648953193889667
835 0.12123773410032708 1.3640540254940354
836 0.12123773410032708 0.3238814003826321
837 0.12123773410032708 0.921613068666496
838 0.12123773410032708 1.0882463644167104
839 0.12123593648298855 0.20082853104699067
840 0.12123593648298855 0.436972680855991
841 0.12123593648298855 0.12339367515357073
842 0.12123593648298855 0.12321815876008019
843 0.12123593648298855 1.4830577687327113
844 0.12123593648298855 0.12345126101922849
845 0.12123593648298855 0.5004704142131113
846 0.12123593648298855 0.12337634468428157
847 0.12123593648298833 1.1507928821991031
848 0.12123593648298833 1.5323728973778319
849 0.12123593648298833 1.2032583378053636
850 0.12123593648298833 0.5383990303183037
851 0.12123593648298833 0.9047135803958636
852 0.12123593648298833 0.12279158618042336
853 0.12123593648298833 0.8478917680079538
854 0.12123593648298833 1.3932573655813705
855 0.12123593648298833 0.9711187930052521
856 0.12123593648298833 0.3866852553108739
857 0.12123593648298833 0.6035953019088409
858 0.12123593648298833 1.8152476424827855
859 0.12123593648298833 0.6557389988996001
860 0.12123593648298833 0.12304611873065452
861 0.12123593648298833 1.3610086191066921
862 0.12123593648298833 0.12297491990585611
863 0.12123593648298833 0.34598589913689304
864 0.12123593648298833 0.6769772506323075
865 0.12123593648298833 1.267258551915416
866 0.12123593648298833 0.12290076254922087
867 0.12123593648298833 2.0000305681475776
868 0.12123593648298833 1.176865361330374
869 0.12123593648298833 0.22258650463216473
870 0.12123593648298833 0.12259736393653159
871 0.12123593648298833 1.3083269923273144
872 0.12123593648298833 0.6302582324171823
873 0.12123593648298833 1.276810699834845
874 0.12123593648298833 1.2143386773458866
875 0.12123593648298833 0.7795220731718431
876 0.12123593648298833 0.5278298951777614
877 0.12123593648298833 0.12202743868842127
878 0.12123593648298833 0.22417437234459928
879 0.12123593648298833 0.7174398472149975
880 0.12123593648298833 0.6488203950912675
881 0.12123593648298833 0.3242412075891709
882 0.12123593648298833 0.8473622587534938
883 0.12123593648298833 0.8065046926098308
884 0.12123593648298833 0.2251619565919901
885 0.12123593648298833 0.7047359484440605
886 0.12123593648298833 0.539561084210942
887 0.12123593648298833 0.648256401882684
888 0.12123593648298833 1.670555482048941
889 0.12123593648298833 0.5772708494790346
890 0.12123593648298833 0.12206906810852508
891 0.12123593648298833 0.5016726993729546
892 0.12123593648298833 0.5487700546030355
893 0.12123593648298833 1.0316204009022223
894 0.12123593648298833 0.7438017904864901
895 0.12123593648298833 0.5294048683452275
896 0.12123593648298833 1.0033351001031283
897 0.12123593648298833 0.18429801773524113
898 0.12123593648298833 1.0196683070491774
899 0.12123593648298833 0.12193148355691193
900 0.12123593648298833 0.6491696668892329
901 0.12123593648298833 0.12188998817007518
902 0.12123593648298833 0.9567616388862831
903 0.12123593648298833 0.1218549111689437
904 0.12123593648298833 0.8788876770017446
905 0.12123593648298855 0.5770399943384178
906 0.12123593648298855 0.6927097378972878
907 0.12123593648298855 0.5265501489465649
908 0.12123593648298855 0.8125782175481879
909 0.12123593648298855 0.7720270783191245
910 0.12123593648298855 0.38517744247538915
911 0.12123593648298855 0.5557085338633505
912 0.12123593648298855 0.12168873574064834
913 0.12123593648298855 0.41722179083555544
914 0.12123593648298855 1.178883698949123
915 0.12123593648298855 0.39776702880769155
916 0.12123593648298855 0.19528983461686944
917 0.12123593648298855 0.12155007780650344
918 0.12123593648298855 0.27366544054640907
919 0.12123593648298855 0.266066097960325
920 0.12123593648298855 1.2563699652375286
921 0.12123593648298855 0.12145101477223695
922 0.12123593648298855 0.5708011569834781
923 0.12123593648298833 0.45687832005912854
924 0.12123593648298833 0.2801939473807997
925 0.12123593648298833 1.0513962524937384
926 0.12123593648298833 1.0880612673798855
927 0.12123593648298833 2.2982176203738836
928 0.12123593648298833 2.1064890182564278
929 0.12123593648298833 0.6601420050675512
930 0.12123593648298833 0.8553167320385593
931 0.12123593648298833 0.6459571054037344
932 0.12123593648298833 0.37580257711376336
933 0.12123593648298833 0.3428564056988314
934 0.12123593648298833 0.3956623280210049
935 0.12123593648298833 0.8690722940890494
936 0.12123593648298833 1.0411058038197414
937 0.12123593648298833 0.6814610368702186
938 0.12123593648298833 0.26037416572577265
939 0.12123593648298833 0.6596975196416694
940 0.12123593648298833 0.39618895455040104
941 0.12123593648298833 1.0621352166371747
942 0.12123593648298833 0.7481621112933258
943 0.12123593648298833 0.9289560625572554
944 0.12123593648298833 0.5841233043908407
945 0.12123593648298833 0.12141278468973445
946 0.12123593648298833 0.3298709422434703
947 0.12123593648298833 0.3832167463074694
948 0.12123593648298833 1.4027760923059223
949 0.12123593648298833 1.1099692149157319
950 0.12123593648298833 0.552163226792353
951 0.12123593648298833 0.1214215674450057
952 0.12123593648298833 0.2685802652736229
953 0.12123593648298833 1.3332624832235305
954 0.12123593648298833 0.4682038190332716
955 0.12123593648298833 0.6016742753574039
956 0.12123593648298833 0.5099065230895704
957 0.12123593648298833 0.18716110297421523
958 0.12123593648298833 0.774398272237506
959 0.12123593648298833 1.555156795908144
960 0.12123593648298833 0.527081518568495
961 0.12123593648298833 0.595975538803383
962 0.12123593648298833 0.121321684596322
963 0.12123593648298833 0.8814903437732415
964 0.12123593648298833 0.7073837585860119
965 0.12123593648298855 0.38310447556993127
966 0.12123593648298855 1.057547515830163
967 0.12123593648298855 0.12133000587027888
968 0.12123593648298855 0.4221403942209336
969 0.12123593648298855 0.34087520364381696
970 0.12123593648298855 0.27290856831677457
971 0.12123593648298855 1.0314695179203233
972 0.12123593648298855 1.2024910265677609
973 0.12123593648298855 0.7981509843816823
974 0.12123593648298855 0.12130230371995694
975 0.12123593648298855 0.4440322464099862
976 0.12123593648298855 0.12129442790182315
977 0.12123593648298855 0.8557515296701403
978 0.12123593648298855 0.6185018372718166
979 0.12123593648298855 0.1212875434501313
980 0.12123593648298855 0.5871980157829868
981 0.12123593648298855 0.4392208433078143
982 0.12123593648298855 0.5232938810993172
983 0.12123593648298855 0.4477002975906712
984 0.12123593648298855 0.7113597237183512
985 0.12123593648298855 0.816341536732823
986 0.12123593648298855 0.589085259597929
987 0.12123593648298855 0.3756570499510796
988 0.12123593648298855 0.5132245664089945
989 0.12123593648298855 0.3060736391242635
990 0.12123593648298855 0.22392664024954484
991 0.12123593648298855 0.12128169240721647
992 0.12123593648298855 0.12127376503843128
993 0.12123593648298855 0.12127804708655278
994 0.12123593648298855 0.5799668619289611
995 0.12123593648298855 1.1881533964235167
996 0.12123593648298855 0.1212836050223547
997 0.12123593648298855 0.3756224641670211
998 0.12123593648298855 0.26970688520502006
999 0.12123593648298855 0.12127830585839368
