# iteración mejor promedio
0 16.98119221937957 20.957858103540687
1 16.98119221937957 20.9652321685808
2 16.98119221937957 20.964897786772354
3 16.98119221937957 20.90512513110165
4 16.98119221937957 20.864014407436354
5 16.80942167335945 20.84105443485842
6 16.770881472995068 20.796866760510294
7 16.770881472995068 20.83188444058344
8 16.770881472995068 20.798667256230406
9 16.770881472995068 20.82601425208369
10 16.770881472995068 20.84686474480697
11 16.770881472995068 20.894342156035123
12 16.770881472995068 20.86898052990141
13 16.770881472995068 20.77410324147387
14 16.770881472995068 20.728697632115267
15 16.770881472995068 20.693538379317353
16 16.770881472995068 20.698770571000786
17 16.770881472995068 20.66382291276287
18 16.770881472995068 20.626208536547246
19 16.770881472995068 20.573519505114632
20 16.770881472995068 20.570961915617712
21 16.770881472995068 20.56309574474936
22 16.770881472995068 20.533136025567106
23 15.595549021772118 20.494925461962097
24 15.595549021772118 20.56526598621045
25 15.595549021772118 20.527563115635576
26 15.595549021772118 20.58232876718057
27 15.595549021772118 20.570114227258095
28 15.153201138800506 20.551767053935166
29 15.153201138800506 20.579851487979486
30 15.153201138800506 20.50780451784293
31 15.153201138800506 20.55378750026443
32 15.153201138800506 20.476326714711785
33 15.153201138800506 20.509626238960077
34 15.153201138800506 20.314461026046448
35 15.153201138800506 20.179243540639987
36 15.153201138800506 20.150941021746352
37 11.690912379627218 20.12638156534726
38 11.690912379627218 19.94949208254563
39 11.690912379627218 20.00077840346576
40 11.690912379627218 19.8484918239875
41 11.34299060632694 19.912156851649023
42 11.34299060632694 19.77317772389954
43 11.34299060632694 19.47785802355757
44 11.230957169625963 19.548779555652242
45 10.988833938820889 19.536390437786398
46 10.988833938820889 19.38992852304071
47 10.988833938820889 19.374120357008568
48 10.988833938820889 19.215004642653074
49 10.988833938820889 19.247961233490006
50 10.988833938820889 19.11062427282967
51 10.988833938820889 19.016155296250812
52 10.870410929740807 18.5777886499356
53 10.533323312413142 18.70103397590992
54 10.286890475916483 18.495898902479006
55 10.286890475916483 18.42860285048089
56 10.041674245214773 18.3140543595119
57 9.94572209655561 18.129273879551
58 9.94572209655561 17.823682078123763
59 9.350197763282091 17.641915277243648
60 9.350197763282091 17.675037174406185
61 9.169611237368992 17.710832503503568
62 9.169611237368992 17.581219974322995
63 9.169611237368992 17.734751906781327
64 9.169611237368992 17.517082839411454
65 9.169611237368992 17.286183637665296
66 8.98361626052188 17.113408575161312
67 8.98361626052188 16.91492030349284
68 8.98361626052188 16.361048067570547
69 8.98361626052188 16.35356150603967
70 8.591234781026635 16.138333074446752
71 8.591234781026635 15.8684860940177
72 8.591234781026635 15.79889581610666
73 8.591234781026635 15.451393232899097
74 8.591234781026635 15.259099457541943
75 8.591234781026635 14.98405238271804
76 8.591234781026635 14.735308091480597
77 8.446837986073271 14.70798536314452
78 8.446837986073271 14.160531982753582
79 8.446837986073271 14.21875873360762
80 8.446837986073271 13.892675576925415
81 8.446837986073271 13.501896882746687
82 8.446837986073271 13.145214649638529
83 8.147241019106335 12.783173063170103
84 8.147241019106335 13.394674541605507
85 7.315355838552491 12.869706496049664
86 7.315355838552491 12.5654193950944
87 7.315355838552491 12.27500154474787
88 7.315355838552491 12.083539179212687
89 7.315355838552491 12.011736544544393
90 7.315355838552491 12.268457515016516
91 7.315355838552491 12.1773343040037
92 7.315355838552491 11.807818770274778
93 7.315355838552491 11.261259083116526
94 6.9511057885673955 10.975886530843152
95 6.948818236702673 11.125096027732605
96 6.948818236702673 11.190019705992112
97 6.948818236702673 10.794233070641068
98 6.803038421273864 10.591969939883912
99 6.463649145995401 10.231342522707196
100 6.463649145995401 9.867158631684916
101 6.248477255141473 10.20743621647107
102 5.638942931354283 9.98091817476019
103 5.638942931354283 9.632367553367015
104 5.638942931354283 9.515904510096032
105 5.638942931354283 9.393788337123402
106 5.638942931354283 9.692641322619265
107 5.638942931354283 9.376908777400699
108 5.638942931354283 9.156224970483887
109 5.538508328105426 9.19784117136188
110 5.538508328105426 8.999414538532259
111 5.453622250749649 9.026853353671026
112 5.1432325398653145 9.077334476338727
113 5.1432325398653145 9.076717598860844
114 5.1432325398653145 9.257513474720932
115 5.133926187037818 9.68257354742351
116 5.133926187037818 8.231243920243644
117 5.133645738482703 7.863512675968409
118 4.657828045809357 7.632212267605272
119 4.657828045809357 7.937870803898752
120 4.510323583444251 7.458142364966651
121 4.500904044151234 7.980998754391585
122 4.500904044151234 7.298087491894429
123 4.500904044151234 7.308786375206293
124 4.417276317445091 6.762270075057015
125 4.417276317445091 6.739977389764315
126 4.417276317445091 7.884632738533553
127 4.417276317445091 7.24838011191232
128 4.417276317445091 7.241715796259688
129 4.417276317445091 7.523484488727633
130 4.417276317445091 7.764123746459494
131 4.415426686431508 7.353554720775366
132 4.381986158731392 7.201070743474471
133 4.30681823206515 6.794568471335362
134 4.30213071126408 6.560512935892722
135 4.108485607189772 6.693735195114556
136 4.108485607189772 6.8521633310348795
137 4.059338718501377 6.222394592312088
138 4.059338718501377 6.354208226227432
139 4.059338718501377 6.423932595440365
140 4.059338718501377 5.693051355201726
141 4.059338718501377 5.973839421069664
142 4.016161571428965 6.091662062409659
143 3.8777234378409293 6.156501658453049
144 3.741051381666013 5.478075908917982
145 3.741051381666013 5.893277355425751
146 3.7389458648480103 5.672230520095142
147 3.7389458648480103 5.634559090386831
148 3.7389458648480103 5.094844911113439
149 3.7389458648480103 5.233933118229092
150 3.7389458648480103 5.350802765479142
151 3.6605415213374988 5.775303971025237
152 3.6605415213374988 5.024892271184554
153 3.6605415213374988 5.180413028807033
154 3.6605415213374988 5.139989222929362
155 3.6605415213374988 4.806772138674141
156 3.6605415213374988 5.172727970193589
157 3.6605415213374988 4.986159642107154
158 3.516185829335074 5.291682322442691
159 3.4750687504399402 5.034938598685223
160 3.4750687504399402 4.948499652319188
161 3.4697004093595223 4.673583261503921
162 3.4697004093595223 4.993489984453326
163 3.4617423296996317 4.814832665821096
164 3.4617423296996317 4.717451140520824
165 3.4177599133926546 4.600811509187977
166 3.4177599133926546 4.9123949147146675
167 3.4177599133926546 5.128824878862401
168 3.4088413571776477 4.929281837560553
169 3.4088413571776477 4.882787173905562
170 3.372167679138253 4.815062857467081
171 3.372167679138253 5.037130713044548
172 3.372167679138253 4.723274717266986
173 3.3721516541244156 4.69961179538443
174 3.3721516541244156 4.679746063242728
175 3.3721516541244156 4.8903122984945675
176 3.3608688539019056 4.415167215955922
177 3.3608688539019056 4.553194525532157
178 3.3608688539019056 4.435154004240626
179 3.339322090349894 4.107056148651834
180 3.339322090349894 4.46009703846621
181 3.339322090349894 3.95452413220589
182 3.339322090349894 4.781737659341716
183 3.339322090349894 4.509562106053087
184 3.339322090349894 4.449864099827
185 3.339322090349894 4.381627777821828
186 3.334780749901699 4.09820135894484
187 3.331538380033298 3.72823500697955
188 3.331060411985677 3.8898375146572244
189 3.3212766176196076 4.001456388345233
190 3.3212766176196076 4.409572662584934
191 3.314580929995369 4.101324610793825
192 3.314580929995369 4.329952343248206
193 3.313178755284171 3.8868938669515245
194 3.313178755284171 4.011002760062347
195 3.313178755284171 4.108445220948644
196 3.313178755284171 4.297589918411093
197 3.313178755284171 4.240697382458673
198 3.313178755284171 4.42323901114529
199 3.313178755284171 3.996148675822357
200 3.3131019092035023 4.268453750345239
201 3.3131019092035023 4.165631143999611
202 3.3131019092035023 3.6227441577656783
203 3.300832431172924 3.651527043034983
204 3.300832431172924 3.5860742501933287
205 3.300832431172924 3.6921634642694183
206 3.300832431172924 3.810599487444332
207 3.300832431172924 3.7938681219074613
208 3.300448672254719 3.5679603201551835
209 3.2997607672722484 3.6833304068648034
210 3.2997607672722484 3.669865347585979
211 3.2997607672722484 4.3616913701886775
212 3.2995710845505197 4.023528106637714
213 3.2995710845505197 4.340275318781808
214 3.2852739162617803 3.955485426307579
215 3.234430688213158 3.7365132208899197
216 3.2124099610451107 3.6327080303481964
217 3.2094854212790738 4.3182510246077515
218 3.0843986527332885 3.561502890625799
219 3.0843986527332885 3.8303631226790196
220 3.0843906495492677 3.742224187013024
221 3.0843906495492677 3.6556630732433355
222 3.0833078668584357 3.690543626163919
223 3.0833078668584357 3.492686465013232
224 3.0833078668584357 3.3807782308374272
225 3.0833078668584357 4.1161378313355925
226 3.0833078668584357 3.810570775029173
227 3.0833078668584357 3.7698369748300227
228 3.0826163851600215 3.392362524336534
229 3.0722907036504603 3.5439214245017547
230 3.0709588371161325 3.5599668783178005
231 3.0709588371161325 3.425817366395265
232 3.0709588371161325 3.5306036377072156
233 3.0709588371161325 3.521500485529935
234 3.0675694468274037 3.9906883056499987
235 3.0675694468274037 3.4880129405399556
236 2.9477403537927507 3.3755832439078723
237 2.9477403537927507 3.634122933478777
238 2.9446298758890888 3.815697182441163
239 2.9446298758890888 3.4327058761247553
240 2.9446298758890888 3.6730938869875196
241 2.9446298758890888 3.4141712868720124
242 2.9446298758890888 3.4995123306736553
243 2.9446298758890888 3.5306606240783127
244 2.9446298758890888 3.3605286976841278
245 2.9446298758890888 3.2926807810358905
246 2.9446298758890888 3.2704027265770823
247 2.9446298758890888 3.2491622172729477
248 2.9424250720878335 3.2339787865584935
249 2.9424250720878335 3.31648043300503
250 2.9424250720878335 3.8376345035346655
251 2.9424250720878335 3.3960822739701837
252 2.9424250720878335 3.478625616226093
253 2.9424250720878335 3.84997025439454
254 2.9424250720878335 3.6761791397647214
255 2.9424250720878335 3.3850023821455215
256 2.9424250720878335 3.598714684427752
257 2.9424250720878335 3.5863553807289095
258 2.9424250720878335 3.2758987188208324
259 2.9424250720878335 3.6801245953769306
260 2.9424250720878335 3.527396692248227
261 2.9424250720878335 4.290445930474779
262 2.9424250720878335 3.45060189335548
263 2.9424250720878335 3.666809483104988
264 2.9424250720878335 3.538795405183474
265 2.9424250720878335 3.219790827292404
266 2.9424250720878335 3.498285614360613
267 2.9408303281061854 3.349349051674939
268 2.9408303281061854 3.7980142473882603
269 2.9408303281061854 3.290557847587657
270 2.9408303281061854 3.5021130134783807
271 2.9408303281061854 3.4000673320865364
272 2.9408303281061854 3.493723655239931
273 2.9408303281061854 3.1911552601323536
274 2.9408303281061854 3.4193996421354784
275 2.9408303281061854 3.1190503791075654
276 2.9408303281061854 3.6485563722318624
277 2.9408303281061854 3.54789810058775
278 2.9408303281061854 3.6045876767291305
279 2.9408303281061854 4.185365135023741
280 2.9407568080905766 3.751596081670878
281 2.9407568080905766 3.434352543496079
282 2.9407568080905766 3.459422822448735
283 2.9407568080905766 3.201119979578655
284 2.9407568080905766 3.091270534524766
285 2.9407568080905766 3.4973341017565684
286 2.9407568080905766 3.311131898238504
287 2.9407568080905766 3.650700047651626
288 2.9404691045217293 3.99233501474256
289 2.940321748946856 3.6337094091959714
290 2.940321748946856 3.3215126803072668
291 2.940321748946856 3.0464285421691044
292 2.940321748946856 3.0545894086164482
293 2.940321748946856 3.1891052623319536
294 2.940321748946856 3.4387180082018642
295 2.940321748946856 3.462905803665684
296 2.939590067301609 3.6638026498359055
297 2.939305237667208 3.799249229093074
298 2.939305237667208 4.009724210070073
299 2.939305237667208 3.6614756702749283
300 2.939305237667208 3.5427477601267925
301 2.939305237667208 3.358700601988714
302 2.939305237667208 3.392580415983712
303 2.939305237667208 3.6825214512111364
304 2.939305237667208 3.0852882361880543
305 2.939305237667208 3.086564286344606
306 2.939305237667208 3.503041379698897
307 2.939305237667208 3.388224427501508
308 2.939305237667208 3.959682120754721
309 2.939305237667208 4.083309435632021
310 2.939305237667208 3.47775542657469
311 2.939305237667208 3.722533747214007
312 2.939305237667208 3.437379606990374
313 2.939305237667208 3.6234607470811584
314 2.939305237667208 3.205591677904213
315 2.939305237667208 3.047724784986244
316 2.939305237667208 3.039745939238964
317 2.939305237667208 3.2524561865103125
318 2.938801729270607 3.0913634642715704
319 2.938801729270607 3.257966625511201
320 2.938801729270607 3.3522803544255986
321 2.938801729270607 3.5990425207781844
322 2.9381622283369913 3.574322712200568
323 2.9381622283369913 3.1665324296979547
324 2.9381622283369913 4.024218980517497
325 2.9381622283369913 3.3808446819482167
326 2.9381622283369913 3.7223061345007222
327 2.9381622283369913 3.931956198368005
328 2.9381622283369913 3.5557459056761878
329 2.9381622283369913 3.097412575060901
330 2.9381622283369913 3.6507944701729724
331 2.9381622283369913 3.8559620210632994
332 2.9381622283369913 3.3019154777951183
333 2.9381622283369913 3.0152222655343066
334 2.9381113663900464 3.3572089722367595
335 2.938085890198592 3.5725888201975198
336 2.938085890198592 3.2521509623171903
337 2.938085890198592 3.0471840158446266
338 2.938085890198592 3.3998757595618185
339 2.937751923790369 3.3781221384460363
340 2.937751923790369 4.049813565256356
341 2.937751923790369 3.7742029772059396
342 2.937615721954027 3.4800665005847407
343 2.937615721954027 3.045974455626048
344 2.937615721954027 3.3685175333373034
345 2.9371418929602835 4.239325973812987
346 2.9371418929602835 3.2782191824422156
347 2.7428281631457523 3.393093834574771
348 2.7390417297133154 3.5739161830842585
349 2.7390417297133154 3.385175785580441
350 2.73012648554004 3.798111158464222
351 2.7256290915113524 3.632462439818498
352 2.7256290915113524 3.6309496431873303
353 2.7256290915113524 3.1990371091457264
354 2.7256290915113524 3.295577321217038
355 2.7239405481287067 2.953377690319132
356 2.663497020375607 3.3660596313329063
357 2.6626644142249396 3.2934963260430656
358 2.659636908863732 3.100431857551897
359 2.659636908863732 3.368764872075742
360 2.659636908863732 3.069427867301793
361 2.6494991183222916 3.2451019879282046
362 2.6466387019988065 3.7087220215407113
363 2.6466387019988065 3.3861924208663066
364 2.6444344096619528 3.553235852359234
365 2.6444344096619528 3.8411603238583285
366 2.6444344096619528 3.319781176471845
367 2.6444344096619528 2.9893747198315004
368 2.4036119705962933 3.1954424083315804
369 2.4036119705962933 3.146486365480099
370 2.4036119705962933 3.192204137775876
371 2.4036119705962933 3.0035432124318437
372 2.4036119705962933 2.93591065894585
373 2.4036119705962933 3.5994083658566303
374 2.4036119705962933 3.49270479252432
375 2.396604062056987 3.476041407773646
376 2.3900982698379916 3.4977502890650793
377 2.3900982698379916 3.292104171672207
378 2.3857689039972665 3.0085624068538186
379 2.3857689039972665 3.5343479581177553
380 2.3857689039972665 3.2659039568887156
381 2.385483990107021 3.486945314354872
382 2.383696910336616 2.798140687344701
383 2.3834886308020846 2.766988995525707
384 2.383270578097408 2.91120661510642
385 2.3803581007124666 3.313118518416511
386 2.3803581007124666 2.999473500831162
387 2.3797552849524095 2.822791908941734
388 2.3797552849524095 3.019898947626466
389 2.3797552849524095 2.9554676721231603
390 2.379302696817251 2.7552703134408203
391 2.379302696817251 2.739547803074834
392 2.379302696817251 2.8103258973590615
393 2.379302696817251 2.9036418715406813
394 2.379302696817251 3.19792386000842
395 2.379302696817251 2.958181288487418
396 2.379302696817251 2.5579319474952937
397 2.379302696817251 3.0509178581931877
398 2.379302696817251 3.1374081946555656
399 2.379302696817251 2.5597571438847253
400 2.379302696817251 2.790816636010574
401 2.3791874221856273 2.792891352106616
402 2.379179294125088 2.779127967199258
403 2.379179294125088 2.7011382731999474
404 2.379179294125088 2.8778045965039354
405 2.379179294125088 2.8079466138066875
406 2.379179294125088 2.5212425033023296
407 2.379179294125088 2.7923553315256373
408 2.379179294125088 2.9684299483507983
409 2.379179294125088 2.5347913791846213
410 2.379179294125088 2.716353990930279
411 2.379179294125088 2.9239278360835392
412 2.379179294125088 2.4668794819801625
413 2.379179294125088 2.75681570527678
414 2.379179294125088 2.816435603798738
415 2.379179294125088 2.7081350455648594
416 2.379179294125088 2.675685482097663
417 2.379179294125088 2.6615251197627776
418 2.379179294125088 2.541744805504189
419 2.379179294125088 2.5125509654494302
420 2.3780460810290407 2.8271268659248436
421 2.3780460810290407 2.5038636456168497
422 2.3780460810290407 3.1109132254271885
423 2.3780460810290407 2.6849187194691613
424 2.3780460810290407 2.843790998269503
425 2.3780460810290407 2.927929494717269
426 2.3780460810290407 2.9438509124724517
427 2.3776123127368023 2.398294960448172
428 2.3776123127368023 2.6832617766521634
429 2.3776123127368023 2.6686014508050455
430 2.3776123127368023 2.505432539192989
431 2.3776123127368023 2.5279459365906614
432 2.3776123127368023 2.63279097887445
433 2.3776123127368023 2.622820701888106
434 2.3776123127368023 2.662404522024372
435 2.3776123127368023 3.393629753722713
436 2.3776123127368023 2.710726766628812
437 2.3776123127368023 2.954249250351747
438 2.3776123127368023 2.698217666944623
439 2.3776123127368023 3.1497588510291115
440 2.3776123127368023 2.9838241134776706
441 2.3776123127368023 2.5518888712012036
442 2.3776123127368023 2.9321679837267345
443 2.3776123127368023 3.2714493024933717
444 2.3776123127368023 3.506048585454964
445 2.3776123127368023 3.0848638701765
446 2.3776123127368023 2.976762828834846
447 2.3776123127368023 2.466685363989531
448 2.3776123127368023 2.790447160694751
449 2.3776123127368023 2.540944196545928
450 2.3776123127368023 2.67948538029015
451 2.3776123127368023 2.814566563090998
452 2.3776123127368023 2.881014620431581
453 2.3776123127368023 2.614799890739608
454 2.3776123127368023 2.6852787743912927
455 2.3776123127368023 3.081107071557499
456 2.3776123127368023 2.9636188601706626
457 2.3776123127368023 2.776831824471578
458 2.3776123127368023 3.1944089537273688
459 2.3776123127368023 3.501343162306451
460 2.3776123127368023 3.2712888647918543
461 2.3775622000897463 2.93579682885312
462 2.3775622000897463 2.390769326318208
463 2.3775622000897463 2.3910314693083445
464 2.3775622000897463 2.6524480975039206
465 2.3775622000897463 2.3893486080333752
466 2.377503828776844 2.654426864753353
467 2.377503828776844 2.8639539445533506
468 2.377503828776844 2.842781521270676
469 2.377503828776844 2.874082511932242
470 2.377217990882362 3.1933061342020936
471 2.377217990882362 3.041462325183978
472 2.377217990882362 3.5741639596497463
473 2.377217990882362 2.8018603686448893
474 2.377217990882362 2.6890940620717685
475 2.377217990882362 2.666482142660331
476 2.3771326444988903 2.9424690585892974
477 2.3771326444988903 2.544897464894896
478 2.3771326444988903 3.557806534264897
479 2.3771326444988903 2.628925423804307
480 2.3771326444988903 2.5138950475138744
481 2.3771326444988903 3.3835863186559987
482 2.3771326444988903 2.8355837217662465
483 2.3771326444988903 2.8712243734508416
484 2.3771326444988903 2.669204669569763
485 2.3771326444988903 3.412460025400468
486 2.3771326444988903 2.9483574591133443
487 2.3771326444988903 2.60757965344256
488 2.3771326444988903 2.450134833887803
489 2.3771326444988903 3.004204118484097
490 2.3746594186136787 2.9707634335548736
491 2.3746594186136787 2.657145933717211
492 2.3746594186136787 2.499509290387549
493 2.3746594186136787 2.506770551822569
494 2.367059834467733 2.4726908305177866
495 2.367059834467733 2.9142885258371867
496 2.367059834467733 3.0190754964275133
497 2.366677960753206 2.6543061983557728
498 2.3641349037272126 2.534794059626922
499 2.3640246206171165 3.171835332523469
500 2.3640246206171165 2.4943810521292042
501 2.359461902941049 2.438238193506666
502 2.359461902941049 2.821812343399257
503 2.359461902941049 2.9225365890955084
504 2.359461902941049 2.695962382280661
505 2.359461902941049 2.5229839046645126
506 2.3594588507108245 2.6384880208534365
507 2.3594588507108245 2.492301462918908
508 2.3594588507108245 2.556173303671041
509 2.3594588507108245 2.4357558892268996
510 2.3594588507108245 2.7035795220151058
511 2.3594588507108245 2.6536926308283086
512 2.3594588507108245 3.313883326891656
513 2.3573955936042044 2.5085304013480605
514 2.3573955936042044 2.9157652839404977
515 2.357147433015573 2.746670363126888
516 2.357147433015573 3.000760517488431
517 2.357147433015573 2.7532067830131655
518 2.357146701559615 3.1208045373821585
519 2.357146701559615 3.1873672308263377
520 2.3542022654436936 2.7024081066102768
521 2.3542022654436936 2.5285361175867083
522 2.3542022654436936 3.1888894233227405
523 2.3542022654436936 3.2066092306260066
524 2.3541987017183876 2.6466224672098857
525 2.348478750672564 3.205018909890661
526 2.348478750672564 2.7516223773411514
527 2.348478750672564 2.5058429841738685
528 2.348478750672564 2.393938257729269
529 2.348478750672564 2.3907455956474446
530 2.348478750672564 2.88742008835566
531 2.348478750672564 3.942418715767945
532 2.348478750672564 3.3854489586567964
533 2.348478750672564 2.868873643480192
534 2.348478750672564 2.5334636225688616
535 2.348478750672564 2.8305875962711142
536 2.348478750672564 3.087429549712327
537 2.348478750672564 3.2310582927006464
538 2.348340953856188 2.8008806787185603
539 2.348340953856188 2.502887319203434
540 2.348340953856188 2.6612298727306376
541 2.348340953856188 2.7577984967557883
542 2.348340953856188 2.718484099172373
543 2.348340953856188 2.6729854841300864
544 2.348340953856188 2.54552422590716
545 2.348340953856188 2.8146449130763576
546 2.348340953856188 2.6741986458924707
547 2.3471625196333057 2.539000544791005
548 2.3471625196333057 3.03934881052319
549 2.346460324413571 3.422111135259858
550 2.346460324413571 3.0790367262212226
551 2.346460324413571 2.8669569427387915
552 2.346460324413571 2.512945550728412
553 2.346460324413571 2.533319416628089
554 2.346460324413571 2.384578053054655
555 2.346460324413571 2.7481253078160095
556 2.346460324413571 2.633777476324381
557 2.346460324413571 2.9753171425965714
558 2.346460324413571 3.236810443784783
559 2.346460324413571 3.2471080858440895
560 2.346460324413571 2.9895074827432695
561 2.346460324413571 2.7652062445712557
562 2.346460324413571 3.3756457663615618
563 2.346460324413571 3.3451487764788403
564 2.346460324413571 3.0501202496015116
565 2.346460324413571 2.98104725094433
566 2.346460324413571 2.7135992641200914
567 2.346460324413571 2.844041534298151
568 2.346460324413571 2.5693563080984974
569 2.346460324413571 2.7326341021733964
570 2.346460324413571 3.03154982889743
571 2.346460324413571 2.719757410412452
572 2.346460324413571 3.1376545521246815
573 2.346460324413571 3.4219221978305914
574 2.346460324413571 3.2264010110691945
575 2.346460324413571 2.8413206609523987
576 2.346460324413571 2.937215932510913
577 2.346460324413571 2.825027805847084
578 2.346460324413571 2.4722863727417947
579 2.346460324413571 2.382731397513557
580 2.346460324413571 2.751066801331064
581 2.346460324413571 3.0895691840262556
582 2.346460324413571 3.2169453640952783
583 2.3464587287517555 2.6230007078250024
584 2.3464587287517555 2.9185718364939657
585 2.3464587287517555 3.168409886301742
586 2.3464587287517555 3.3497446554747876
587 2.3464587287517555 2.5704017201672684
588 2.3464587287517555 3.108037800995506
589 2.3464587287517555 2.6643998190423646
590 2.3464587287517555 2.5226969691430288
591 2.3464587287517555 2.4538184422924614
592 2.3464587287517555 2.65008453708435
593 2.3464587287517555 2.393598014582383
594 2.3464587287517555 2.6991564871752307
595 2.3464587287517555 2.3913911250900552
596 2.3457452187609884 2.3849456106484515
597 2.3457452187609884 2.379598312751888
598 2.3457452187609884 2.5053768369614606
599 2.3457452187609884 2.5599795794445184
600 2.3457452187609884 2.8221046424412157
601 2.3457452187609884 2.6347141262550933
602 2.345743622708396 3.0417382913019577
603 2.345743622708396 2.4730558748525397
604 2.345743622708396 2.443181160196127
605 2.345743622708396 2.7946644282177107
606 2.345743622708396 2.5679358680689166
607 2.345743622708396 2.835709778306757
608 2.345743622708396 3.0404959985866444
609 2.345743622708396 2.864966062518553
610 2.345743622708396 2.568381546811636
611 2.345743622708396 3.125923015259735
612 2.3457410907498093 2.6528751297816893
613 2.3457410907498093 2.659224839679214
614 2.3457410907498093 2.7930090392656495
615 2.3457410907498093 3.14113128703076
616 2.3457410907498093 2.906535310240563
617 2.3457410907498093 2.745284164390581
618 2.3457410907498093 2.9262695976658644
619 2.3457410907498093 2.900681726156209
620 2.345739494694964 2.9262748433614685
621 2.345739494694964 2.7930469926904298
622 2.345739494694964 2.814191208733348
623 2.345739494694964 2.871681043497921
624 2.345739494694964 2.5998874755716694
625 2.345739494694964 2.585831454756254
626 2.345739494694964 2.7022512144179363
627 2.345739494694964 2.7972121411092354
628 2.345739494694964 2.8092243840183873
629 2.345739494694964 2.4431086884054274
630 2.345739494694964 3.046846468863699
631 2.345739494694964 2.6961179579064374
632 2.3457374441251804 2.9364062008054215
633 2.3457374441251804 3.077980477385181
634 2.3457374441251804 2.8412350925637613
635 2.3457374441251804 2.3914635851299764
636 2.3457374441251804 2.8706532167541132
637 2.3457374441251804 2.666614318114071
638 2.3457374441251804 2.695901944974845
639 2.3457374441251804 2.4487933516365787
640 2.3457374441251804 2.5619937924915086
641 2.3457374441251804 3.1427651937186254
642 2.3457374441251804 2.7551203737372454
643 2.3457374441251804 2.434857948853932
644 2.3457374441251804 3.1308616878692423
645 2.3457374441251804 3.1589918176062275
646 2.3457374441251804 2.669577156703984
647 2.3457374441251804 2.9264691378881644
648 2.3457374441251804 2.5201125425271043
649 2.3457374441251804 3.17479853362649
650 2.3457374441251804 3.0443532149980657
651 2.3457374441251804 2.797005932670101
652 2.3457374441251804 2.7290686753436706
653 2.3457374441251804 2.839922023306558
654 2.3457374441251804 2.6047460819807755
655 2.3456269143887174 2.433854450783011
656 2.3456269143887174 2.9749539898363286
657 2.3456269143887174 2.880450955775816
658 2.3456269143887174 2.968968184052402
659 2.3456269143887174 2.528895748666285
660 2.3456269143887174 2.3723121652408397
661 2.345613448385433 2.3719714064400765
662 2.345613448385433 2.374133808620703
663 2.345613448385433 2.6672079400567
664 2.345613448385433 2.395663283309251
665 2.345613448385433 2.4070324449537166
666 2.345613448385433 2.5648996104495017
667 2.345613448385433 3.0922656162757445
668 2.345613448385433 2.555317773383415
669 2.345613448385433 2.603851828294151
670 2.345613448385433 2.9936218604643803
671 2.345613448385433 2.714636944934179
672 2.345613448385433 2.636945543434191
673 2.345613448385433 2.857223038376383
674 2.345613448385433 2.939067398510779
675 2.345612854373882 2.58617872077451
676 2.345612854373882 2.8385907233840233
677 2.345612854373882 2.3713158596539787
678 2.345612854373882 2.5205470038337605
679 2.345612854373882 2.378122212777743
680 2.345612854373882 2.7657189301645304
681 2.345612854373882 2.6005002282360095
682 2.345612854373882 2.6929250446712536
683 2.345612854373882 2.900155996318767
684 2.345612854373882 2.9298516490004456
685 2.345612854373882 2.598222334066707
686 2.345612854373882 2.5939856129881647
687 2.345612854373882 3.069842787441503
688 2.345612854373882 2.470299350905354
689 2.345612854373882 3.256305847559578
690 2.345612854373882 2.4364319846845635
691 2.345612854373882 2.393294499620006
692 2.345612854373882 2.3670405664220526
693 2.345612854373882 2.719505926256023
694 2.3456080531060994 3.175355748557431
695 2.3456080531060994 2.618629496740262
696 2.3456080531060994 2.66920302104196
697 2.3456080531060994 2.9818711286360196
698 2.3456080531060994 3.0686110043973134
699 2.3456080531060994 2.3698325900596484
700 2.3456080531060994 2.630775170707104
701 2.3456080531060994 2.3687132371078676
702 2.3456080531060994 2.638278506297452
703 2.3456080531060994 3.3990421077743895
704 2.3456080531060994 2.725747711823304
705 2.3456080531060994 2.499437702688056
706 2.3456080531060994 2.7143141779137197
707 2.3456080531060994 2.617013222507313
708 2.3456080531060994 2.6774292506858672
709 2.3456080531060994 2.4394676379360622
710 2.3456080531060994 3.208243778083653
711 2.3456080531060994 3.319242402467117
712 2.3456080531060994 3.3103025923841987
713 2.3456080531060994 3.3294531064289608
714 2.3456080531060994 3.480957414232845
715 2.3456080531060994 2.5192390844061476
716 2.34558628782913 2.88135272705428
717 2.34558628782913 2.7002149764480223
718 2.34558628782913 2.5170303547451325
719 2.34558628782913 2.648621877255714
720 2.34558628782913 2.7258956050984917
721 2.34558628782913 2.5515700902655856
722 2.34558628782913 2.708714281166942
723 2.345585693812055 3.261999050879573
724 2.3455721097320676 3.0641825941390244
725 2.345555324685303 3.1569964258205294
726 2.345555324685303 2.3571272386109228
727 2.345555324685303 2.356573083050444
728 2.345555324685303 2.913763246995195
729 2.345555324685303 2.425052481829399
730 2.345555324685303 2.485661149809318
731 2.345555324685303 2.4824461319770856
732 2.345555324685303 2.8498242088292214
733 2.3455508304424026 2.439612441993502
734 2.3455508304424026 3.167054625213987
735 2.3455508304424026 3.689877833853687
736 2.3455508304424026 2.599735470867377
737 2.3455508304424026 2.983390901517063
738 2.3455508304424026 2.7830140441203697
739 2.3455508304424026 3.6567466903636165
740 2.3455508304424026 2.6396121397413963
741 2.3455508304424026 2.581897025483085
742 2.3455508304424026 2.849164393660247
743 2.3455508304424026 3.114925878213353
744 2.3455508304424026 2.6201100709192433
745 2.3455508304424026 2.910501997600773
746 2.3455508304424026 2.704432481128929
747 2.3455508304424026 2.555098777739456
748 2.3431624506654023 2.5091760159673187
749 2.3352432747875858 2.7628118374198243
750 2.3352432747875858 2.9876637053686492
751 2.33007794968733 2.512114591038072
752 2.33007794968733 2.560694178756389
753 2.33007794968733 2.3714172966084575
754 2.33007794968733 2.36213636379317
755 2.329568850400253 2.5944757752237195
756 2.329568850400253 2.6138956729465392
757 2.3290323444309737 3.181913953548613
758 2.3277973167486317 3.2335880113767637
759 2.3277964920223226 2.8380153469943012
760 2.3277964920223226 2.962573361301882
761 2.3264942504866184 2.649363687056277
762 2.3263582991032528 2.528135319832119
763 2.3263582991032528 2.378262327975088
764 2.3263582991032528 2.421481290010319
765 2.3263582991032528 2.9089897031429177
766 2.3263582991032528 2.9650283058050326
767 2.3263582991032528 2.619481672886262
768 2.3263582991032528 2.9152907312393457
769 2.326357480104881 2.7310833606705067
770 2.3263368212087463 2.650517872524137
771 2.3263368212087463 2.3496140089503
772 2.3263368212087463 2.7922420802679473
773 2.3263362187666035 2.713699936583706
774 2.3263362187666035 2.5611264305067363
775 2.3263362187666035 3.049470998006494
776 2.3263362187666035 2.508437139935323
777 2.3263362187666035 2.616055873792498
778 2.3263362187666035 2.34819514531881
779 2.3263362187666035 2.4799658248677576
780 2.3263362187666035 2.4908456696802346
781 2.3263356208361996 2.3469765015168416
782 2.3263356208361996 2.4693217956751985
783 2.3263356208361996 2.3496589593168937
784 2.3263356208361996 2.4666557274009775
785 2.3263356208361996 2.3469305308914046
786 2.3263356208361996 2.6229978549327004
787 2.3263356208361996 2.8755771863422246
788 2.3263356208361996 2.425296113382567
789 2.3263356208361996 2.347772814174068
790 2.3263356208361996 3.1248176581654583
791 2.3263356208361996 2.6136868809953677
792 2.3263356208361996 2.3432040041872426
793 2.3263356208361996 2.342657855312592
794 2.3263356208361996 2.4566445228346567
795 2.3263356208361996 2.7050760718718667
796 2.3263356208361996 3.1006106646824736
797 2.3263356208361996 2.835624996480254
798 2.3263356208361996 2.6103788460746893
799 2.3263356208361996 2.3397791423151015
800 2.3263356208361996 2.5999887207108054
801 2.3263356208361996 2.3400391992319367
802 2.3263356208361996 2.701647938858696
803 2.3263356208361996 2.6392207241275645
804 2.3263356208361996 2.8502340979042606
805 2.3263356208361996 2.5898181068645654
806 2.3263356208361996 2.4419756455967563
807 2.3263356208361996 2.6709467346641698
808 2.3263356208361996 2.627144040538856
809 2.3263356208361996 2.7138243192436438
810 2.3263356208361996 2.5535440981162396
811 2.3263356208361996 2.3448885296157567
812 2.3263356208361996 2.6636582103076507
813 2.3263356208361996 2.6504921322630928
814 2.3263356208361996 2.4972028544020457
815 2.3263356208361996 2.634510551072239
816 2.3263356208361996 2.8848214501414424
817 2.3263356208361996 2.572100404431106
818 2.3263356208361996 2.339067202425809
819 2.3263356208361996 2.3371258541876814
820 2.3263356208361996 2.4716831301426416
821 2.3263356208361996 2.6366864524078735
822 2.3263356208361996 2.431266550275632
823 2.3263356208361996 2.724069687347196
824 2.3263356208361996 2.8837026319259915
825 2.3263356208361996 2.6038285159391954
826 2.3263356208361996 2.6988473198173177
827 2.3263356208361996 2.8009983517151045
828 2.3263356208361996 2.3345041859111864
829 2.3263356208361996 2.492541766268099
830 2.3263356208361996 2.33409703178649
831 2.3263356208361996 2.33447968239082
832 2.3263356208361996 2.3351078351889645
833 2.3263356208361996 3.288148483118328
834 2.3263356208361996 3.632564362672609
835 2.32621825399897 3.055829721124717
836 2.32621825399897 3.194270880453634
837 2.32621825399897 3.202905805785385
838 2.32621825399897 3.9419715822643893
839 2.32621825399897 2.9082880582940747
840 2.32621825399897 2.4793557267496675
841 2.32621825399897 2.661964793683846
842 2.32621825399897 2.689715297784496
843 2.32621825399897 3.1925491944113906
844 2.32621825399897 3.3210801478268426
845 2.32621664727978 3.468726617356711
846 2.32621664727978 2.875379967050395
847 2.32621664727978 3.033487328701347
848 2.32621664727978 2.918932789996666
849 2.32621664727978 3.55715461335604
850 2.32621664727978 2.5782099661753257
851 2.32621664727978 2.9356250355285165
852 2.32621664727978 2.9619689287091164
853 2.32621664727978 2.499013114495234
854 2.32621664727978 2.392611585164917
855 2.326206809268051 2.3546024453246805
856 2.326206809268051 3.344967611267371
857 2.326206809268051 2.5229818077750576
858 2.326206809268051 2.4851574456797945
859 2.326206809268051 2.998000956930746
860 2.326206809268051 3.0507840066327914
861 2.326206809268051 2.587479379583454
862 2.326206809268051 2.429613668690979
863 2.326206809268051 2.6583120207266635
864 2.326206809268051 3.315629567454459
865 2.326206809268051 3.255831844379278
866 2.326206809268051 2.874916719467287
867 2.326206809268051 3.098017462282968
868 2.326206809268051 3.264779667486934
869 2.326206809268051 3.2132170867661394
870 2.326206809268051 2.6398217965699837
871 2.326206809268051 3.012705028270034
872 2.326206809268051 3.233503124810059
873 2.326206809268051 2.749602918735294
874 2.326206809268051 2.770689905211327
875 2.326206809268051 2.6557650696822224
876 2.326206809268051 2.583775615877641
877 2.326206809268051 2.4888754354686564
878 2.326206809268051 2.7058829308123733
879 2.326206809268051 2.511782106418422
880 2.326206809268051 2.443860691497187
881 2.326206809268051 2.81004706952866
882 2.326206809268051 2.3682254118916557
883 2.326206809268051 3.2878444156239097
884 2.326206809268051 2.5441210687890448
885 2.326206809268051 2.4488458123276935
886 2.326206809268051 2.997253505928321
887 2.326206809268051 2.665712220939633
888 2.3248668643875976 2.688888628173199
889 2.3248668643875976 2.4776884465397853
890 2.3248532101413364 2.408415019261692
891 2.3248532101413364 2.5609977468239062
892 2.3248532101413364 3.065471033127313
893 2.3248532101413364 3.013555461390023
894 2.3248532101413364 2.8117266951682733
895 2.3248532101413364 2.6670124585916826
896 2.3248532101413364 2.717402633188062
897 2.3248532101413364 2.5820095602098716
898 2.3248532101413364 2.726927096186734
899 2.324852611909292 2.734011391487865
900 2.321863507595887 2.5733284380653085
901 2.321863507595887 2.6069238425840844
902 2.321863507595887 2.7306246131620573
903 2.321863507595887 2.4288864598060114
904 2.321863507595887 3.3983514501993866
905 2.321863507595887 2.9391568150161014
906 2.321863507595887 3.0664006707188536
907 2.321863507595887 2.7840541039724824
908 2.321863507595887 2.8961347409651506
909 2.321863507595887 2.363699450417604
910 2.3218629087557665 2.998907246968855
911 2.3218629087557665 2.6274145535556612
912 2.321858597457284 2.822884990438833
913 2.321858597457284 2.6044535147410546
914 2.321858597457284 2.8277937448704704
915 2.321858597457284 2.609537045616696
916 2.321858597457284 2.4133872740711473
917 2.321858597457284 2.7788723123998893
918 2.321858597457284 2.821618712403616
919 2.321858597457284 2.929583395056396
920 2.321858597457284 2.7154801033056737
921 2.321858597457284 2.634464819274213
922 2.321858597457284 2.3408301927839275
923 2.321858597457284 3.0145551485458744
924 2.321858597457284 2.9049438119551705
925 2.321858597457284 2.423534674914253
926 2.321858597457284 2.366875950429395
927 2.321858597457284 2.344181078310918
928 2.321858597457284 2.333763822420563
929 2.321858597457284 2.87695590495386
930 2.321858597457284 2.591292052042048
931 2.321858597457284 2.7650073857465376
932 2.321858597457284 3.0874681044110575
933 2.321858597457284 2.5764440020654047
934 2.321858597457284 2.496099689485693
935 2.321858597457284 3.1214575786985246
936 2.321858597457284 2.7742136771619115
937 2.321858597457284 3.9018486539224595
938 2.321858597457284 2.925603581546062
939 0.07581689729860353 3.5102180380171797
940 0.07152683762529755 2.828414449931016
941 0.07152683762529755 1.4988807185972144
942 0.07147406283135416 0.3670349760489435
943 0.07147406283135416 0.4035397829804105
944 0.07147406283135416 0.320742869883906
945 0.07147406283135416 0.27198958048906496
946 0.07147406283135416 1.1982010628960342
947 0.07147406283135416 0.25135119435419473
948 0.07147406283135416 0.4529897773624237
949 0.07136505049941766 1.0722695993572855
950 0.07117785083440031 0.19933166471545544
951 0.07117785083440031 0.07448237470358503
952 0.07117785083440031 0.28986424088722484
953 0.07110665164038288 0.1519307419639633
954 0.07110665164038288 0.9069724528659665
955 0.07110665164038288 0.07384634315586855
956 0.07110665164038288 0.8878858452902696
957 0.07110665164038288 0.8384986418582667
958 0.07110665164038288 0.7586166138064069
959 0.07110665164038288 0.5694884227799831
960 0.07110665164038288 0.2052420147745344
961 0.07110665164038288 0.9706869915682859
962 0.07110665164038288 0.42612311139583037
963 0.07110665164038288 0.2536010614493285
964 0.07110665164038288 0.265401954362491
965 0.07110665164038288 0.655391740160948
966 0.07110665164038288 0.15302995544505144
967 0.07110665164038288 0.5148184417813901
968 0.07110665164038288 0.19517292814719564
969 0.07110665164038288 0.4273219272097765
970 0.07110665164038288 0.07319738676274033
971 0.07110665164038288 0.42472472683576784
972 0.07110665164038288 0.38176531485794046
973 0.07110665164038288 0.37241999530221953
974 0.07110665164038288 0.07257025861119758
975 0.07110665164038288 0.0723753174342615
976 0.07109006786340721 0.442372730428344
977 0.07109006786340721 0.07211568951916948
978 0.07109006786340721 0.07194636742745747
979 0.07109006786340721 0.2077102783344909
980 0.07109006786340721 0.5490302569422315
981 0.07109006786340721 0.3860866416221592
982 0.07109006786340721 0.3785306199198085
983 0.07109006786340721 0.07166330574565377
984 0.07109006786340721 0.23953331071539083
985 0.0710587219015526 0.545650523367015
986 0.0710587219015526 0.07186950273730174
987 0.0710587219015526 0.07189537966349736
988 0.0710587219015526 0.6600718310320599
989 0.0710587219015526 0.5939457117615968
990 0.0710587219015526 0.0717569931263727
991 0.0710587219015526 0.4048302909059228
992 0.0710587219015526 0.5446890841420338
993 0.0710587219015526 0.2205490407267327
994 0.0710587219015526 0.5362365095771797
995 0.0710587219015526 0.07171888839523105
996 0.0710587219015526 0.07172516689095365
997 0.0710587219015526 0.5330346070226113
998 0.0710587219015526 0.24278462687241412
999 0.0710587219015526 0.6762689760145125
