# iteración mejor promedio
0 17.606678141485318 20.922903132044766
1 17.418605148328957 20.87827040511295
2 17.418605148328957 20.816973703653634
3 17.418605148328957 20.78770047345038
4 17.418605148328957 20.77054076418922
5 17.418605148328957 20.804023011318648
6 17.370935560361907 20.751457196441965
7 17.370935560361907 20.760506809564742
8 17.370935560361907 20.704407680594002
9 17.370935560361907 20.643613407136872
10 17.31052328642231 20.682015318387794
11 16.221588923872144 20.619594814126444
12 16.221588923872144 20.665299427463747
13 16.221588923872144 20.72880974978907
14 16.221588923872144 20.75097079503415
15 16.221588923872144 20.683150651861997
16 16.221588923872144 20.651782608264558
17 16.221588923872144 20.722729400299603
18 16.221588923872144 20.654189661672262
19 16.221588923872144 20.7094039356653
20 16.221588923872144 20.67350936105312
21 16.221588923872144 20.697161925164433
22 16.221588923872144 20.70002382716775
23 16.221588923872144 20.66904373451402
24 16.221588923872144 20.657975350915223
25 16.221588923872144 20.57299188193724
26 16.221588923872144 20.55841135843185
27 16.221588923872144 20.5889163804205
28 16.221588923872144 20.510508216499403
29 16.221588923872144 20.517322637474653
30 16.221588923872144 20.465394601318405
31 16.221588923872144 20.454139004078378
32 16.221588923872144 20.5006517109476
33 16.221588923872144 20.443929560033663
34 16.221588923872144 20.423101993640163
35 16.221588923872144 20.417469665099922
36 16.221588923872144 20.40027142929387
37 14.471861525343845 20.330199380873488
38 14.471861525343845 20.331070654647206
39 14.471861525343845 20.372049167050548
40 14.471861525343845 20.29135971107574
41 14.433023112647353 20.30386134256466
42 14.365281930278174 20.255527491040542
43 14.365281930278174 20.162006312205296
44 14.365281930278174 20.31075608971815
45 14.365281930278174 20.233340249853374
46 14.365281930278174 20.269997287818526
47 14.365281930278174 20.18744202371551
48 14.365281930278174 20.103010647235525
49 14.365281930278174 20.01572114453291
50 14.365281930278174 20.057067753413268
51 13.271329526097606 19.854625903491634
52 13.271329526097606 19.782228245677878
53 13.271329526097606 19.77171186955676
54 13.271329526097606 19.73777007033201
55 13.271273068480516 19.738822265642487
56 12.237968687119865 19.653164664114733
57 12.237968687119865 19.71879449481125
58 12.237968687119865 19.65319598139876
59 11.579731773555494 19.398282674939306
60 11.579731773555494 19.595747247220213
61 11.579731773555494 19.418587607773805
62 11.579731773555494 19.30119030888034
63 11.579731773555494 19.2033387689013
64 11.201746425765412 19.089411393558976
65 10.514712584636113 18.978257456974106
66 10.514712584636113 18.813211472899567
67 10.514712584636113 18.590282141291823
68 10.514712584636113 18.459029589360718
69 10.514712584636113 18.586927900097688
70 10.514712584636113 18.37823573541881
71 10.514712584636113 18.349802878398037
72 8.836868861387366 18.13253999733001
73 8.836868861387366 18.22950434997423
74 8.836868861387366 18.03800948621024
75 8.836868861387366 18.065271821780517
76 8.533941632600072 17.988693352868
77 8.533941632600072 18.067548346725587
78 8.533941632600072 17.84052448860993
79 8.533941632600072 17.573428802184836
80 8.533941632600072 17.68528383864939
81 8.533941632600072 17.553674887594376
82 8.533941632600072 17.246988207740696
83 8.533941632600072 16.802651249131294
84 8.533941632600072 16.58280870342725
85 8.533941632600072 16.395248665720224
86 8.533941632600072 16.237957888504937
87 8.315866844488262 15.840028980555447
88 8.315866844488262 16.031233167731795
89 8.315866844488262 15.6372471650102
90 8.315866844488262 15.055460125900833
91 8.315866844488262 14.933293428431195
92 7.961282352251513 14.532188569228426
93 7.388382578999922 14.328478583760557
94 7.194071084863659 14.107096988052065
95 7.194071084863659 13.754789678860329
96 7.194071084863659 13.594133768099368
97 7.194071084863659 13.305439439986081
98 6.815412144331776 12.79419443502895
99 6.803112258607588 12.29723873397383
100 5.7371380062877675 11.870593590782015
101 5.7371380062877675 11.759408826400177
102 5.7371380062877675 11.588263892737853
103 5.7371380062877675 11.252380972291315
104 5.724820034293985 10.99293318148068
105 5.669711160742267 10.74161755724479
106 5.669711160742267 10.83718354283627
107 5.669711160742267 10.24120947781206
108 5.396695550568989 10.072761039524545
109 5.124760030266826 10.453734473846412
110 5.124760030266826 10.423567264063553
111 5.124760030266826 9.79719038510008
112 5.031186063188205 9.431753686716666
113 5.031186063188205 9.648356245627715
114 5.031186063188205 9.71888181158972
115 5.031186063188205 9.187051310011476
116 5.031186063188205 8.628681203250704
117 5.031186063188205 7.987017908169264
118 5.031186063188205 8.07551905190581
119 4.759544200830284 7.752549285152651
120 4.759544200830284 7.4408215147288495
121 4.759544200830284 7.30679918043914
122 4.759544200830284 7.345585740947691
123 4.758036299471715 7.493540899734304
124 4.758036299471715 7.799219448226065
125 4.758036299471715 7.038484575788102
126 4.711423148723021 6.880021523223211
127 4.711423148723021 7.339148262234875
128 4.537865394805546 6.731776812959594
129 4.452949677270991 6.943940184343163
130 4.452949677270991 6.851099171157913
131 4.402289386602801 6.15310172462878
132 4.348054933691858 6.332446019615251
133 4.348054933691858 6.368232342071957
134 4.348054933691858 6.204684628945975
135 4.348054933691858 5.8469053814826815
136 4.348054933691858 6.238580087017632
137 4.348054933691858 6.23018458966641
138 4.348054933691858 5.863792379596174
139 4.348054933691858 6.136356991961083
140 4.348054933691858 6.467552976840781
141 4.348054933691858 6.221056913372995
142 4.348054933691858 6.344715650138933
143 4.324552261960895 6.838229336989894
144 4.324552261960895 6.251042235374618
145 4.324552261960895 6.833192606853731
146 4.278184846216925 6.578969226745009
147 4.278184846216925 6.172604764337313
148 4.278184846216925 5.772045534827859
149 4.278184846216925 5.533964978857628
150 4.278184846216925 6.178056734149699
151 4.278184846216925 6.598556043500116
152 4.278184846216925 6.168950553105666
153 4.278184846216925 5.900384323321356
154 4.278184846216925 5.988039992073003
155 4.278184846216925 5.967147245564063
156 4.278184846216925 5.849150090013005
157 4.278184846216925 5.706703226697898
158 4.235910475693267 5.925243497652479
159 4.235910475693267 5.77846164739414
160 4.2137566686726515 5.405673328428678
161 4.2137566686726515 5.647756067695781
162 4.206346765742877 5.2842796631964974
163 4.201233186835896 5.626149571952958
164 4.201233186835896 5.115069295974127
165 4.201233186835896 5.238831863812589
166 4.201233186835896 5.431801307246847
167 4.039804834015561 5.447647575859623
168 4.039804834015561 5.471597054729466
169 3.9065322430966707 5.555137579033855
170 3.898687590278654 5.091383443784839
171 3.7966356868694886 5.17257151392422
172 3.7966356868694886 4.754731601635231
173 3.4992217832384505 4.925028937381134
174 3.191218769012565 5.1520079173184765
175 3.191218769012565 4.863020037560224
176 3.191218769012565 5.329222910818748
177 3.191218769012565 4.967506738878235
178 3.191218769012565 4.7107838378169795
179 3.191218769012565 5.239818935925771
180 2.9232061655389865 4.727078086284337
181 2.9232061655389865 5.0928723007379695
182 2.9232061655389865 4.917796786987702
183 2.9216243964791766 4.61917023318887
184 2.9216243964791766 5.442936912645138
185 2.9216243964791766 4.787383344647585
186 2.9216243964791766 4.714570944401159
187 2.9216243964791766 4.3645684730667735
188 2.9111644983492706 4.451707844256037
189 2.9065646973439883 4.674772778958158
190 2.9044775390167468 4.432133410140165
191 2.7252046225349202 4.551989047046517
192 2.7237787089338314 4.524049880590516
193 2.7234967033794892 4.9119517947025315
194 2.696005283025149 4.354013033571599
195 2.645260808497317 4.001193455153111
196 2.635630868985652 3.6773010288205836
197 2.635630868985652 3.5430909343543324
198 2.625944288531033 4.856330188736341
199 2.6202573325007505 4.019623739095913
200 2.6202573325007505 3.9315282408185555
201 2.6202573325007505 3.756630058516902
202 2.6193641302127415 3.6465417098329986
203 2.613746026628894 3.499476002647412
204 2.613746026628894 4.020898764781714
205 2.613746026628894 3.5227399875648393
206 2.613746026628894 3.377773071209144
207 2.613746026628894 3.2097141138778893
208 2.613746026628894 3.295452809284624
209 2.613746026628894 3.037509692305916
210 2.613746026628894 3.3857270326821323
211 2.6088225555640805 3.2264425085385637
212 2.6088225555640805 2.9776134601790902
213 2.6060242594818157 3.047334595287127
214 2.600919477208075 3.0076280885245894
215 2.600919477208075 3.5939368507744884
216 2.580587619592852 3.4497745586055775
217 2.580587619592852 3.181119257878992
218 2.532535169416849 2.966327578308788
219 2.5275315542324446 2.945858663472757
220 2.5275315542324446 3.106544842337708
221 2.5275315542324446 3.0143833662720203
222 2.5275315542324446 2.8405997979661906
223 2.5275315542324446 3.0627206019932656
224 2.52162139097315 3.225223583902067
225 2.52162139097315 2.778604466209896
226 2.52162139097315 2.7436245132471964
227 2.52162139097315 2.742119822747975
228 2.52162139097315 2.8227274855116438
229 2.52162139097315 2.701566358202131
230 2.52162139097315 3.014071170931594
231 2.52162139097315 3.253551608770959
232 2.51993679809792 3.1984351969100273
233 2.51993679809792 2.9275948710426962
234 2.51918654937316 2.6994407729076357
235 2.51918654937316 3.237811331977254
236 2.51918654937316 3.366239137845533
237 2.51918654937316 3.171965598667397
238 2.519178346266271 2.8336465850521386
239 2.519178346266271 2.772528739135784
240 2.519178346266271 2.9225311198290314
241 2.5191745024803267 3.185007033331814
242 2.5191694407485907 2.9872205636463116
243 2.5191694407485907 3.185940784114495
244 2.469195095332715 2.6989795100111547
245 2.469195095332715 2.9890250338468336
246 2.469195095332715 2.773128808885574
247 2.469195095332715 2.9697003245670324
248 2.469195095332715 3.043239859141352
249 2.4593968816721707 2.6251776350537663
250 2.4593968816721707 2.7091783827470874
251 2.4593968816721707 2.664039832906157
252 2.4593968816721707 2.627749712711686
253 2.3810951695079297 3.3523128165437703
254 2.3810951695079297 3.005182067688892
255 2.3810951695079297 2.691038328228103
256 2.360160088304383 2.7454184862850273
257 2.3592909571746725 3.012951455708057
258 2.3592909571746725 3.1930034425293092
259 2.3592909571746725 3.304218220736191
260 2.3592909571746725 2.7421478994116173
261 2.3592909571746725 2.749963658547232
262 2.3592909571746725 2.621033106112682
263 2.357787672895954 2.713604665134357
264 2.357787672895954 3.0278751992917647
265 2.357787672895954 2.8651496128084064
266 2.357787672895954 2.722309627810772
267 2.357787672895954 2.5864651541950394
268 2.357787672895954 2.596120669830884
269 2.3577073866195204 2.5914483137691207
270 2.3577073866195204 2.5906037229763865
271 2.3577073866195204 3.4877922829389
272 2.3577073866195204 3.1346614549633545
273 2.3566181037331146 2.787926241034725
274 2.3566181037331146 2.739869274144057
275 2.3566181037331146 3.0816125213743613
276 2.3566181037331146 3.0784089040865843
277 2.3566181037331146 2.8273974186133564
278 2.3566181037331146 2.9403185043647113
279 2.3566181037331146 3.3778837061195643
280 2.3566181037331146 3.494415551701215
281 2.3566181037331146 3.4632930423754904
282 2.3566181037331146 3.2215901165823486
283 2.3566181037331146 3.2290168338981897
284 2.3566181037331146 2.7600450534392924
285 2.3566181037331146 3.5115431254040197
286 2.3566181037331146 3.1602242961113802
287 2.3566181037331146 2.882218897429658
288 2.3566181037331146 3.019505314397453
289 2.3566181037331146 3.564064337615436
290 2.3566181037331146 2.702151415879215
291 2.3566181037331146 3.3393828164681802
292 2.3566181037331146 2.929821856400324
293 2.3524544870904247 2.701998235702697
294 2.3524544870904247 2.9944167329580313
295 2.3518102893383235 3.295366314142971
296 2.3518102893383235 3.13949060851097
297 2.3518102893383235 3.0192914287408232
298 2.3518102893383235 3.0008044794036035
299 2.3518102893383235 3.1319299469925794
300 2.3518102893383235 3.2673741562525005
301 2.3516200657985764 3.029350400118517
302 2.3516200657985764 2.566412963534665
303 2.3516200657985764 4.130400467157671
304 2.3516065414783154 2.9193964602708973
305 2.3036099377275225 2.6799710439744002
306 2.3036099377275225 2.7041497674185693
307 2.3036099377275225 2.675001051100657
308 2.3036099377275225 2.7325650166471327
309 2.3036099377275225 2.7324587453414306
310 2.3036099377275225 2.678110055328868
311 2.3036099377275225 3.6225023192757186
312 2.3036099377275225 3.20669666467179
313 2.301790305987896 2.754955597167496
314 2.301790305987896 2.9221078420115214
315 2.209112677320282 2.824930480676901
316 2.209112677320282 2.5254838591947015
317 2.209112677320282 2.685726809803263
318 2.2090260007707174 2.8232684534067642
319 2.2090260007707174 2.803148503840033
320 2.2090260007707174 2.7389914868849967
321 2.2090260007707174 3.004048342505921
322 2.2090260007707174 3.101082911701206
323 2.2061672249622766 2.744066934774495
324 2.196450864691248 3.081755643518189
325 2.196450864691248 3.608642593798872
326 2.196450864691248 3.803638565903102
327 2.196450864691248 3.155813830133781
328 2.196012132309689 3.123375807273949
329 2.194221376679995 2.6721275411120735
330 2.194221376679995 2.7455540860188097
331 2.194221376679995 2.6605804293254662
332 2.191134049854361 3.4719555304775316
333 2.1906858069358512 2.7520505453502433
334 2.1906858069358512 2.629875488992811
335 2.1906858069358512 2.5740111036102706
336 2.1906858069358512 3.1339679284086643
337 2.1906858069358512 2.5940404809288253
338 2.1906008943364634 2.6199854042159303
339 2.1906008943364634 2.4553633174734744
340 2.1897558224959335 2.7501692333852743
341 2.183331728394995 2.4490659207344283
342 2.183331728394995 2.747559581997141
343 2.183331728394995 2.893619636370195
344 2.183331728394995 2.9308632077317407
345 2.183331728394995 2.609436109012455
346 2.1832448327503866 2.495309224518444
347 2.1832448327503866 3.5330856786866236
348 2.181126668369181 2.5669462966311984
349 2.181126668369181 2.536039919347549
350 2.181126668369181 2.429536142552719
351 2.181126668369181 3.146538499010181
352 2.181126668369181 2.50735523809853
353 2.181126668369181 2.71450536193054
354 2.181126668369181 2.9564026708891924
355 2.181126668369181 2.6611160583200597
356 2.181126668369181 2.3214563376866453
357 2.181126668369181 2.714328827620867
358 2.1802793777028517 2.9164494373379637
359 2.1802793777028517 2.5032921672010047
360 2.1802793777028517 2.696722268717622
361 2.1802793777028517 2.2753862845746156
362 2.1802793777028517 2.648561948422922
363 2.1802793777028517 2.781530443062346
364 2.1802793777028517 2.5893417255141276
365 2.1802793777028517 2.76017796157369
366 2.1802793777028517 2.4852571005357915
367 2.1802793777028517 2.9743129268458572
368 2.1802793777028517 2.383294695537749
369 2.1802793777028517 2.892607338610016
370 2.180192427780294 2.649967654798175
371 2.180192427780294 2.4250550682523437
372 2.180192427780294 2.4186705292349844
373 2.180114617680003 2.250032179844512
374 2.180114617680003 2.8293596373853744
375 2.180114617680003 2.430981394451664
376 2.179835490759333 2.6545797241291047
377 2.179256180525393 2.3245810261369626
378 2.179256180525393 2.662541841108005
379 2.179256180525393 2.6416972324893533
380 2.179256180525393 3.2906604201935674
381 2.179256180525393 2.2312495318292145
382 2.179256180525393 2.2223396199389978
383 2.179256180525393 2.975709840327945
384 2.179256180525393 2.363613318515047
385 2.179256180525393 2.641181979170694
386 2.179256180525393 2.7043443065645665
387 2.179256180525393 2.81071477862108
388 2.179256180525393 2.5389193076679044
389 2.179256180525393 2.696514769932278
390 2.179256180525393 2.7434881276431224
391 2.179256180525393 3.354576679349401
392 2.179256180525393 2.442042397738246
393 2.179256180525393 3.1145412187989963
394 2.179256180525393 2.7537887272222075
395 2.179256180525393 3.054842560981566
396 2.179256180525393 2.310808970819121
397 2.179256180525393 2.624814694140539
398 2.179256180525393 2.661186254131674
399 2.179256180525393 3.5288268411573984
400 2.179256180525393 2.843009244091681
401 2.179256180525393 2.504734908067959
402 2.179256180525393 2.7667745005655773
403 2.179256180525393 3.153233801656595
404 2.179256180525393 2.8458267006527804
405 2.179256180525393 3.248864187179117
406 2.179256180525393 2.733886232011196
407 2.179256180525393 2.32573141285942
408 2.179256180525393 2.427231063811274
409 2.179256180525393 2.842377040102394
410 2.179256180525393 3.3122632120899542
411 2.179256180525393 3.001146369605471
412 2.179256180525393 2.891138822600753
413 2.179256180525393 2.6800065915020257
414 2.179256180525393 2.9512542065772926
415 2.179256180525393 2.391801959551505
416 2.179256180525393 3.511241612697528
417 2.179256180525393 2.63869275469524
418 2.179256180525393 2.36104955044148
419 2.179256180525393 2.7496645995015006
420 2.179256180525393 2.6954982533972727
421 2.179256180525393 2.3465524235037756
422 2.179256180525393 2.2549856758403157
423 2.179256180525393 2.4122763744974214
424 2.179256180525393 2.73487474429644
425 2.179256180525393 2.4340802919304956
426 2.179256180525393 2.3810104759238544
427 2.179256180525393 2.945324721205422
428 2.179256180525393 2.98684250390312
429 2.179256180525393 2.4770017304192895
430 2.179256180525393 3.422116457961819
431 2.179256180525393 2.7535797316449515
432 2.179256180525393 2.8305021371701384
433 2.179256180525393 2.6921329727448136
434 2.179256180525393 3.022587864197976
435 2.179256180525393 2.532582390141394
436 2.179256180525393 2.5259391384040915
437 2.179256180525393 2.2841207207105056
438 2.179256180525393 2.851406264857352
439 2.179256180525393 2.3142453047083125
440 2.179256180525393 2.634784842563706
441 2.179256180525393 2.658369196829343
442 2.179256180525393 2.5169233737017205
443 2.179256180525393 3.0517415679262676
444 2.179256180525393 2.548808663605024
445 2.179256180525393 2.986314490552152
446 2.1789617750091734 2.51224673722503
447 2.1789617750091734 2.2660327958943696
448 2.1788747684412564 2.739735061028731
449 2.1788747684412564 2.5526610741847433
450 2.1785808877739394 2.539254983822097
451 2.1785808877739394 2.4793575280966227
452 2.1785808877739394 2.4576816590629225
453 2.1785808877739394 2.452520123378465
454 2.1785808877739394 2.5886219014955896
455 2.1785808877739394 3.095162823830766
456 2.178353820966996 2.907808182185227
457 2.178353820966996 2.2027053667390106
458 2.178353820966996 2.700185302036015
459 2.17791564956214 2.1865649969463514
460 2.17791564956214 2.9330177343375863
461 2.1771774065575538 2.262421701526873
462 2.1771774065575538 2.2999602743085568
463 2.1771150582228134 2.9518909139640552
464 2.1771150582228134 2.854389225863067
465 2.1771150582228134 2.707157184991388
466 2.176724929165685 2.9727858990813836
467 2.176724929165685 2.623846267186747
468 2.176724929165685 2.4735093751519175
469 2.176724929165685 2.8220336025288866
470 2.176676915400761 2.5804083201779906
471 2.176676915400761 2.184675735893792
472 2.176676915400761 2.3080779296259153
473 2.176676915400761 2.479689887828447
474 2.176676915400761 2.6809757202394633
475 2.176676915400761 2.661725391147882
476 2.176676915400761 2.378776995031217
477 2.176676915400761 2.73703124648571
478 2.176676915400761 2.78436306785118
479 1.825850095541926 2.5426773374019995
480 1.8247654352258311 2.8605624558937235
481 1.8247654352258311 2.4713513633167854
482 1.8247654352258311 2.3092898297329807
483 1.8247654352258311 2.5366143823279006
484 1.8247472985635786 2.8155243168592823
485 1.8231577501984075 2.5204687322333665
486 1.8231577501984075 2.098488040615058
487 1.8231577501984075 2.0700940940423287
488 1.8231577501984075 2.1591369996444296
489 1.8231577501984075 2.0464420370982617
490 1.8231577501984075 2.665451168565065
491 1.8231577501984075 2.520901730944487
492 1.823119919731088 2.1567154499160077
493 1.823119919731088 2.955690361410346
494 1.823119919731088 3.031453426333542
495 1.823119919731088 2.1474352655855036
496 1.823054136564752 2.922964522282906
497 1.823054136564752 2.207001945591189
498 1.823054136564752 2.6759096590318343
499 1.8228725205422527 2.0045846772620393
500 1.8227309896988886 2.514996496082948
501 1.8227309896988886 2.115181473801121
502 1.8227309896988886 2.011045170547386
503 1.8224519193732207 2.1636046809027305
504 1.8224519193732207 2.1313329908761016
505 1.8224519193732207 1.881404430295689
506 1.8224519193732207 2.149853210922034
507 1.8224519193732207 2.3300393791835092
508 1.8224519193732207 1.8748070670290784
509 1.8224519193732207 2.468140566044848
510 1.741122638163112 2.0287486946264974
511 1.72001242784894 3.0030210391060734
512 1.7169868037948253 2.4942837501242217
513 1.7168927518638388 2.204017171063194
514 1.7168927518638388 1.9380907698441234
515 1.7099935864099618 2.521915797877183
516 1.7099935864099618 3.1361134655186538
517 1.7099935864099618 1.8316297748891082
518 1.709312876642144 1.8254229722578668
519 1.709312876642144 1.9987883607816141
520 1.7083329831619292 1.8213623307079623
521 1.7082820953983942 2.945717122607783
522 1.7007173173803092 2.393688361142751
523 1.7007173173803092 2.2650034438262656
524 1.7005744007601407 2.3253992903909797
525 1.6998842309281716 2.2214928261707443
526 1.6998842309281716 2.333972518456331
527 1.6997938460692867 2.0368738745429202
528 1.699489879288545 2.0800576240246444
529 1.699489879288545 1.7991364041246467
530 1.699489879288545 1.7964779015170576
531 1.699489879288545 2.2035918269274126
532 1.699489879288545 2.2185147252583732
533 1.699489879288545 1.9247634915042513
534 1.699489879288545 1.9455311710638068
535 1.699489879288545 1.7877077182360888
536 1.699489879288545 1.7873907904727986
537 1.6944529679731608 2.045907643908139
538 1.6926469303037397 2.1948149505299166
539 1.6926469303037397 2.6178001541373392
540 1.6896792448267037 1.8590479275328682
541 1.6896792448267037 1.7892201011227666
542 1.689628050833531 2.2129457460094715
543 1.689628050833531 2.766513751606594
544 1.689628050833531 2.237062784885029
545 1.6890362242123067 2.015402431490001
546 1.6889416709582856 2.6962829460856823
547 1.6889416709582856 1.9726140046855252
548 1.6889416709582856 1.7650195357391265
549 1.6889416709582856 1.756123350181174
550 1.6889416709582856 1.917136017202199
551 1.6889416709582856 1.743179555146359
552 1.6889416709582856 1.8504812079970738
553 1.6889416709582856 1.7411230669198816
554 1.6889416709582856 1.974576206036771
555 1.6889416709582856 2.1845951563255777
556 1.6889416709582856 2.1095624478327086
557 1.6889416709582856 2.1432273114485283
558 1.6889416709582856 2.2978794244072724
559 1.6889416709582856 2.6612573129464034
560 1.6889416709582856 1.7325628245567275
561 1.6889416709582856 2.0311010717633193
562 1.6889416709582856 2.384599560424526
563 1.6889416709582856 2.2838549722659702
564 1.6889416709582856 1.925118871553216
565 1.6889416709582856 2.3678124598500543
566 1.6889416709582856 1.827483457487286
567 1.6889416709582856 2.205921481998101
568 1.6889416709582856 1.8750730477695123
569 1.6889416709582856 1.871071577437597
570 1.6889416709582856 2.1926984391553206
571 1.6889416709582856 2.0097294443673914
572 1.6889416709582856 1.7843780570501395
573 1.6889416709582856 1.8532593335888803
574 1.6889416709582856 1.9726255661340928
575 1.6889416709582856 2.5192472594652155
576 1.6889416709582856 2.692825125962929
577 1.6889416709582856 2.2765103737215355
578 1.6889416709582856 1.7043164452510775
579 1.6889416709582856 1.8179167697517438
580 1.6889416709582856 2.1149188104696264
581 1.6889416709582856 1.8846118875305873
582 1.6889416709582856 2.111953998114201
583 1.6889416709582856 2.4992584355776137
584 1.6889416709582856 1.9633159065280767
585 1.6889416709582856 2.0885315606660124
586 1.6889416709582856 2.1453176117181916
587 1.6889416709582856 1.8187179614913
588 1.6889416709582856 1.817737202204244
589 1.6889416709582856 1.8242565695679003
590 1.6889416709582856 2.428156287438564
591 1.6889416709582856 1.769388768933924
592 1.6889416709582856 2.2190560957458474
593 1.6889416709582856 1.6985373331880533
594 1.6889416709582856 1.6986034594782584
595 1.6889416709582856 2.437683602896207
596 1.6889416709582856 1.6987127080015163
597 1.6889416709582856 1.9976955349843122
598 1.6889416709582856 1.9099904932677263
599 1.6889416709582856 2.3050525479044492
600 1.6889416709582856 2.215189749859908
601 1.6889416709582856 1.8583161172401472
602 1.6889416709582856 2.482407075474443
603 1.6889416709582856 2.118746811251104
604 1.6889416709582856 2.4363896654060877
605 1.6889145679782733 1.751297669055492
606 1.6889145679782733 1.6981050642895754
607 1.6889145679782733 2.2681656533995724
608 1.6889145679782733 1.8877976306463657
609 1.6889145679782733 1.9674131247493498
610 1.6889145679782733 2.132262035288355
611 1.6889145679782733 2.3585810803717537
612 1.6889145679782733 2.0351116096736623
613 1.6889145679782733 1.9375702029483954
614 1.6889145679782733 2.3326353572148792
615 1.6889145679782733 2.8113803907109833
616 1.6889145679782733 2.498287015662905
617 1.6889145679782733 1.9714563748993492
618 1.6889145679782733 2.3481905092868294
619 1.6889145679782733 1.723111558586699
620 1.6889145679782733 2.3093866816427338
621 1.6889145679782733 1.863036898145249
622 1.6889145679782733 2.230284869567869
623 1.6889145679782733 2.343403081504925
624 1.6888900855425328 2.62566600119845
625 1.6888900855425328 1.986674054534064
626 1.6888900855425328 2.976221870370492
627 1.6888900855425328 2.1049361979234193
628 1.6888900855425328 1.9791413163254665
629 1.6888900855425328 2.3923501752769143
630 1.6888629821098955 1.965616270597903
631 1.6888629821098955 2.508507643863155
632 1.6888629821098955 1.699232269608627
633 1.6888629821098955 1.6981087978915712
634 1.6888629821098955 2.0816072465357696
635 1.6888629821098955 1.8048997936608981
636 1.6888629821098955 2.5096295906287556
637 1.6888629821098955 2.3792326823207777
638 1.6888629821098955 2.1947876062710314
639 1.6888629821098955 2.0321604185235294
640 1.6888629821098955 2.2962108066105427
641 1.6888629821098955 2.094298368702624
642 1.6888629821098955 1.744404662172708
643 1.6888629821098955 1.7650888387517756
644 1.6888629821098955 1.6943748444469775
645 1.6888629821098955 1.6945280103094482
646 1.6888629821098955 1.6940124836240977
647 1.6888629821098955 2.246754745589502
648 1.6888629821098955 1.936220974502149
649 1.6888629821098955 1.9596724610035943
650 1.6888629821098955 1.9121724462960143
651 1.6888629821098955 1.6938988953469123
652 1.6888583467448468 2.1067111155428124
653 1.6888583467448468 1.8206034101217423
654 1.6888583467448468 2.0435004915567334
655 1.6888583467448468 2.073998591840678
656 1.6888583467448468 2.1471275098322895
657 1.6888583467448468 2.459565505560674
658 1.6888583467448468 2.283446497357919
659 1.6888312430337589 1.9740427683338344
660 1.6888312430337589 2.0205923729430997
661 1.6888312430337589 1.8460236301164454
662 1.688731408652881 1.8690327227237555
663 1.688731408652881 2.1444748215481284
664 1.688731408652881 2.267373651916501
665 1.688731408652881 2.858962900527928
666 1.6887158582106503 2.422704779165231
667 1.6887044185587445 2.32369084436432
668 1.6887044185587445 2.0050094568086205
669 1.6886891324725801 2.0204319523060867
670 1.688653208407564 1.8731204586004708
671 1.6885775741819682 2.2553277951889417
672 1.6885775741819682 2.2671796271090217
673 1.6885775741819682 2.8350825920944906
674 1.6885775741819682 2.0130156679015063
675 1.6885516668927822 1.69392841930557
676 1.6885516668927822 2.2908437769981758
677 1.6885516668927822 3.051007238306023
678 1.6885516668927822 2.158296537287087
679 1.6885516668927822 1.9413464376123253
680 1.6885516668927822 1.929217706413481
681 1.6885516668927822 2.2502627761388543
682 1.6885516668927822 1.8358503053200024
683 1.6885516668927822 2.1386099893291615
684 1.6885516668927822 2.383171430298332
685 1.6885516668927822 2.840833452616022
686 1.6885516668927822 2.9382074413321893
687 1.6885516668927822 2.838270493050477
688 1.6885516668927822 2.1117128680870265
689 1.6885516668927822 2.4762847023436394
690 1.6885516668927822 3.104500977056938
691 1.6885516668927822 2.2574097126968233
692 1.6885516668927822 1.9312092876430933
693 1.6885516668927822 2.288115514040634
694 1.6885516668927822 2.4735770499650216
695 1.6885516668927822 1.7393091331717667
696 1.6885516668927822 1.977360970463682
697 1.6885516668927822 1.692712425985428
698 1.6885516668927822 1.692482073461074
699 1.6885516668927822 2.3307732060300195
700 1.6885516668927822 2.131847166101474
701 1.6885516668927822 2.4216662028854667
702 1.6885516668927822 2.7292088861501402
703 1.6885516668927822 2.560669384795807
704 1.6885516668927822 2.2262099913390188
705 1.6885516668927822 2.1483356461717618
706 1.6885516668927822 2.0356497447053647
707 1.6885516668927822 1.8457775714808662
708 1.6885516668927822 2.422393856266625
709 1.6885516668927822 2.1100823173950416
710 1.6885516668927822 2.0773363280821813
711 1.6885516668927822 1.8463659701520678
712 1.6885516668927822 1.805976079065184
713 1.6885516668927822 1.9044543480683616
714 1.6885516668927822 1.964414467476501
715 1.6885516668927822 1.8025574007598197
716 1.6885516668927822 1.6928197668939062
717 1.6885516668927822 1.6926282675433446
718 1.6885516668927822 1.6929674356066196
719 1.6885516668927822 1.970431021793927
720 1.6885516668927822 2.0322188946877078
721 1.6885516668927822 2.054346988667944
722 1.6885516668927822 2.0695842836267424
723 1.6885516668927822 2.3773416282226347
724 1.6885516668927822 1.8277228396914373
725 1.6885516668927822 3.572246965831533
726 1.6885516668927822 2.472441926102187
727 1.6885516668927822 1.9675577424412862
728 1.6885516668927822 2.8228349518387175
729 1.6885516668927822 2.546799376877547
730 1.6885516668927822 2.5125177970417045
731 1.6885516668927822 1.8287044438751894
732 1.6885516668927822 2.4739505897791116
733 1.6885516668927822 1.8508598914856744
734 1.6885516668927822 2.253890193530146
735 1.6885516668927822 2.4265104171277145
736 1.6885516668927822 2.5756399039636357
737 1.6885516668927822 2.095227463536591
738 1.6885516668927822 3.0349591592460428
739 1.6885516668927822 2.3554331184758723
740 1.6885516668927822 2.6737194140583695
741 1.6885516668927822 2.0618523445423667
742 1.6885516668927822 2.0574446800716544
743 1.6885516668927822 2.3825863634149353
744 1.6885516668927822 1.939241393483976
745 1.6885516668927822 2.103020537250434
746 1.6885516668927822 2.405888854663082
747 1.6885516668927822 2.567533615455596
748 1.6885516668927822 2.25491942677824
749 1.6778366654245014 2.1656239170936042
750 1.6778366654245014 2.0069775567704964
751 1.6778366654245014 2.255633526626984
752 1.6778366654245014 2.016127509591916
753 1.6778366654245014 1.7953231639327978
754 1.6778366654245014 2.2471518002443753
755 1.6777922223591082 1.7140882969228024
756 1.6777922223591082 2.0114104225294933
757 1.6777922223591082 2.0930702304712363
758 1.6777851837878024 1.8663486043867845
759 1.6777851837878024 1.8597873463251364
760 1.6777851837878024 2.328868236853071
761 1.6777851837878024 2.3372586054008253
762 1.6777851837878024 2.3328762110725965
763 1.6777851837878024 2.348284819290168
764 1.6777851837878024 1.9267628803054686
765 1.6777851837878024 1.803887828377273
766 1.6777851837878024 2.012569261207746
767 1.6777851837878024 2.030928271366628
768 1.673740456349813 1.6943446572376792
769 1.6736896196344064 1.9997695020374746
770 1.6736896196344064 2.560362844915561
771 1.6736840546972882 1.9648769831636894
772 1.6736840546972882 2.4234586626457424
773 1.6736840546972882 2.060444067289172
774 1.6736840546972882 1.8359043751856277
775 1.6736840546972882 1.988550521763951
776 1.6736840546972882 1.8272972696400394
777 1.6736840546972882 1.795559610897022
778 1.6736840546972882 2.2299688160192086
779 1.6736840546972882 2.0832290816545354
780 1.6736840546972882 2.386165041380016
781 1.6736840546972882 1.9801450203148352
782 1.6736840546972882 1.7935671733757712
783 1.6736840546972882 1.9581774601343775
784 1.6736840546972882 1.8190270441371124
785 1.6736826692099052 2.2214471597856438
786 1.6736826692099052 2.849120077006634
787 1.6736826692099052 2.099747572816824
788 1.6736826692099052 1.768838818019392
789 1.6736826692099052 1.687654681409153
790 1.6736826692099052 1.6870771160211646
791 1.6736826692099052 1.9545297281584373
792 1.6736826692099052 2.188719634722535
793 1.6736826692099052 1.9758187468072086
794 1.6736826692099052 2.257391390243542
795 1.6736826692099052 2.342249282272026
796 1.6736826692099052 2.8304489694178905
797 1.6736826692099052 2.675871074956473
798 1.6736826692099052 2.884643774137292
799 1.6736826692099052 2.1664651512740978
800 1.6736826692099052 2.3656546163786576
801 1.6736826692099052 3.3472403034405946
802 1.6736826692099052 2.4702790270284614
803 1.6736826692099052 1.9793407855149985
804 1.6736826692099052 2.122477060627756
805 1.6736790017434444 2.1248149026863885
806 1.6736790017434444 1.905277680863057
807 1.6736790017434444 1.979985192758894
808 1.6736790017434444 2.1568307389981114
809 1.6736790017434444 2.222962963184956
810 1.6736790017434444 2.3085992236102166
811 1.6736790017434444 2.347507286865351
812 1.6736790017434444 2.204310781953295
813 1.6736790017434444 2.4296113880548704
814 1.6723996330890682 2.3436505333240616
815 1.6723996330890682 2.120015027731988
816 1.6723996330890682 2.4348697505988506
817 1.6723996330890682 1.8916063473346951
818 1.6723996330890682 1.812672476136966
819 1.6723996330890682 2.1381287316674094
820 1.6723996330890682 2.026903625476029
821 1.6723996330890682 1.790540802308463
822 1.6723996330890682 1.7228149103347508
823 1.6723996330890682 1.982074616639374
824 1.6723996330890682 1.9685609089545997
825 1.6723996330890682 2.075203511784957
826 1.6723996330890682 2.732161354930304
827 1.6723996330890682 2.7548527186634435
828 1.6723996330890682 2.4958734055175142
829 1.6723996330890682 2.1128598515009376
830 1.6723996330890682 2.0637031465917435
831 1.6723996330890682 2.4031924662338686
832 1.6723996330890682 2.0721071439540473
833 1.6723996330890682 2.6276063089873167
834 1.6723996330890682 2.368197272946974
835 1.6723996330890682 2.2844586323046516
836 1.6723996330890682 1.8841197493306057
837 1.6723996330890682 2.0572818040056386
838 1.6723996330890682 2.650874909872052
839 1.6723996330890682 2.4679349662079573
840 1.6723996330890682 2.1156823723458644
841 1.6723996330890682 2.1246327080184018
842 1.6723996330890682 2.1512438707460517
843 1.6723996330890682 2.7424359189844125
844 1.6723996330890682 2.4935291241801263
845 1.6723996330890682 2.0443700780239884
846 1.6723996330890682 2.450240923191926
847 1.6723996330890682 2.5244447594081527
848 1.6723996330890682 2.2210817374066814
849 1.6723996330890682 2.6406532765336705
850 1.6723996330890682 2.0028678737952097
851 1.6723996330890682 1.9406656253260044
852 1.6723996330890682 2.132743471444861
853 1.6723996330890682 2.5612535438734314
854 1.6723996330890682 2.4895331177550797
855 1.6723996330890682 1.7986656606711575
856 1.6723996330890682 1.9950655678408022
857 1.6723996330890682 2.889797626641228
858 1.6723996330890682 2.959808182640381
859 1.6723996330890682 2.13109602438428
860 1.672257703556098 2.4020640332938528
861 1.672257703556098 2.5083806778613944
862 1.672257703556098 2.297036764506059
863 1.672257703556098 2.196586140745261
864 1.672257703556098 2.603377627902982
865 1.672257703556098 2.4675013641218673
866 1.672257703556098 2.6615599662080287
867 1.672257703556098 2.2898992907779427
868 1.6720992257663552 2.880300103102684
869 1.6720992257663552 2.1833070107079204
870 1.6720992257663552 2.415575188122523
871 1.6720992257663552 2.6397631388702423
872 1.6720992257663552 2.442458799774963
873 1.6720992257663552 2.186979015312755
874 1.6720992257663552 2.2547450648549257
875 1.6720992257663552 2.3093834857483047
876 1.6720992257663552 1.8983671324134528
877 1.6720992257663552 2.3658236627578946
878 1.6720992257663552 2.212185365718091
879 1.6720992257663552 2.0979726927446127
880 1.6720992257663552 2.3915542969661012
881 1.6720992257663552 2.1168802477199695
882 1.6720992257663552 2.329358177567173
883 1.6720992257663552 2.1489498938841347
884 1.6720992257663552 2.225168112145125
885 1.6720992257663552 2.479941578885727
886 1.6720992257663552 2.522102715343182
887 1.6720992257663552 2.68028732841995
888 1.6720992257663552 2.2947324102195132
889 1.6720992257663552 2.598145450467939
890 1.6720992257663552 2.2955160109899375
891 1.6720992257663552 2.1031650874091854
892 1.6720992257663552 3.0902952488961883
893 1.6720992257663552 2.547125185826807
894 1.6720992257663552 2.271850156024066
895 1.6720992257663552 2.2718874131014872
896 1.6720992257663552 2.4516306255193006
897 1.6720992257663552 2.188044976641515
898 1.6720992257663552 1.9807868352484939
899 1.6720992257663552 2.1280567920827176
900 1.6720992257663552 1.9472177857447657
901 1.6720992257663552 1.9138210282027563
902 1.6720992257663552 2.0172206633090424
903 1.6720992257663552 1.9198966975179284
904 1.6720992257663552 2.172307682614443
905 1.6720992257663552 2.447056592546849
906 1.6720992257663552 2.2039009835026406
907 1.6720992257663552 2.4604422209836043
908 1.6720992257663552 2.520732744251812
909 1.6720992257663552 2.693271687934502
910 1.6720992257663552 2.2581772829612
911 1.6720992257663552 2.0110152987522363
912 1.6720992257663552 2.382442031151887
913 1.6716825348299706 2.629186898555347
914 1.6716825348299706 3.1125957335977534
915 1.6716825348299706 2.272934843233142
916 1.6716825348299706 2.753125067399141
917 1.6716825348299706 3.1038728596988028
918 1.6716825348299706 2.6367323119571915
919 1.6716825348299706 2.4177414728839692
920 1.6716825348299706 1.9720243366051031
921 1.6716825348299706 2.4420343589272817
922 1.6716825348299706 2.5143185621900854
923 1.6716825348299706 2.2581731123210624
924 1.6716825348299706 2.553649434529879
925 1.6716825348299706 2.4477104321494036
926 1.6716825348299706 2.227632665743849
927 1.6716825348299706 2.356480507164297
928 1.6716825348299706 2.7786196718895484
929 1.6716825348299706 2.611892931460293
930 1.6716825348299706 2.422856148411699
931 1.6716825348299706 2.0844317323202075
932 1.6716825348299706 2.1886914946984555
933 1.6716825348299706 2.236498990304095
934 1.6716825348299706 2.5674606644417697
935 1.6716825348299706 2.5361021740697396
936 1.6716825348299706 2.5193319458890953
937 1.6716825348299706 1.9251875696571914
938 1.6716825348299706 2.149831763522059
939 1.2362732440026831 2.007222117227428
940 1.2362732440026831 1.9568033699207346
941 1.2362732440026831 2.4214667777133103
942 1.2193382098609473 2.1558301758441756
943 1.2193382098609473 2.0765701807444366
944 1.2070368767801365 2.2607855996691266
945 1.2070368767801365 1.8279084831590489
946 1.2070368767801365 2.614578675808441
947 1.2070368767801365 2.4905819301014676
948 1.2060985215965099 2.1329139524221876
949 1.2060985215965099 2.198209481612621
950 1.2060985215965099 1.6855494778077216
951 1.2060985215965099 1.8064049450471011
952 1.2060985215965099 1.5536720451372232
953 1.2053995206302446 1.8542097381707527
954 1.2053995206302446 1.8096907441694596
955 1.2053995206302446 2.4412016913138705
956 1.2053995206302446 3.0813542169531076
957 1.2053995206302446 2.5379795136222842
958 1.2050416916072502 1.4981378727374945
959 1.2050416916072502 1.9019038967149762
960 1.1998081097840547 1.627922003233584
961 1.1998081097840547 1.812353081058996
962 1.1998081097840547 1.9032225758625068
963 1.1998081097840547 1.3782280971295717
964 1.1998081097840547 2.0692495130710924
965 1.1998081097840547 2.1163816527919095
966 1.198851628434177 1.6660671676470746
967 1.198851628434177 1.7488935437900122
968 1.1889721962399782 1.7531456560718177
969 1.1889721962399782 1.9207334060846852
970 1.1889721962399782 1.740580594772451
971 1.1889721962399782 1.9840057728389646
972 1.1886570062642186 1.3184663159807635
973 1.1886570062642186 1.931896548553417
974 1.1886570062642186 1.621807163543112
975 1.1886570062642186 1.789575204249626
976 1.1886042104030636 2.0025917317778736
977 1.1886042104030636 1.7216304935027569
978 1.1886042104030636 1.8795676529565997
979 1.1886042104030636 1.6953149611581757
980 1.1886042104030636 1.4128628603689837
981 1.1886042104030636 1.343573004866595
982 1.1886042104030636 1.5722285715449222
983 1.1886042104030636 1.7516075581872368
984 1.1886042104030636 1.700631378502554
985 1.1886042104030636 1.4494805894098681
986 1.1886042104030636 1.6877389903764328
987 0.12653760580592088 1.8485420016012375
988 0.12653760580592088 1.3391359136234413
989 0.12653760580592088 0.9015678220730075
990 0.12653760580592088 0.23554897784320608
991 0.12653760580592088 0.1330464658299319
992 0.12653760580592088 0.4001011358595025
993 0.12653760580592088 0.2618726893379455
994 0.12653760580592088 0.12713676406034183
995 0.12653760580592088 0.12717587745247555
996 0.12653760580592088 0.6318716230897238
997 0.12653760580592088 0.5957700611555908
998 0.12653760580592088 0.1271067998689001
999 0.12653760580592088 0.6415355592805895
