# iteración mejor promedio
0 18.633679703525253 20.91948639439333
1 18.633679703525253 20.909783579196606
2 18.418061199205333 20.875777008737256
3 17.675578146229757 20.86186374764299
4 16.920286793454977 20.820163014972685
5 16.29831205721815 20.79843292844595
6 16.29831205721815 20.728039416346345
7 16.29831205721815 20.76268893316231
8 15.883127700931865 20.60948473228846
9 13.057945603482592 20.520371858200015
10 13.057945603482592 20.555703174085203
11 13.057945603482592 20.5747586446105
12 13.057945603482592 20.493059643743436
13 13.057945603482592 20.48445871603119
14 13.057945603482592 20.427609503802195
15 13.057945603482592 20.40659326417685
16 13.057945603482592 20.37481081385377
17 13.057945603482592 20.426280459860184
18 13.057945603482592 20.398193396144862
19 13.057945603482592 20.41431453291749
20 13.057945603482592 20.445942183403233
21 13.057945603482592 20.465805259637474
22 13.057945603482592 20.48230377894237
23 13.057945603482592 20.450281013252866
24 13.057945603482592 20.508173273103612
25 13.057945603482592 20.502481329653996
26 13.057945603482592 20.486369023327658
27 13.057945603482592 20.38618116907695
28 13.057945603482592 20.212580154193745
29 13.057945603482592 20.167049227320252
30 13.057945603482592 20.111443913530028
31 13.057945603482592 20.167462256813913
32 13.057945603482592 20.024291436738572
33 13.057945603482592 19.980513177058807
34 12.811753227171508 19.824262788755348
35 12.811753227171508 19.77856351321053
36 12.811753227171508 19.666927133090987
37 11.183597389613901 19.58477006411878
38 11.183597389613901 19.679144765163063
39 11.183597389613901 19.53463283491406
40 11.183597389613901 19.411137900859824
41 11.183597389613901 19.5229261597648
42 11.183597389613901 19.63901470650042
43 11.183597389613901 19.557530286964838
44 10.99094252578391 19.484199254214403
45 10.99094252578391 19.23052504968091
46 10.99094252578391 19.00596583758574
47 10.99094252578391 18.967620877963682
48 10.99094252578391 18.833042313279652
49 10.99094252578391 18.55423970966603
50 10.99094252578391 18.18164433057401
51 10.196975689918572 18.114578995520592
52 10.196975689918572 18.06170482015021
53 10.196975689918572 17.872081618763513
54 10.196975689918572 17.808872475789464
55 9.921208276426732 17.48380029832419
56 9.921208276426732 17.21547340018979
57 9.715681538687916 17.140837116038615
58 8.965110023921358 17.162819427986918
59 8.965110023921358 16.618673987828224
60 8.965110023921358 16.48156981080103
61 8.965110023921358 16.22852774492372
62 8.965110023921358 15.672579471333972
63 8.965110023921358 15.405381358913736
64 8.965110023921358 15.320250225583361
65 8.965110023921358 15.389869776927824
66 7.431297631902984 15.029378176533596
67 7.430320178226076 14.714435485613777
68 7.430320178226076 14.112581083390594
69 7.430320178226076 13.94326161696123
70 7.430320178226076 13.371554462334199
71 7.4056750668269755 12.675345807063552
72 7.074570558182469 12.075327620856301
73 7.074570558182469 11.476517361027488
74 6.9712188836869515 11.065106442177983
75 6.897269098647303 10.75544642649647
76 6.617180697343602 10.575373590551536
77 6.544375812901645 10.637456980662867
78 6.544375812901645 10.451435208304922
79 6.544375812901645 9.92059675784837
80 5.8976442412130154 9.876007698657036
81 5.8976442412130154 9.55646806557665
82 5.8976442412130154 9.491830762539985
83 5.8976442412130154 9.584290323834802
84 5.4816260414114275 9.055525190654187
85 5.313054182400897 8.916615934547288
86 5.313054182400897 8.653782771495838
87 5.313054182400897 8.61504592625298
88 5.313054182400897 8.313596377500865
89 5.313054182400897 8.28730750701699
90 5.313054182400897 8.400282135448068
91 5.180964445699807 8.34776963291644
92 4.56460118875298 8.20521135265882
93 4.56460118875298 8.53423006509845
94 4.403173056423977 7.881442082300575
95 4.403173056423977 7.644438984819853
96 4.330797926716176 7.602081845398456
97 3.9498667905300775 7.338643176731589
98 3.9111562294756537 7.569030284197022
99 3.9111562294756537 7.2329214074970425
100 3.473606573512847 7.415884388768415
101 3.473606573512847 7.547204008501898
102 3.314628302249687 7.123675120433482
103 3.314628302249687 7.267333678218953
104 2.9478184706148505 6.752426191411506
105 2.9478184706148505 6.438234923548063
106 2.9478184706148505 5.998177084520408
107 2.925799978345994 6.210006196079366
108 2.925799978345994 5.857257856864723
109 2.925799978345994 5.674626924418674
110 2.925799978345994 5.108572616695948
111 2.925799978345994 4.724853867476477
112 2.9164570560223124 5.063869756841476
113 2.8546385657935565 5.477913409000496
114 2.851936522393973 5.295631708311129
115 2.851936522393973 4.394825087447179
116 2.7720176772769802 4.394454128223765
117 2.7720176772769802 4.098293969440042
118 2.7720176772769802 4.021135646089845
119 2.755650695742983 4.089529021594218
120 2.752870794569304 4.088017445539046
121 2.752870794569304 3.9053126892001897
122 2.6088938400974615 4.227894926746572
123 2.6088938400974615 4.414466728331227
124 2.6088938400974615 4.017312295435278
125 2.6088938400974615 3.891697882172557
126 2.5969897335387033 3.586495956102519
127 2.5969897335387033 3.3276491500654934
128 2.5905694678576294 4.007413227006839
129 2.5905694678576294 3.269713390575684
130 2.590511561067571 3.4464150931351565
131 2.590511561067571 3.398120839206888
132 2.590511561067571 3.1869380232383495
133 2.590511561067571 4.143057476749208
134 2.590511561067571 3.7809335708728384
135 2.590511561067571 3.1002495710336913
136 2.5629072505154564 3.2249465999989178
137 2.5629072505154564 3.2500191118214197
138 2.5629072505154564 3.3601247151684244
139 2.5629072505154564 3.129006392182729
140 2.5629072505154564 3.775846490333554
141 2.5440305741097275 3.134407036985765
142 2.5440305741097275 3.446000068831415
143 2.5440305741097275 4.132384319248024
144 2.5404943461312315 3.416576717659968
145 2.5255814378573453 3.4769529365211516
146 2.5255564337132497 3.011084223714187
147 2.5255564337132497 3.545819192526586
148 2.5255564337132497 3.3073547659751923
149 2.5255564337132497 3.149347451140605
150 2.5251478928585787 3.1124089028409063
151 2.5251478928585787 3.0585539841662377
152 2.523851759618839 3.0417048269184788
153 2.521636240626033 3.2795328745263586
154 2.521636240626033 3.085594642899684
155 2.521636240626033 2.8926189773649162
156 2.521636240626033 3.1660217130129342
157 2.521636240626033 3.4540956622083816
158 2.521636240626033 3.83829197102146
159 2.521636240626033 3.9589525570558224
160 2.521636240626033 3.594478862895616
161 2.5215159946275936 2.938763448439744
162 2.5213070707952943 2.862188619024081
163 2.5212802323786807 2.9598106472247285
164 2.5211044637931943 3.5105670986959026
165 2.520725693201663 3.5414169199193686
166 2.519885413857706 3.0866204787504343
167 2.518054282411168 2.8259141813779336
168 2.5151000695520103 3.0157643820398774
169 2.511748001297607 2.844149017737038
170 2.511748001297607 2.799399806470331
171 2.511748001297607 3.0792244602346392
172 2.511748001297607 2.919420477950313
173 2.5105229168413064 2.862829103735483
174 2.5105229168413064 3.1415640211085587
175 2.5105229168413064 2.8581991279998347
176 2.5105229168413064 3.465282437828966
177 2.508234331420541 3.32452662782052
178 2.508234331420541 3.108622256274025
179 2.508234331420541 3.0129960688896067
180 2.508234331420541 3.856721145903117
181 2.508234331420541 3.2349429572172888
182 2.508234331420541 3.221768950892778
183 2.508109498173481 3.2982248822881544
184 2.508109498173481 2.8592769350123306
185 2.508109498173481 2.837330572679408
186 2.508109498173481 2.8383601157077374
187 2.508109498173481 3.7551831945103795
188 2.508109498173481 3.514296689879211
189 2.508109498173481 2.635360499225417
190 2.508109498173481 4.044752077645074
191 2.505190456851594 3.2839615473668466
192 2.505190456851594 3.508867542631876
193 2.505190456851594 3.08472040489332
194 2.505190456851594 2.92054628512335
195 2.505190456851594 2.7467171194611884
196 2.505190456851594 2.8087523230921336
197 2.5025293982702967 3.0215235686177113
198 2.5025293982702967 3.1432977343805475
199 2.5025293982702967 3.0511813101840795
200 2.5025293982702967 2.8691730178571273
201 2.5025293982702967 2.771262426627128
202 2.502519013353866 2.864583984931063
203 2.4999992735909555 3.008077009159551
204 2.4999992735909555 2.8231423852977797
205 2.4999992735909555 3.1575461243889604
206 2.4999992735909555 2.838448837696756
207 2.4999992735909555 2.7107758363867935
208 2.4999992735909555 2.7447146615637523
209 2.4999992735909555 3.1017528156651144
210 2.4999992735909555 3.1826810686472964
211 2.4999992735909555 2.8493257745015073
212 2.4999992735909555 3.107564407102876
213 2.4999992735909555 3.6354985528609918
214 2.4999992735909555 3.2019161215566823
215 2.4999992735909555 2.778460020496447
216 2.4999992735909555 2.757431455647252
217 2.4999992735909555 3.2157821464006107
218 2.4999992735909555 3.0293833642256014
219 2.4999992735909555 2.9748502318871277
220 2.4988908883992167 2.5632591613772906
221 2.4988908883992167 2.6909743967992834
222 2.4988908883992167 2.5528982547942833
223 2.4988908883992167 2.5534637829224236
224 2.4988860327674502 2.763938803340843
225 2.4988860327674502 2.5553893742506086
226 2.4988860327674502 2.8157803853829386
227 2.4988860327674502 3.4440337528909173
228 2.4988860327674502 2.7055684515345875
229 2.4988860327674502 2.888654436000221
230 2.4988860327674502 2.7492294976568723
231 2.4988860327674502 3.0992804041688378
232 2.4988860327674502 3.109670144639968
233 2.4988860327674502 3.852503593062491
234 2.494603552177298 3.379842729177673
235 2.4823496333192474 3.3084477803306385
236 2.4823025827538934 3.0046977538400133
237 2.4823025827538934 3.436422703225767
238 2.48137108775871 3.6882642008406803
239 2.479518068574288 3.2887690056551047
240 2.4666140702256385 2.8815274871770553
241 2.4666140702256385 3.157513754923613
242 2.4666140702256385 2.715299328472339
243 2.4666140702256385 3.207384371464658
244 2.4666140702256385 2.7397361330055103
245 2.4666140702256385 2.7902077477283695
246 2.4666140702256385 2.6056440883128635
247 2.4666140702256385 2.7282417985892042
248 2.4666140702256385 2.6989273224854298
249 2.4666140702256385 2.541792378397852
250 2.4666140702256385 3.30727519452966
251 2.4666140702256385 3.281162961984269
252 2.4666140702256385 2.924585696094318
253 2.4666140702256385 3.372649890984871
254 2.4666140702256385 3.1746583349634947
255 2.4615158504587247 2.8264497744528625
256 2.4615158504587247 2.7642813931315713
257 2.4615158504587247 2.616466996325826
258 2.4615158504587247 2.8782541331791465
259 2.461488024503685 2.5659420488123272
260 2.457760861617296 2.858129480194779
261 2.449735238115074 2.563960291819815
262 2.4454187297950343 3.0467245413754647
263 2.4454187297950343 3.3304429977468466
264 2.4454187297950343 2.9580137635052073
265 2.4454187297950343 3.0285020683685304
266 2.4454187297950343 3.038459821595934
267 2.4454187297950343 2.532291308349527
268 2.4454187297950343 3.2655936189554895
269 2.4454187297950343 2.9072047675884107
270 2.4454187297950343 2.8306560169613033
271 2.438772118708559 3.209633537591919
272 2.438772118708559 3.1775824193676967
273 2.417263026667391 2.649255316415512
274 2.405053278804546 2.67881896458974
275 2.3953551450815405 2.5036907880280546
276 2.3953551450815405 2.9108107570992217
277 2.3953551450815405 2.8402683799559605
278 2.3953551450815405 2.9461094549267774
279 2.389339123544266 3.0880744532831104
280 2.3844083020051268 2.9302524918423787
281 2.3844083020051268 2.8498781896247403
282 2.3842729009405534 2.867965265276108
283 2.3842729009405534 2.620357502548626
284 2.3836557097238558 2.692659775403886
285 2.3836557097238558 3.2909060413185602
286 2.3836557097238558 2.6936751552872793
287 2.3803850395418165 2.8171312454302493
288 2.37720047485662 2.477243499005544
289 2.37720047485662 2.7247603695224187
290 2.37720047485662 2.625328148341258
291 2.37720047485662 3.087925388358704
292 2.37720047485662 2.952340219587417
293 2.37720047485662 2.7675021286893333
294 2.374881224063386 2.842098353051091
295 2.374881224063386 2.9378852383273646
296 2.374881224063386 2.8222873978958996
297 2.374881224063386 3.157878270251162
298 2.374881224063386 2.8742685524316625
299 2.374881224063386 2.7623440994889843
300 2.374881224063386 3.0988144992835087
301 2.374881224063386 2.883675590185397
302 2.374881224063386 2.698471881296044
303 2.374881224063386 2.863566951759909
304 2.374881224063386 2.4585635049943684
305 2.374881224063386 2.455274877788253
306 2.374881224063386 3.012007343401241
307 2.374881224063386 3.149768428706092
308 2.374881224063386 2.756362597265107
309 2.374881224063386 2.7874656260293045
310 2.3744820456172593 3.035006279781103
311 2.3744820456172593 2.9706985968769772
312 2.3744820456172593 2.899031139595921
313 2.3744820456172593 2.6243365531562635
314 2.3687321356055664 2.5749629577288404
315 2.3687321356055664 3.030733832137419
316 2.3687321356055664 2.7400300938178095
317 2.3687321356055664 2.9760360724690416
318 2.3673200091923907 2.92449404107033
319 2.3673200091923907 2.6452915668222143
320 2.366969242906782 3.472376167530435
321 2.366969242906782 2.9607480929657566
322 2.366969242906782 2.8853605637466035
323 2.366969242906782 3.255933536410686
324 2.366969242906782 2.785356861456377
325 2.366969242906782 2.606268168340744
326 2.366969242906782 2.674293771116104
327 2.366969242906782 2.5583097296027413
328 2.3665171532262863 2.7729720471603154
329 2.3665171532262863 3.5706462668718477
330 2.3665171532262863 3.2748017366952893
331 2.3665171532262863 3.0193602476499204
332 2.3665171532262863 2.4842186135541358
333 2.3665171532262863 2.7595027908721748
334 2.3665171532262863 2.82454792184948
335 2.3665171532262863 2.813038750673618
336 2.3662585228065804 3.363724184871828
337 2.3662585228065804 2.494987947352937
338 2.3662585228065804 2.5213389167369114
339 2.3662585228065804 2.4218253476157816
340 2.3662585228065804 2.960805324891236
341 2.3662585228065804 2.5691478829357215
342 2.3662585228065804 3.5966561840819606
343 2.3662585228065804 3.0950676986376595
344 2.3662585228065804 2.678430090054873
345 2.3662585228065804 2.895311484430944
346 2.3662585228065804 2.7276588748726143
347 2.3662585228065804 3.175623759763411
348 2.3662585228065804 3.099383390016178
349 2.3662585228065804 3.1024797118101355
350 2.3662585228065804 3.3613416856495903
351 2.3662585228065804 3.3268452021062536
352 2.3662585228065804 2.66475436716932
353 2.3662585228065804 3.1284647413263404
354 2.3662585228065804 3.3699991901880115
355 2.3662585228065804 3.0975508946632
356 2.3662585228065804 2.8301399056722705
357 2.3662585228065804 2.597676381405877
358 2.3662585228065804 3.397701832782027
359 2.3662585228065804 3.136462327817101
360 2.3662585228065804 2.7574535673401606
361 2.3662585228065804 3.2502052283480105
362 2.3662585228065804 3.3288891080358125
363 2.3661111953668637 2.957952404279481
364 2.3661111953668637 3.5095307569289793
365 2.3661111953668637 2.91930181520816
366 2.3661111953668637 2.588523364492764
367 2.3661111953668637 3.0035611642825626
368 2.3661111953668637 2.580669432629514
369 2.3661111953668637 2.7827842377617906
370 2.3661111953668637 2.404367309215947
371 2.3661111953668637 2.642160900695696
372 2.3661111953668637 2.8448315772192014
373 2.3661111953668637 3.421442532412192
374 2.3661111953668637 2.8312708334395555
375 2.1265924026523186 2.4056491470553407
376 2.1226000076720664 2.3986506517300383
377 2.1132952943198924 2.6753572271477135
378 2.0847214448860005 2.9417451936883845
379 2.0847214448860005 2.7983506103548628
380 2.083502903008455 2.6955010968280133
381 2.083042450348053 3.2391026767212128
382 2.0782235157884528 2.7656133155392717
383 2.0782235157884528 3.152990827891278
384 2.0782235157884528 2.8846573909386906
385 2.0782235157884528 2.3892875649922307
386 2.0782235157884528 2.507164542705587
387 2.0782235157884528 2.8208954490906497
388 2.0782235157884528 3.030744882405648
389 2.0782235157884528 2.7491157973743903
390 2.0781195268531554 2.6414601933778603
391 2.0781195268531554 2.9749271808308837
392 2.0781195268531554 2.645127475685558
393 2.077848903316938 2.5291235231041567
394 2.077848903316938 2.6740621356632484
395 2.077848903316938 2.687706982649109
396 2.077848903316938 2.558939156452203
397 2.077848903316938 3.6521528279362765
398 2.077848903316938 3.2099205470475694
399 2.077848903316938 3.4484628749295343
400 2.077848903316938 3.1883012456727413
401 2.077848903316938 2.7613015008866006
402 2.077204741724384 2.9264907780351437
403 2.077204741724384 2.8390116987633314
404 2.077204741724384 2.3393597822401095
405 2.0771968029607044 2.9322338331447027
406 2.0771968029607044 2.6051101833845367
407 2.0769274421174466 2.5257180512286386
408 2.0769211372038385 2.4152057877792212
409 2.076877984157554 2.5119425535949427
410 2.076877984157554 2.7768844543847844
411 2.0765372170434597 2.671416366646038
412 2.0765372170434597 2.677299819559982
413 2.0765372170434597 2.2946728017051115
414 2.0765372170434597 2.8486091949764067
415 2.0765372170434597 2.324242144703432
416 2.0765372170434597 2.256312082466084
417 2.0765372170434597 2.6479682161568996
418 2.0765372170434597 2.4144662843011155
419 2.0765372170434597 2.6936320223346892
420 2.0765372170434597 2.444937929642112
421 2.0765372170434597 2.6422195475208987
422 2.0765372170434597 2.4634931357596694
423 2.0765372170434597 2.668527864024759
424 2.076532884533302 2.5195579635101186
425 2.076532884533302 2.1210525094196995
426 2.076532884533302 2.4409321482701394
427 2.076532884533302 2.575142918795561
428 2.076532884533302 2.5074070163411353
429 2.076532884533302 2.9791557888906315
430 2.076532884533302 2.330456715087094
431 2.076368503209271 2.86137600248988
432 2.076368503209271 2.6563670145559524
433 2.0763633522924376 2.1509155922278653
434 2.0763633522924376 2.509550059832118
435 2.0763190449643063 2.2043638940997097
436 2.0763190449643063 2.359722512166456
437 2.0763190449643063 2.3922881707132753
438 2.0763177432373396 2.0901085269125583
439 2.0763177432373396 2.375740156213513
440 2.0763177432373396 2.3863047358688236
441 2.0763177432373396 2.5196578201751545
442 2.0763177432373396 2.6169339481545966
443 2.0763125922344003 2.0917569066095685
444 2.0763125922344003 2.1980436868062183
445 2.0763125922344003 2.300945252533494
446 2.0763125922344003 2.093697642569823
447 2.0763125922344003 2.656763312790115
448 2.0763125922344003 2.362565454924123
449 2.0763125922344003 2.0896205068069524
450 2.0763125922344003 2.0895437182149097
451 2.0763125922344003 2.916555202057184
452 2.0763125922344003 2.087371350325748
453 2.0763125922344003 2.690063953367732
454 2.0763125922344003 2.4748052303716253
455 2.0763125922344003 2.165842803850588
456 2.0747577991399915 2.440042419496008
457 2.0747577991399915 2.1578435584099562
458 2.0747577991399915 2.297815825661014
459 2.0747577991399915 2.0864329794716805
460 2.0742749407383685 2.5035127001954205
461 2.0742749407383685 2.9998428329723197
462 2.0742749407383685 2.195425187904381
463 2.0742749407383685 2.6792464779900733
464 2.074225448396943 2.790503441416572
465 2.074225448396943 2.6981318447117633
466 2.0742179469973863 2.550342831220219
467 2.0742179469973863 2.2728888015577047
468 2.0742179469973863 2.309761719646895
469 2.074212792432809 2.735399256740428
470 2.074212792432809 2.384828916390525
471 2.074212792432809 3.277224468161063
472 2.074212792432809 2.9547275688458536
473 2.074212792432809 2.1962391886873567
474 2.074212792432809 2.1255786974808313
475 2.074212792432809 2.1487716413874898
476 2.074212792432809 2.586685818192168
477 2.074212792432809 2.626675762358647
478 2.074212792432809 3.098731376714594
479 2.074212792432809 2.1605117248835968
480 2.074212792432809 2.1207208444449948
481 2.074212792432809 2.5548993193851657
482 2.074212792432809 2.1896204316554946
483 2.074212792432809 2.8743006936988587
484 2.074212792432809 2.7834678507616086
485 2.074212792432809 2.8649810829331273
486 2.074212792432809 2.6932440788825236
487 2.0741916174909574 3.4254863022270787
488 2.0741916174909574 2.5303564394036484
489 2.0741916174909574 2.2245408465679524
490 2.0741916174909574 2.6796259065890013
491 2.0741916174909574 2.486346343795062
492 2.0724727311471245 2.840013194819721
493 2.0724727311471245 2.4384149965250406
494 2.0724727311471245 2.648824674310329
495 2.0724727311471245 2.5980560364583734
496 2.0724727311471245 2.4024599842397
497 2.0724727311471245 2.4959639385616317
498 2.0724727311471245 3.4165213514399455
499 2.0724727311471245 2.564509027247391
500 2.0724727311471245 2.3228363819157347
501 2.072208305932622 2.8903118858355157
502 2.072208305932622 2.2423576690559743
503 2.072208305932622 2.1588754812625144
504 2.072208305932622 2.8062491674088466
505 2.072208305932622 2.308853852051422
506 2.072208305932622 2.280601117820531
507 2.072208305932622 2.772351261495402
508 2.072208305932622 2.7057790553288648
509 2.072208305932622 2.710547027283559
510 2.072208305932622 2.69214373105547
511 2.072208305932622 2.3170849202022676
512 2.072208305932622 3.0728453324089817
513 2.072208305932622 2.200685370275125
514 2.072208305932622 2.5563208436531517
515 2.072208305932622 2.4768690840057146
516 2.072208305932622 2.3324814383627857
517 2.072208305932622 2.912935365462642
518 2.072208305932622 2.1520149603757392
519 2.072208305932622 2.612595792719219
520 2.072208305932622 2.2708077381349803
521 2.072208305932622 2.9277598782684606
522 2.072208305932622 2.69434778001826
523 2.072208305932622 3.132351560303038
524 2.072208305932622 2.4930418083232873
525 2.072208305932622 2.3173670611209873
526 2.072208305932622 2.3610035411319283
527 2.072208305932622 2.563158013035505
528 2.072208305932622 2.5102880732118122
529 2.072208305932622 2.4139173881622544
530 2.072208305932622 2.1328251452386255
531 2.072208305932622 2.099697289802718
532 2.072208305932622 2.6347885270462528
533 2.072208305932622 3.0331110618329484
534 2.072208305932622 2.7032748445346226
535 2.072208305932622 2.6465262715120432
536 2.0721936383231454 2.5688725226720215
537 2.0721936383231454 2.172589507022088
538 2.0721936383231454 2.190185270604165
539 2.0721936383231454 2.1963378295819176
540 2.0721936383231454 2.7590917460332123
541 2.0721936383231454 2.8652626072870815
542 2.0721936383231454 2.753521001686857
543 2.0721936383231454 2.1920118061817617
544 2.0721936383231454 2.143164929690061
545 2.0721936383231454 2.5394998560810724
546 2.0721936383231454 2.221442694755949
547 2.0721936383231454 2.478492278813916
548 2.0721936383231454 2.8310172893203243
549 2.0721936383231454 3.2269963720845265
550 2.0721936383231454 2.3719408642241326
551 2.0721936383231454 2.2413890263603635
552 2.0721724511972317 2.7971497230204285
553 2.0721724511972317 2.3707467201558985
554 2.0721724511972317 2.559642760368936
555 2.0721724511972317 2.797397906894781
556 2.0721724511972317 2.8714904239137424
557 2.0721724511972317 2.4857122505602156
558 2.0721724511972317 2.3474444283803195
559 2.0721724511972317 2.524222979775043
560 2.0721724511972317 2.1706573221421985
561 2.0721724511972317 2.196627702775047
562 2.0721724511972317 2.155247961027716
563 2.069358379521597 2.5578188727952282
564 2.069358379521597 2.819231513960225
565 2.069325674847137 2.159967487013445
566 2.069325674847137 2.4131215807604898
567 2.069325674847137 2.2464117819288365
568 2.069325674847137 3.041946038937781
569 2.069325674847137 3.169349531708103
570 2.069325674847137 2.240837244645394
571 2.069325674847137 2.370835258759792
572 2.069325674847137 2.6315385931624307
573 2.069325674847137 2.2512835763936256
574 2.069325674847137 2.328756567665741
575 2.069325674847137 2.524881687875255
576 2.069325674847137 2.211974359699275
577 2.069325674847137 2.2236722412496728
578 2.0692406832155563 2.0952284058921644
579 2.0692406832155563 2.6464896745818005
580 2.0692406832155563 2.094475842959985
581 2.0692406832155563 2.568133652434737
582 2.0692406832155563 2.1353150674189383
583 2.0692406832155563 2.255543049775271
584 2.068933568158025 2.7948681692389297
585 2.068933568158025 2.3916056278992546
586 2.068933568158025 2.3561833145063567
587 2.0689123583127724 2.1421480342409094
588 2.0689123583127724 2.4990409404029763
589 2.0689123583127724 2.4916666708704445
590 2.0689123583127724 2.700604104554225
591 2.0689123583127724 2.6573602740727496
592 2.0689123583127724 2.3181184175691296
593 2.0689123583127724 2.7326859918781907
594 2.0689123583127724 2.1110680272838835
595 2.0689123583127724 2.4891052262273567
596 2.0689123583127724 2.4951018686015463
597 2.0689123583127724 2.6726492029447972
598 2.0689123583127724 2.6719452240908974
599 2.0689123583127724 2.9616676089993645
600 2.0689123583127724 2.5464412844061797
601 2.0689123583127724 2.1743734975204525
602 2.0689123583127724 2.2673664574961863
603 2.0689123583127724 2.3232952929194366
604 2.063696500038313 2.1460593174601397
605 2.063696500038313 2.7393505837575582
606 2.063563740553431 2.790363402856822
607 2.057444416334749 2.276123566253932
608 2.057444416334749 2.4966745666448107
609 2.057444416334749 2.4518082556742424
610 2.057395118183743 2.378246921820665
611 2.0545939363178274 2.6328391374593054
612 2.0545939363178274 2.324334739227057
613 2.054544652136351 2.2892131581329944
614 2.054544652136351 2.7257234841069997
615 2.054544652136351 2.9996686783181246
616 2.0545338128579806 2.488861368121897
617 2.0545338128579806 2.413670713600276
618 2.0545338128579806 2.8933083434144873
619 2.054523566343568 2.244233527194867
620 2.054523566343568 2.1973513404813283
621 2.054523566343568 2.285195420926028
622 2.054523566343568 3.2360704657322965
623 2.054523566343568 2.8834907247347763
624 2.054523566343568 2.7038837417620125
625 2.054523566343568 3.2016496344247027
626 2.054517283433124 2.5885552321501417
627 2.0542200072490915 2.243340563016281
628 2.0542200072490915 2.5182621482613383
629 2.0542200072490915 2.6692091369065327
630 2.0542200072490915 2.333517660445308
631 2.0542200072490915 2.343723287972739
632 2.0542200072490915 3.0653835589175604
633 2.0542200072490915 3.2887195101383844
634 2.0542200072490915 2.584903744469253
635 2.0542200072490915 2.928402229621911
636 2.0540937367852625 2.5141179720932185
637 2.0540937367852625 2.743198998696773
638 2.0538352352028935 2.3905506123056472
639 2.0538352352028935 2.49237299766909
640 2.0538352352028935 2.7661498534138387
641 2.0538352352028935 2.7573773350561557
642 2.0538352352028935 2.8961505615966314
643 2.0538352352028935 2.8112370463803784
644 2.0538352352028935 2.393427765913411
645 2.0537304081017873 2.3286464103442417
646 2.0537304081017873 2.3318337580100943
647 2.0537304081017873 2.178647036203843
648 2.0537304081017873 2.8512774889721437
649 2.0537304081017873 2.7626887383328746
650 2.0537304081017873 2.50497102502997
651 2.0537304081017873 2.960213333120348
652 2.0537304081017873 2.8362611696203266
653 2.0537304081017873 2.2594702983504615
654 2.0537304081017873 2.7027963234290264
655 2.0537304081017873 2.4901742882148317
656 2.0537304081017873 2.5070363621013487
657 2.0537304081017873 2.4052394454924455
658 2.0537304081017873 2.3928504256098138
659 2.0537304081017873 2.150960727911961
660 2.0537304081017873 2.356035786184981
661 2.0537304081017873 2.4982866052157386
662 2.0537304081017873 2.560632363514233
663 2.0537195590309842 2.7244648946708274
664 2.0537195590309842 2.838572978514364
665 2.0537195590309842 2.713838956385564
666 2.0537195590309842 2.153162077463676
667 2.0537195590309842 2.3184753968477665
668 2.0537195590309842 2.396653342936337
669 2.0537080327612807 2.949864925458694
670 2.0537080327612807 2.696483556093263
671 2.0537080327612807 2.293542419120292
672 2.0537080327612807 2.2427223689184332
673 2.0537080327612807 3.110717061980505
674 2.0537080327612807 2.240465319735273
675 2.0537080327612807 2.2372257432382194
676 2.0537080327612807 3.172468928774435
677 2.0537076665044594 2.3613485011935103
678 2.0537076665044594 2.401843527750941
679 2.0537076665044594 3.1946856334031337
680 2.0537076665044594 2.466190001270696
681 2.0537076665044594 2.300200713464706
682 2.0537076665044594 2.381570630125978
683 2.0537076665044594 2.446284843581987
684 2.0537076665044594 2.33440612913946
685 2.053704099726706 3.037909691869434
686 2.053704099726706 2.9702943824399943
687 2.053704099726706 2.167330625726569
688 2.053704099726706 3.032524936104628
689 2.053704099726706 2.2485289385834797
690 2.053704099726706 2.399622217196913
691 2.053704099726706 2.2543082680457616
692 2.053704099726706 2.1008564215767533
693 2.053704099726706 2.653716972215485
694 2.053704099726706 3.3176784232463246
695 2.053704099726706 2.352048924620572
696 2.053704099726706 2.2392205709740547
697 2.053704099726706 2.830554256374892
698 2.053704099726706 2.08249608904942
699 2.053704099726706 2.2319889991655026
700 2.053704099726706 2.4257906952506545
701 2.053704099726706 3.257765324240056
702 2.053704099726706 2.155088084839016
703 2.053704099726706 2.34429180402584
704 2.053704099726706 2.875988330750987
705 2.053704099726706 3.0772196613727267
706 2.053704099726706 2.2120454762926984
707 2.0536946232281874 2.0737276603609187
708 2.0536946232281874 2.0706418722746633
709 2.0536946232281874 2.06894116965271
710 2.0536946232281874 2.202990120368985
711 2.0536946232281874 2.632183573273596
712 2.0536946232281874 2.815306443228155
713 2.0536946232281874 2.2489417868040427
714 2.0536946232281874 2.3423743159654755
715 2.0536946232281874 2.2790865251050487
716 2.0536946232281874 2.497669365163679
717 2.0536946232281874 2.532750639861818
718 2.0536946232281874 2.7750299644357144
719 2.0536946232281874 2.659161648599057
720 2.0536946232281874 2.4350765191593635
721 2.0536946232281874 2.3881601706129016
722 2.0536946232281874 2.179542695538666
723 2.0536946232281874 2.0620477055974162
724 2.0536946232281874 2.3608389459195838
725 2.0536946232281874 2.319277792399092
726 2.0536946232281874 2.6423884252743757
727 2.0536946232281874 3.3612746090184924
728 2.0536946232281874 2.599932854649615
729 2.0536945772344373 2.1656461518978776
730 2.0536945772344373 2.060721874886152
731 2.0536945772344373 2.0616895979598326
732 2.0536945772344373 2.5976086297751273
733 2.0536945772344373 2.446001624942888
734 2.0536945772344373 3.064964190405311
735 2.053687803337827 2.465505751390794
736 2.0536864587629915 2.154964301349942
737 2.0536864587629915 2.8380189827976703
738 2.0536864587629915 2.6042409412432925
739 2.0536864587629915 2.1131766786402486
740 2.0536864587629915 2.1658686213408003
741 2.0536864587629915 2.3213499385841727
742 2.0536864587629915 2.4053645494751708
743 2.0536864587629915 2.372195916824342
744 2.0536864587629915 2.5595155922793067
745 2.0536858975577035 2.1382387849028763
746 2.0536858975577035 2.9430171909788516
747 2.053620301116412 2.067173584911811
748 2.053620301116412 2.3923031647806914
749 2.053606643785317 2.195334935613999
750 2.053606643785317 2.0616566611144274
751 2.053606643785317 2.337934235578959
752 2.053606643785317 2.170051910962174
753 2.053606643785317 2.3939438799304322
754 2.0536011728378054 2.1753293766076878
755 2.0536011728378054 2.063077427733048
756 2.0536011728378054 2.062654708177445
757 2.0536011728378054 2.292638166063772
758 2.0536011728378054 2.063856559490793
759 2.0536011728378054 2.063352716951392
760 2.0536011728378054 2.9466898742960796
761 2.0536011728378054 2.554136349927942
762 2.0536011728378054 2.6076150893973375
763 2.0536011728378054 2.9022391922328605
764 2.0536011728378054 2.3646395362391033
765 2.0536011728378054 2.998262606519918
766 2.0536011728378054 2.8784725862097336
767 2.0536011728378054 2.468001793279135
768 2.0536011728378054 2.4695808268546084
769 2.0536011728378054 2.086658106322033
770 2.0536011728378054 2.2479565536141934
771 2.051943442099972 2.60005265563008
772 2.051943442099972 2.950827871355986
773 2.0519237063938722 2.303237068049686
774 2.0519237063938722 2.7105456035082978
775 2.0519237063938722 2.359022903737152
776 2.0519237063938722 2.611343235613453
777 2.050535284375407 2.59321812293717
778 2.0459308038764084 2.474908569544846
779 2.0459308038764084 3.210196957372174
780 2.0459308038764084 2.3492810759397056
781 2.0459308038764084 2.3395494693594845
782 2.0454512164314242 2.3046525621054057
783 2.0454512164314242 2.331564517519243
784 2.0454512164314242 2.208856683317045
785 2.0454512164314242 2.280699067341726
786 2.0454364045168854 2.214651684630578
787 2.0453559816498803 2.182930507977444
788 2.0453559816498803 2.2599578345850557
789 2.0453405846782204 2.0609742008698215
790 2.0453405846782204 2.0606475850623167
791 2.0453405846782204 2.0617342121111606
792 2.035745594052211 2.4696432702529574
793 2.035745594052211 2.3979707265730035
794 2.035745594052211 2.736314306432756
795 2.035745594052211 2.6632776113900967
796 2.035745594052211 2.715394730655604
797 2.03509214855636 2.722903944732637
798 2.0350900427858036 2.6219000646920465
799 2.0350893547196227 2.222315997300021
800 2.0350797105801424 2.759204325835084
801 2.0350797105801424 2.48512964158049
802 2.0350797105801424 2.301246734919513
803 2.0350797105801424 2.082091988915907
804 2.0350797105801424 2.178031769282418
805 2.034509665775381 2.352796986456898
806 2.034509665775381 2.605146611048333
807 2.034497033739113 2.480728092354416
808 2.0344942434810744 2.258232208889144
809 2.0344942434810744 2.643841075225098
810 2.034479398250006 2.962457928717597
811 2.034479398250006 2.6374084798901003
812 2.034479398250006 2.4070852153872755
813 2.034479398250006 2.0605743324928647
814 2.034479398250006 2.5058350670723675
815 2.034479372900475 2.759585641493735
816 2.03447921838068 2.681517237052528
817 2.03447921838068 2.3459228147020887
818 2.03447921838068 2.7023095690679213
819 2.03447921838068 2.7497774952928284
820 2.03447921838068 2.2253638792303763
821 2.034474461098073 2.546037486815601
822 2.034474461098073 2.9389992200985606
823 2.034474461098073 2.466048916174175
824 2.0344723580091317 2.912248883290195
825 2.0344723580091317 2.747287130171914
826 2.0344723580091317 2.6941349644208117
827 2.0344723580091317 2.1237874153546326
828 2.0344723580091317 2.8882079635054305
829 2.0344723580091317 2.310842968407206
830 2.0344723580091317 2.2039157258646953
831 2.0344723580091317 2.4829508931957402
832 2.0344723580091317 2.7889479714229766
833 2.0344723580091317 2.8407007996322218
834 2.0344723580091317 2.2444893157446217
835 2.0344723580091317 2.1710203355622597
836 2.0344723580091317 2.942186150156425
837 2.0344723580091317 2.5457839230861428
838 2.0344723580091317 2.2440293108805176
839 2.0344723580091317 2.3499628320753296
840 2.0344723580091317 2.2098244310308996
841 2.0344723580091317 2.060815673375683
842 2.0344723580091317 2.063142888889334
843 2.0344723580091317 2.342577991747407
844 2.0344723580091317 2.6242180784953915
845 2.0344723580091317 2.0614605295112582
846 2.0344723580091317 2.3337198645421022
847 2.0344723580091317 2.128861753577345
848 2.0344723580091317 2.3067660606330587
849 2.0344723580091317 2.513414201809442
850 2.0344723580091317 2.6450929802487457
851 2.0344723580091317 2.5078397843298483
852 2.0344723580091317 2.259806347230767
853 2.0344723580091317 2.49080889556092
854 2.0344723580091317 2.484748466556017
855 2.0344723580091317 2.883133880874443
856 2.0344723580091317 3.488780851708056
857 2.0344723580091317 3.3238914480752713
858 2.0344723580091317 2.5184673550674175
859 2.0344723580091317 2.2333947969795074
860 2.0344677961237334 2.1192615011601137
861 2.0344677961237334 2.3784922490436333
862 2.0344677961237334 2.134167652641038
863 2.0344677961237334 2.958483199932076
864 2.0344677961237334 2.7420164976664507
865 2.0344656932187175 2.6090111249609236
866 2.0344656932187175 2.5013334146656026
867 2.0344656932187175 2.3022500183215886
868 2.0344656932187175 2.0607403486305675
869 2.0344647525029895 2.8819682629012733
870 2.0344647525029895 2.457707595256672
871 2.0344580886963546 2.408169910901243
872 2.0344580886963546 2.9090420187373094
873 2.0344580886963546 2.5618353653580237
874 2.0344580886963546 2.164584971589729
875 2.0344580886963546 2.2305331802839756
876 2.0344580886963546 2.0806048647213125
877 2.0344580886963546 2.3200109174159325
878 2.0344580886963546 2.048033925663246
879 2.0344580886963546 2.3233614926835493
880 2.0344580886963546 2.0494861932901074
881 2.0344580886963546 2.4914880432830624
882 2.0344580886963546 3.04717312610107
883 2.0344580886963546 2.9825140813398754
884 2.0344580886963546 2.4138437011439398
885 2.0344580886963546 2.4877607693484816
886 2.0344580886963546 2.4940997428202625
887 2.0344580886963546 2.489787776837566
888 2.0344580886963546 2.2510867507193097
889 2.0344580886963546 2.316585149005974
890 2.0344580886963546 2.402608844156561
891 2.0344580886963546 2.753724853636187
892 2.0344580886963546 2.119586478535188
893 2.0344580886963546 2.195756623122152
894 2.0344580886963546 2.339810790886973
895 2.0344580886963546 2.0958478597652728
896 2.0344579319001572 2.3743516787908177
897 2.0344579319001572 2.3441109672936506
898 2.0344579319001572 2.674983700747418
899 2.0344579319001572 3.380182364416787
900 2.0344579319001572 2.7407792159531352
901 2.0344579319001572 2.070876386163477
902 2.0344579319001572 2.0543146713064924
903 2.0344549436628823 2.623175661966339
904 2.0344549436628823 2.0565644421728853
905 2.0344549436628823 2.500336436962365
906 2.0344549436628823 2.1894542801151466
907 2.0344549436628823 2.489030247675788
908 2.0344549436628823 2.4556224208131563
909 2.0344549436628823 2.3503078583652295
910 2.0344549436628823 2.4064672225539554
911 2.0344549436628823 2.224592031875595
912 2.034454706816309 2.197611878518287
913 2.034454706816309 2.053995727369338
914 2.034454706816309 2.7745536599553917
915 2.03445342647893 2.662263207725784
916 2.03445342647893 2.9037019176826377
917 2.03445342647893 2.705731216137437
918 2.03445342647893 2.322573670177501
919 2.03445342647893 2.2813626293033904
920 2.03445342647893 2.5100153980599624
921 2.03445342647893 2.0530062456637377
922 2.03445342647893 2.2029352374440676
923 2.03445342647893 2.1034391369284227
924 2.03445342647893 2.1024633825528225
925 2.03445342647893 2.1639367011168975
926 2.03445342647893 2.4722814892664657
927 2.03445342647893 2.5016313913246875
928 2.03445342647893 2.4266418129849145
929 2.03445342647893 2.7951828900738183
930 2.03445342647893 2.1863363506086237
931 2.03445342647893 2.793788915935143
932 2.03445342647893 2.795947282324022
933 2.03445342647893 2.864315677110428
934 2.03445342647893 2.350728200945664
935 2.03445342647893 2.510334138630753
936 2.03445342647893 2.657479244308665
937 2.03445342647893 2.9137972267043066
938 2.03445342647893 3.007004549183941
939 2.03445342647893 2.381209271585385
940 2.03445342647893 3.168426024562768
941 2.03445342647893 2.3335224970625648
942 2.03445342647893 2.60090620777161
943 2.03445342647893 2.366650480741294
944 2.03445342647893 2.280935668712446
945 2.03445342647893 2.3554099289040256
946 2.03445342647893 2.6861916754914295
947 2.03445342647893 2.1692372840463836
948 2.03445342647893 2.322920274217897
949 2.03445342647893 2.6563654273360355
950 2.03445342647893 2.494693939090578
951 2.03445342647893 2.673543674385313
952 2.03445342647893 2.691674857894045
953 2.03445342647893 2.2853513950870337
954 2.03445342647893 2.057217257174089
955 2.03445342647893 2.343127364218209
956 2.03445342647893 2.197460337482111
957 2.03445342647893 2.581979329416177
958 2.03445342647893 2.673155986967564
959 2.03445342647893 2.1403087559551413
960 2.03445342647893 2.5620484302236157
961 2.03445342647893 2.299966589036728
962 2.03445342647893 2.1892376689716415
963 2.03445342647893 2.246164063144427
964 2.03445342647893 2.186395372555806
965 2.03445342647893 2.5279194900698405
966 2.03445342647893 2.393953503021063
967 2.03445342647893 2.7889393221781056
968 2.0344531896366265 2.2922958980120187
969 2.0344531896366265 3.0822397058718973
970 2.0344531896366265 2.7861791685500634
971 2.0344531896366265 2.7303686573983437
972 2.0344531896366265 2.426172189551121
973 2.0344531896366265 2.627113540528332
974 2.0344531896366265 2.868619082645262
975 2.0344531896366265 2.4407217719241645
976 2.0344531896366265 2.0547215519752884
977 2.0344531896366265 2.266079117172142
978 2.0344531896366265 2.2184463029339576
979 2.0344531896366265 2.190644608356438
980 2.0344531896366265 2.3640017261290085
981 2.0344531896366265 2.1490508556854784
982 2.0344531896366265 2.2114630579450103
983 2.0344531896366265 2.2576128015333365
984 2.0344531896366265 2.884555087185914
985 2.0344531896366265 2.2917874559393745
986 2.0344531896366265 2.4009415910940075
987 2.0344531896366265 2.1186683578736423
988 2.0344531896366265 2.6706293308560776
989 2.0344531896366265 2.042444652944805
990 2.0344531896366265 2.0417741526669433
991 2.0344531896366265 2.143730428670374
992 2.0344531896366265 2.3502847043026476
993 2.0344531896366265 2.3258783276297375
994 2.0344531896366265 2.4936963570643003
995 2.0344531896366265 2.041311777066422
996 2.0344531896366265 2.593831764845934
997 2.0344531896366265 2.795054800229311
998 2.0344531896366265 3.0834747908688263
999 2.0344531896366265 3.093874339248467
