# iteración mejor promedio
0 17.359791891298453 20.98320713934382
1 17.305464680564533 20.92801784193663
2 17.305464680564533 20.928703900969825
3 17.305464680564533 20.916495873992513
4 16.325768839042237 20.893549622723054
5 16.325768839042237 20.853256610247403
6 16.325768839042237 20.81332803653256
7 16.325768839042237 20.719610980889993
8 16.325768839042237 20.736698281020587
9 15.60590326698603 20.717752542180705
10 15.60590326698603 20.72671944768204
11 15.60590326698603 20.74117027164592
12 15.60590326698603 20.751332143243886
13 15.60590326698603 20.722961114934982
14 14.929689540834403 20.690347704531078
15 14.929689540834403 20.650404206549716
16 14.929689540834403 20.652231512871925
17 14.929689540834403 20.70994532688987
18 14.929689540834403 20.669242005790352
19 14.929689540834403 20.635453318842075
20 14.929689540834405 20.664555867457974
21 14.86133329422879 20.651187414479164
22 14.86133329422879 20.6807233867579
23 14.86133329422879 20.656669286246046
24 14.86133329422879 20.6460267728925
25 14.86133329422879 20.576454688959046
26 14.86133329422879 20.609309766399033
27 14.86133329422879 20.569546350887773
28 14.86133329422879 20.512509342168492
29 14.86133329422879 20.567139534256054
30 14.86133329422879 20.605490569574044
31 14.86133329422879 20.597651877909183
32 14.86133329422879 20.581485225059037
33 14.86133329422879 20.517705220814502
34 14.86133329422879 20.566275172737672
35 14.86133329422879 20.59539614419656
36 14.86133329422879 20.54212631833768
37 14.86133329422879 20.488549550165036
38 14.86133329422879 20.411968950104445
39 14.61387703917676 20.45511273226629
40 14.61387703917676 20.40667369041198
41 14.61387703917676 20.371561817741075
42 14.61387703917676 20.27625640379647
43 14.61387703917676 20.30424217800893
44 14.61387703917676 20.305449411006006
45 14.61387703917676 20.175136904321125
46 14.61387703917676 20.182194974260305
47 14.61387703917676 20.18451655098996
48 14.61387703917676 20.233662469734583
49 14.61387703917676 20.207914808404517
50 14.61387703917676 20.17629867296022
51 14.61387703917676 20.12922871937899
52 14.572649420206996 19.987410894271758
53 14.572649420206996 19.992077074858752
54 14.566575980636367 19.839816373694433
55 14.566575980636367 19.900099936795396
56 14.566575980636367 19.941188730581842
57 14.566575980636367 19.928134635271373
58 13.726777445512095 19.966529630891415
59 13.716226698914209 19.78022355193363
60 13.716226698914209 19.727565258845505
61 13.412242494195 19.611165265917876
62 13.412242494195 19.730237615164864
63 13.412242494195 19.656249981400528
64 13.412242494195 19.76928680253766
65 13.412242494195 19.718608084358692
66 13.22489722923752 19.417777887941746
67 13.22489722923752 19.44443689534086
68 13.221235099675162 19.64989289387523
69 13.221235099675162 19.51983411647564
70 13.221235099675162 19.52004844351672
71 13.221235099675162 19.405274792444985
72 13.221235099675162 19.420232818943358
73 13.221235099675162 19.46628481129625
74 13.221235099675162 19.377704277195342
75 13.221235099675162 19.249840063960928
76 13.221235099675162 19.34331171873207
77 13.221235099675162 19.221914007418015
78 13.221235099675162 19.098440352373192
79 13.221235099675162 19.169720451463558
80 12.857412121270123 19.00840585291271
81 12.857412121270123 18.88936043877251
82 12.857412121270123 18.917458159314556
83 12.857412121270123 18.9263592386587
84 12.276059673082708 18.827303637354888
85 11.871751707366144 19.030397844068784
86 11.091784072372032 19.179657016065875
87 11.091784072372032 19.179980255663818
88 9.99100362463045 18.995555216094505
89 9.99100362463045 18.845563785840888
90 9.99100362463045 19.039843885138144
91 9.99100362463045 19.057365693898916
92 9.99100362463045 19.05276241111463
93 9.99100362463045 19.014964198972233
94 9.99100362463045 18.999015000634408
95 9.99100362463045 18.825283104708706
96 9.99100362463045 18.770376939202208
97 9.99100362463045 18.593449461169833
98 9.73845958100208 18.597139365818837
99 9.184608386157054 18.409899141161624
100 9.184608386157054 18.339279898239177
101 9.184608386157054 18.032180319542057
102 9.184608386157054 17.97133150165763
103 9.015534212570726 18.001624908500073
104 9.015534212570726 17.715683485343973
105 9.015534212570726 17.36210955866038
106 9.015534212570726 17.177666655921588
107 9.015534212570726 16.926721711542825
108 9.015534212570726 16.79754565218681
109 8.748150657668956 16.506551495817142
110 8.748150657668956 15.962368476685164
111 7.399484231892106 15.607209349245641
112 7.399484231892106 15.033270891700095
113 7.068264482983347 14.770347437052763
114 7.068264482983347 14.685803674150762
115 7.068264482983347 14.191214352890023
116 6.995974770337166 14.511644416332665
117 6.995974770337166 14.068638773341371
118 6.995974770337166 13.689338837800465
119 6.995974770337166 13.01299893622385
120 6.580166391073904 12.981222661982724
121 6.580166391073904 12.647880272799172
122 6.580166391073904 12.88738495772271
123 6.580166391073904 12.23132656728811
124 6.580166391073904 11.731656851001919
125 6.580166391073904 11.754982024297492
126 6.580166391073904 11.713409756969115
127 6.5237800017348455 12.203088458061982
128 6.5237800017348455 11.354392322968305
129 6.5237800017348455 11.447449861012144
130 6.5237800017348455 11.17189811850571
131 6.187609048971131 10.912036196811997
132 6.187609048971131 10.631414266654163
133 6.187609048971131 10.56957035631903
134 6.187609048971131 11.225327343267315
135 6.187609048971131 10.797725958858058
136 6.041466507614566 10.745332306482073
137 5.93386181309493 10.383414507596413
138 5.93386181309493 9.456411325718095
139 5.928540757413245 9.57347735863127
140 5.928540757413245 9.98463677046229
141 5.928540757413245 10.130461514878466
142 5.928540757413245 10.199270703075953
143 5.928540757413245 10.361319438279263
144 5.928540757413245 10.811089091446505
145 5.928540757413245 10.195527971195293
146 5.928540757413245 9.909413464777101
147 5.895407481483238 9.634451020962068
148 5.895407481483238 9.516131764176732
149 5.895407481483238 9.403826227963965
150 5.895407481483238 9.295079025982496
151 5.8481661431552325 9.103120997164192
152 5.8481661431552325 8.535018659913863
153 5.8481661431552325 8.367923158918455
154 5.8481661431552325 9.615125515371588
155 5.842247574659234 9.193668275830596
156 5.842247574659234 8.806419395513215
157 5.801951997821653 8.87297216969499
158 5.801951997821653 8.652144190044174
159 5.801951997821653 8.666573617308309
160 5.801951997821653 8.700899631711547
161 5.594907094927834 8.459100103902069
162 5.576867640409308 8.579238538064782
163 5.576867640409308 8.199178690334145
164 5.529684878498323 8.111546880760745
165 5.529684878498323 8.001878480586756
166 5.529684878498323 7.623315820199816
167 5.529684878498323 7.899106496181702
168 5.529684878498323 7.5427931757959605
169 5.529684878498323 7.388306906471514
170 5.529684878498323 7.670093343816443
171 5.529684878498323 7.578873119440885
172 5.529684878498323 7.8346810632743
173 5.529684878498323 7.65463821399775
174 5.529684878498323 8.012729924269324
175 5.529684878498323 7.802782436064266
176 5.488129233100979 7.830313798421782
177 5.336287429266232 7.652379835924554
178 5.336221622962778 7.614732716029725
179 5.336221622962778 7.6714746864082395
180 5.336221622962778 7.679859262263318
181 5.336221622962778 7.14043768731671
182 5.336221622962778 7.113348700795156
183 5.336221622962778 7.078614454420652
184 5.336221622962778 7.439135278000099
185 5.336221622962778 7.102912890856548
186 5.336221622962778 7.612118295307121
187 5.336221622962778 7.6462637613647075
188 5.336221622962778 7.81638144017454
189 5.336221622962778 7.191253506157997
190 5.336221622962778 7.301553209019936
191 5.336221622962778 7.10601457634751
192 5.336221622962778 7.276702661997016
193 5.336221622962778 7.302275912599823
194 5.336221622962778 7.88972705254534
195 5.336221622962778 7.842265223649451
196 5.336221622962778 7.95067242612507
197 5.336221622962778 7.498874985351255
198 5.336221622962778 7.801237477361692
199 5.336221622962778 6.90644277557184
200 5.336221622962778 7.389429678490371
201 5.30237564248721 7.067876210464678
202 5.30237564248721 6.946188510738117
203 5.30237564248721 6.907221551539126
204 5.296066527105678 7.592903320912044
205 5.253261217232826 7.232967242492403
206 5.253261217232826 6.984079926696815
207 5.253261217232826 6.624457620636274
208 5.253261217232826 6.815503339893183
209 5.253261217232826 6.683094308904771
210 5.253261217232826 6.977033923171038
211 5.253261217232826 6.5733150036235966
212 5.253261217232826 6.873445763887775
213 5.253261217232826 6.983621813913796
214 5.253261217232826 6.4090020261434395
215 5.251586781919855 6.677313013325637
216 5.251586781919855 6.465123642930207
217 5.251586781919855 6.879296496453716
218 5.251586781919855 6.819831301940012
219 5.251586781919855 6.210047695785931
220 5.251586781919855 6.00052045359046
221 5.251586781919855 6.2463010949210265
222 5.251586781919855 6.074357807161586
223 5.251586781919855 6.208735536614612
224 5.251586781919855 6.5955995030380015
225 5.251586781919855 6.411108564148666
226 5.251570206580255 6.727284877459069
227 5.251570206580255 6.639430040766809
228 5.251570206580255 6.862204548466474
229 5.251570206580255 6.266225044630645
230 5.251570206580255 6.7162264562478
231 5.251570206580255 6.897874204299654
232 5.251570206580255 6.2082589039303455
233 5.251570206580255 6.23928166661749
234 5.251570206580255 6.672869292037327
235 5.251570206580255 6.438931126866127
236 5.251570206580255 6.307091588735317
237 5.251570206580255 6.755639672971842
238 5.251570206580255 6.697077318315859
239 5.251570206580255 6.204141982668109
240 5.251570206580255 6.3778449592448885
241 5.251570206580255 6.563642205761829
242 5.175191804894839 6.846470846035869
243 5.175191804894839 6.9080526645229945
244 5.161024251848675 6.66427563247204
245 5.161024251848675 6.580208327846872
246 5.160810276824351 6.5590374415338575
247 5.160810276824351 6.588793793380066
248 5.135652158152076 6.532516412985249
249 5.135652158152076 6.24790351270568
250 5.135652158152076 6.242447360721876
251 5.135652158152076 6.128659630308847
252 5.135652158152076 6.232145251496191
253 5.033897493589393 6.290842136588319
254 5.014260369805963 6.050728552603042
255 5.014260369805963 6.068092489628395
256 5.014260369805963 6.315635853359669
257 5.014260369805963 6.063558127358574
258 5.014260369805963 5.8807459970604326
259 5.014260369805963 6.214105319977603
260 5.014260369805963 6.484087886578276
261 5.014260369805963 6.846460044868153
262 5.014260369805963 6.9225190416052405
263 5.014260369805963 6.990508722517315
264 5.014260369805963 6.513618114902827
265 5.014260369805963 6.132463021645724
266 5.014260369805963 6.152188860660716
267 5.014260369805963 5.998246251127703
268 5.014260369805963 6.187404061114279
269 5.014260369805963 6.190317509815808
270 5.014260369805963 6.41410734371284
271 5.014260369805963 6.245965847959173
272 5.014205428856011 5.940874119091931
273 5.014205428856011 6.322707280992507
274 5.014205428856011 6.577317848592672
275 5.014205428856011 6.46001594387613
276 5.009059253239263 6.22518521923969
277 5.009059253239263 6.347970467721211
278 5.009059253239263 5.83920047343679
279 5.009059253239263 6.368133940523893
280 5.0034239186834935 6.443253769633449
281 5.0034239186834935 6.217964512934512
282 5.0034239186834935 6.38797816006915
283 5.0034239186834935 7.2479043347415555
284 5.0034239186834935 6.218516048771774
285 5.0034239186834935 6.273114762105458
286 5.0034239186834935 6.299053654472833
287 5.0034239186834935 6.2490933293593205
288 5.0025652790716295 6.194931437662222
289 5.0025652790716295 6.937448252419183
290 5.0025652790716295 6.302670378114181
291 5.0025652790716295 6.248447725262613
292 5.0025652790716295 6.414328190019238
293 5.0025652790716295 6.775254319431518
294 5.0025652790716295 6.241755107394621
295 5.0025652790716295 6.529849270360176
296 5.0025652790716295 6.532546254042521
297 5.0025652790716295 6.427123361065828
298 5.0025652790716295 6.252627125291407
299 5.0025652790716295 6.193122873961923
300 5.0025652790716295 6.530009720057347
301 5.0025652790716295 5.767495107637059
302 5.0025652790716295 6.900726729152877
303 5.0025652790716295 6.2296291139558795
304 5.0025652790716295 6.943996842629587
305 5.0025652790716295 6.703896535321467
306 5.0025652790716295 6.4143526865862786
307 5.0025652790716295 5.821338909375039
308 4.9989075462718535 6.364926271390512
309 4.9989075462718535 6.3002334438998835
310 4.9989075462718535 6.532819483120271
311 4.9989075462718535 6.833821655788238
312 4.9989075462718535 6.582845087166282
313 4.9989075462718535 6.913362889310273
314 4.9989075462718535 7.077642103653392
315 4.97911547405756 6.6531260108467345
316 4.97911547405756 6.511381852141044
317 4.97911547405756 6.472260510998019
318 4.97911547405756 6.943350857469195
319 4.97911547405756 6.76220124315826
320 4.97911547405756 6.83116699553766
321 4.97911547405756 6.8989189011380345
322 4.97911547405756 6.171523565879173
323 4.97911547405756 6.487821829662553
324 4.979110257806989 6.341276915844169
325 4.979110257806989 5.946998003668885
326 4.979110257806989 5.708406665114512
327 4.979110257806989 5.959021877530662
328 4.979110257806989 5.811059452288792
329 4.976438742327614 6.111837794086787
330 4.976438742327614 5.843537097138453
331 4.976438742327614 5.874390357038987
332 4.976438742327614 6.032214308509133
333 4.976438742327614 6.190488423177421
334 4.976438742327614 6.135997409278185
335 4.976438742327614 6.261368473147781
336 4.976438742327614 6.035198781578495
337 4.976438742327614 5.890557421962833
338 4.976438742327614 6.185933636328633
339 4.976438742327614 6.592769619088188
340 4.976438742327614 6.658351365019516
341 4.976438742327614 6.5230132705882795
342 4.964440542347074 6.687591660703141
343 4.964440542347074 6.110637002247475
344 4.964440542347074 6.147665301846614
345 4.964440542347074 6.187818313549026
346 4.964440542347074 5.756639580601042
347 4.9607139569360035 5.808116879588191
348 4.9607139569360035 6.199220416830876
349 4.9607139569360035 6.363207711177918
350 4.9607139569360035 5.94954054372563
351 4.9607139569360035 5.942810289044221
352 4.9607139569360035 6.563278138859175
353 4.9607139569360035 6.774420013141796
354 4.9607139569360035 6.364572281685463
355 4.9607139569360035 6.116153305444004
356 4.960698269298885 5.744187567392296
357 4.960698269298885 5.505727839736149
358 4.960698269298885 5.464101063857864
359 4.960698269298885 5.750865950824084
360 4.960698269298885 6.107557007857354
361 4.960698269298885 5.702182223852085
362 4.960698269298885 5.964674467678458
363 4.960519941317666 5.647527386655882
364 4.9597543213474715 6.041699704737225
365 4.9597543213474715 6.120203153973303
366 4.959731803606353 6.109806622394964
367 4.952684689578727 6.22810268897617
368 4.952684689578727 6.349770599241186
369 4.952684689578727 6.143649925362
370 4.952684689578727 5.839532491710405
371 4.952684689578727 5.974628995153804
372 4.946880997588828 5.942192950317242
373 4.946880997588828 6.294279332318817
374 4.946880997588828 5.859558397257889
375 4.946880997588828 5.901434651778441
376 4.946880997588828 5.699883473488843
377 4.946880997588828 5.8417550634135464
378 4.946880997588828 6.012036327632834
379 4.946880997588828 5.775091741675068
380 4.946880997588828 6.350214273488113
381 4.946581066849595 5.94184784566072
382 4.946499361440299 5.8111735310220185
383 4.946499361440299 5.830024608127834
384 4.946499361440299 5.508796236637881
385 4.942858046242274 5.323777368682568
386 4.942858046242274 5.534065136803792
387 4.942858046242274 5.5679817967314955
388 4.942858046242274 6.09079895610116
389 4.942448893161974 5.661697305058157
390 4.942448893161974 5.38634695106221
391 4.942448893161975 6.070752275267166
392 4.942448893161975 5.824007723501584
393 4.942448893161975 5.833278005854761
394 4.942448893161975 5.874179672016833
395 4.942448893161975 5.783408257747308
396 4.942448893161975 5.812154497073248
397 4.942448893161975 6.124592250017607
398 4.942448893161975 6.302028173943881
399 4.942448893161975 6.214064753498857
400 4.942448893161975 6.354208431998262
401 4.942448893161975 6.19662660415005
402 4.942448893161975 6.010720761148043
403 4.942448893161975 6.0582546204724546
404 4.942448893161975 6.005809066473983
405 4.942448893161975 6.3654151836482376
406 4.942448893161975 6.530612932436713
407 4.942448893161975 6.3113521973801925
408 4.942448893161975 6.0819674783259305
409 4.942448893161975 6.154858265368265
410 4.942448893161975 6.20154228443134
411 4.942448893161975 5.929909334499786
412 4.942448893161975 6.4314304552274235
413 4.942448893161975 6.204302492451748
414 4.873868496439135 6.79096121135547
415 4.873868496439135 5.974589915827835
416 4.87379604170562 5.777566703200804
417 4.87326492352932 6.582234022919135
418 4.87326492352932 6.167285577459725
419 4.87326492352932 5.815215991946558
420 4.87326492352932 5.8292819261834055
421 4.861088032070164 6.728808456626992
422 4.861088032070164 6.40132012964192
423 4.8609139209566115 6.717382269858046
424 4.859722527421788 6.119664105914179
425 4.859722527421788 6.483947328378527
426 3.4339737491716185 5.945049825968682
427 3.4339737491716185 5.744569787830663
428 3.4339737491716185 5.2963255727275325
429 3.417940839863938 6.057357312304237
430 3.277267734624748 5.66614204393204
431 3.2451237043405383 5.635143909766116
432 3.220873451406214 6.153812889575929
433 2.52591820050151 6.254628105367759
434 2.4405939898579505 5.7895021280345365
435 2.440563317462872 5.164787789697403
436 2.2034324478742446 5.082001814626375
437 2.1652909340771602 4.5113922350716855
438 2.1652909340771602 4.581292869560279
439 2.0566997034290884 4.028059685091852
440 1.748685838774251 4.764268048378409
441 1.748685838774251 4.226943261186815
442 1.748685838774251 3.4859197197154224
443 1.748685838774251 2.937661308338574
444 1.748685838774251 2.8867616674307577
445 1.7462074791441071 2.8577145498282817
446 1.7427921988845818 2.7089466924349375
447 1.7427921988845818 2.814952036913522
448 1.7427921988845818 2.66869298196613
449 1.7427921988845818 2.5414262257333453
450 1.7427921988845818 2.3415531499909696
451 1.7426510394642003 2.8648524306902488
452 1.7426510394642003 3.0786800860114556
453 1.7426510394642003 3.1590363444571232
454 1.7426510394642003 2.48725134912155
455 1.7426510394642003 2.3352341586803917
456 1.7371606527180106 2.4163172075696338
457 1.7371606527180106 2.521707406569336
458 1.7371606527180106 2.3019769364170735
459 1.7371606527180106 2.606834479123465
460 1.7365203052524243 2.100392476904632
461 1.7365203052524243 2.4327420999308003
462 1.7365203052524243 3.0299441103081524
463 1.7365203052524243 2.2718154756836744
464 1.7365203052524243 2.258527548092139
465 1.7365203052524243 2.0930226529595335
466 1.7365203052524243 2.4558279624315547
467 1.7365203052524243 2.219060956104829
468 1.7365203052524243 2.3245290292058742
469 1.7365203052524243 2.5525370271071988
470 1.7365203052524243 2.16998904615943
471 1.7364689223183154 1.9943774105586174
472 1.7364689223183154 1.8351763529760516
473 1.7364485296337016 2.263283938166138
474 1.7364485296337016 2.2485050019142383
475 1.7364485296337016 2.468517790281693
476 1.7364485296337016 1.8709579675832666
477 1.7364485296337016 2.7307020085194322
478 1.7364485296337016 2.5622789464205824
479 1.7364485296337016 2.1455805816591726
480 1.7364485296337016 2.4978260323975627
481 1.7364485296337016 2.056158321510657
482 1.7364485296337016 2.070115648283116
483 1.7364485296337016 1.911130359796866
484 1.7364485296337016 1.8640359482868547
485 1.7364485296337016 1.8205210268343874
486 1.7364485296337016 2.0691931670194883
487 1.7364485296337016 1.8088230047989295
488 1.7364485296337016 2.477985767096417
489 1.7364485296337016 1.7944770658537612
490 1.7364408573364134 1.7920168533706065
491 1.7364408573364134 1.7859894692311116
492 1.7364408573364134 1.784066580387302
493 1.7364408573364134 1.9121812943119507
494 1.7364408573364134 1.9477703831714996
495 1.7364408573364134 2.041999290868988
496 1.7364408573364134 1.923999196844119
497 1.7364408573364134 1.8869131703953967
498 1.7364408573364134 1.9086788703673347
499 1.7364408573364134 2.047359969124028
500 1.7364408573364134 2.5393924770548697
501 1.7364408573364134 2.369864407905358
502 1.7364408573364134 1.7929584751366485
503 1.7364408573364134 2.042951873725883
504 1.7364408573364134 1.9281868618745188
505 1.7364408573364134 1.8399426401901329
506 1.7364408573364134 2.0906245319318226
507 1.7364408573364134 2.0453784737845755
508 1.7364408573364134 2.019130315594301
509 1.7364408573364134 2.0707766221635224
510 1.7364408573364134 1.7763969630631984
511 1.7363769661932578 1.9183613432653492
512 1.73633596363416 2.2863181937757573
513 1.7363162660844407 2.064774098596816
514 1.7363162660844407 2.6208538334455636
515 1.7363162660844407 2.4168965445195103
516 1.7362946867818634 2.132775071011811
517 1.7362946867818634 2.386025504464323
518 1.7362946867818634 2.3669978422810525
519 1.7362946867818634 1.7710795441939555
520 1.7362946867818634 1.9351296139930343
521 1.7362946867818634 2.068332689957904
522 1.7362946867818634 1.8820101864973253
523 1.7362946867818634 1.7723136184139525
524 1.7362946867818634 2.4843322302608586
525 1.7362946867818634 2.197797247110762
526 1.7362946867818634 2.4060151139254167
527 1.7362946867818634 3.255780385455735
528 1.6997908558833381 2.5121082592288864
529 1.662186013177017 2.1208477088416045
530 1.6434065429192013 2.5833500721472893
531 1.6410436349720676 2.306900974486466
532 1.6397410703862043 1.8062361224437335
533 1.600165344731613 2.472156875389858
534 1.600165344731613 2.2957465232957652
535 1.600165344731613 2.159784305064311
536 1.600165344731613 2.06059545755371
537 1.600165344731613 1.9884917755300466
538 1.600165344731613 2.6035821941250226
539 1.600165344731613 2.4203976043314306
540 1.600165344731613 2.1107170275700855
541 1.600165344731613 1.8235991666054725
542 1.600165344731613 1.8262208141022813
543 1.600165344731613 2.5800231379867724
544 1.600165344731613 2.2927811420832422
545 1.5973683339363505 2.6260875817813725
546 1.589264552663391 2.4144055086075484
547 1.589264552663391 2.7396501517737373
548 1.589264552663391 2.1435969136644726
549 0.8451226224417416 2.285196644993942
550 0.8447254721885926 1.8686522309893936
551 0.8447164324701757 1.7345350241770496
552 0.8431963777894431 1.7139026298352915
553 0.8431963777894431 2.327455195758048
554 0.8431963777894431 2.1550510412360944
555 0.8431922180781095 1.8399275597350455
556 0.8431922180781095 1.6391864165590575
557 0.84318071214989 1.0832654677739024
558 0.8431716657075392 1.138247321082294
559 0.8431716657075392 1.517590266725762
560 0.8431716657075392 1.2697663985506493
561 0.8431135367460754 0.9280612262659479
562 0.8431135367460754 1.2986397978123099
563 0.8431135367460754 1.0251498272001358
564 0.8431135367460754 0.8590486097966215
565 0.8431135367460754 1.4692448993324008
566 0.8431135367460754 0.8594136622556594
567 0.8431135367460754 1.1308472534378695
568 0.8431135367460754 0.8597029308019934
569 0.8431135367460754 0.9895942583709644
570 0.8431135367460754 1.261111338161049
571 0.8431135367460754 1.6230638380065734
572 0.8431135367460754 1.004235050554289
573 0.8431135367460754 1.2111387056478085
574 0.8431135367460754 1.151621230695954
575 0.8431135367460754 1.161228328282471
576 0.8431135367460754 1.2267084326040618
577 0.8431135367460754 2.0189031458781086
578 0.8431135367460754 1.3149511728996446
579 0.8431135367460754 1.0501139615492994
580 0.8431135367460754 1.0101831903801155
581 0.8431135367460754 1.1675034831541429
582 0.8431135367460754 1.2201024556924867
583 0.8431135367460754 1.4453487183381066
584 0.8431135367460754 1.0942972493718093
585 0.8431135367460754 0.8581098029387333
586 0.8431135367460754 1.150849186341027
587 0.8431135367460754 1.6913147065411849
588 0.8431135367460754 1.3954478546634428
589 0.8431135367460754 1.3072642013940783
590 0.8431135367460754 1.4017628374134241
591 0.8431135367460754 1.1170428809280164
592 0.8429972720619663 0.8826951725428509
593 0.8429972720619663 1.1484251526895861
594 0.8429972720619663 1.1346946312612711
595 0.842881692608878 0.9887148171451372
596 0.842881692608878 1.0241167736436245
597 0.842881692608878 1.4518296198110925
598 0.842881692608878 1.3989100407322232
599 0.842881692608878 1.4695955695327012
600 0.842881692608878 0.85665550420646
601 0.842881692608878 0.8563617047982613
602 0.842876904435446 1.1895847649390143
603 0.842876904435446 1.0368798566483748
604 0.842876904435446 1.5176527565864486
605 0.842876904435446 1.8715654428320048
606 0.842876904435446 1.3562547346165121
607 0.84287360945304 1.6336622727949937
608 0.84287360945304 1.5755094612275002
609 0.84287360945304 0.918347148148296
610 0.84287360945304 0.8499048080660627
611 0.8428677436685308 1.2192969734415744
612 0.8428677436685308 1.1248614497444738
613 0.8428677436685308 1.607744153190034
614 0.8428677436685308 1.7788156565809712
615 0.8428666996452798 1.3118264194774492
616 0.8427894320964895 1.4542023923486063
617 0.8427392891717362 1.147242383503335
618 0.8427392891717362 1.123127206312078
619 0.8427392891717362 0.8510345877979301
620 0.8427392891717362 1.425937032226156
621 0.8427392891717362 1.1457175181257027
622 0.8427392891717362 1.2359184976212692
623 0.8427392891717362 1.0308037258565461
624 0.8427392891717362 0.8494149198180685
625 0.8427392891717362 1.433346034671044
626 0.8427392891717362 1.1979903760669421
627 0.8427198218022944 1.2930498611162935
628 0.8427198218022944 0.8499285602870427
629 0.8427198218022944 1.0166021747444431
630 0.8427198218022944 0.8495990712932469
631 0.8427198218022944 0.8495284695349539
632 0.8427198218022944 0.8486930044167411
633 0.8427198218022944 1.3153675296281224
634 0.8427198218022944 1.0788594271271963
635 0.8427198218022944 1.4251470737827336
636 0.8427198218022944 1.6658151338740195
637 0.8427198218022944 0.8470918695050119
638 0.8427198218022944 0.8468803570608243
639 0.8427198218022944 0.8466915808584916
640 0.8427198218022944 0.8463820081163332
641 0.8427198218022944 1.482181869670721
642 0.8427198218022944 1.1384980864891312
643 0.8427198218022944 1.0134522708116782
644 0.8427198218022944 1.1165075944593688
645 0.8427198218022944 1.3597251062323357
646 0.8427198218022944 1.4745972034745944
647 0.8427198218022944 1.0250137633009848
648 0.8427198218022944 1.7277207178202678
649 0.8427198218022944 1.3555380809994724
650 0.8427198218022944 1.0126215730156063
651 0.8427198218022944 0.8482434840710483
652 0.8427198218022944 0.8469295480266151
653 0.8427198218022944 1.3647388329264913
654 0.8427198218022944 1.279346569622737
655 0.8427198218022944 0.9644253519938324
656 0.8427198218022944 1.1697749462267735
657 0.8427198218022944 0.9654641783627506
658 0.8427198218022944 0.8454716174107898
659 0.842719011656496 1.0254942125337347
660 0.842716697409672 1.5301847199785328
661 0.842716697409672 1.4675903875084717
662 0.842716697409672 1.4845106180031784
663 0.8427158872627474 0.8450347896864883
664 0.8427158872627474 0.8453025811740065
665 0.8427158872627474 0.8464708602844091
666 0.8427158872627474 0.8460980689091518
667 0.8427158872627474 1.6586313833783208
668 0.8427108865971071 2.1714273781901867
669 0.8427108865971071 1.3083519078546397
670 0.8427108865971071 1.3205358390348974
671 0.8427108865971071 0.9983339403281057
672 0.8427108865971071 1.1547178332483394
673 0.8427108865971071 0.9315612002412209
674 0.8427108865971071 0.8462625676096213
675 0.8427108865971071 1.1700618901219646
676 0.8427108865971071 1.5818537425289694
677 0.8427108865971071 0.8463197376773611
678 0.8427108865971071 1.1389251335746424
679 0.8427077621920223 1.0103267964349072
680 0.8427077621920223 1.024681772047582
681 0.8427077621920223 0.8443429674660642
682 0.8427077621920223 0.9962854873927022
683 0.8427077621920223 0.8443065324927364
684 0.8427077621920223 1.2956473476752786
685 0.8427077621920223 1.8657765884937125
686 0.8427077621920223 1.3985814422331027
687 0.8427077621920223 1.1554123110548298
688 0.8427077621920223 0.9813911838322587
689 0.8427077621920223 1.6308400004931765
690 0.8427077621920223 1.0077593506604483
691 0.8427077621920223 1.2840375357849856
692 0.8427077621920223 0.8440831707060771
693 0.8427077621920223 0.9632281520322438
694 0.8427077621920223 0.8440391366117459
695 0.8427077621920223 0.8440476020249628
696 0.8427077621920223 1.4317058676216547
697 0.8427077621920223 0.9263773896096796
698 0.8427045847310617 1.25379843946848
699 0.8427045847310617 1.6257861558224556
700 0.8427045847310617 1.1944344519184202
701 0.8427045847310617 0.8440735681191042
702 0.8427045847310617 0.844009773168576
703 0.8427045847310617 1.406014577484394
704 0.8427045847310617 1.0462996643868503
705 0.8427045847310617 1.153070331256189
706 0.8427045847310617 1.1144610702625917
707 0.8427045847310617 1.1254973529885395
708 0.8427045847310617 1.3797382565399996
709 0.8427045847310617 1.2908724892171817
710 0.8427045847310617 1.1353545778496938
711 0.8427045847310617 1.3490922110736876
712 0.8427045847310617 1.5167984916117287
713 0.8427036614742307 1.2899380386683816
714 0.8427036614742307 1.4818639020678177
715 0.8427036614742307 0.9712576195637423
716 0.8427036614742307 0.9814184160132043
717 0.8427036614742307 1.106627290831974
718 0.8427036614742307 1.1823389706057033
719 0.8427036614742307 2.256801374652615
720 0.8427034354131253 1.391338766318298
721 0.8427034354131253 1.8664689143382094
722 0.8427034354131253 1.4136262501698398
723 0.8427034354131253 1.2609709888249707
724 0.8427034354131253 1.0054733028468004
725 0.8427034354131253 1.340679362948495
726 0.8427034354131253 0.8435376490572253
727 0.8427034354131253 0.84352705025617
728 0.8427034354131253 1.471514786921688
729 0.8427034354131253 1.0078825340463136
730 0.8427034354131253 1.2552792059614422
731 0.8427034354131253 1.3147947565816203
732 0.8427034354131253 1.1837362471048805
733 0.8427027173241375 0.8433568130897682
734 0.8427027173241375 1.3291341229059404
735 0.8427027173241375 2.250146909618337
736 0.8427027173241375 1.108855785148331
737 0.8427027173241375 0.85299775334794
738 0.8427027173241375 0.8433024673178312
739 0.8427027173241375 0.9985860661395995
740 0.8427027173241375 1.2111213330691637
741 0.8427027173241375 0.9966155987819133
742 0.8427027173241375 1.3081228078994764
743 0.8427027173241375 1.016667625664378
744 0.8427027173241375 0.9926871231571868
745 0.8427027173241375 1.6796775155410137
746 0.8427027173241375 1.0064868408314396
747 0.8427027173241375 0.961951397208723
748 0.8427027173241375 0.9117299564756898
749 0.8427027173241375 0.9675050749030271
750 0.8427027173241375 1.2980103450533886
751 0.8427027173241375 0.9974912100094849
752 0.8427027173241375 0.9676948323463929
753 0.8427027173241375 1.2374486859131633
754 0.8427027173241375 1.7331136437336512
755 0.8427027173241375 1.1571220074115676
756 0.8427027173241375 1.057539058149289
757 0.8427027173241375 1.351394271942352
758 0.8427027173241375 1.1290627094886252
759 0.8427027173241375 1.1334291295546628
760 0.8427027173241375 0.994601427432669
761 0.8427027173241375 1.3100151332534022
762 0.8427027173241375 0.8431933392267793
763 0.8427027173241375 0.9796024246711537
764 0.8427016837400947 0.8432702773160631
765 0.8427016837400947 0.8432631518080145
766 0.8427016837400947 1.6044195413693556
767 0.8427016837400947 1.2419199908676886
768 0.8427016837400947 1.5338766218030075
769 0.8427016837400947 0.843421071234027
770 0.8427016837400947 1.3343225895453028
771 0.8427016837400947 1.293844465750353
772 0.8427016837400947 1.6032175259174966
773 0.8427016837400947 0.9236404764619706
774 0.8427016837400947 1.0058701327842896
775 0.8427016837400947 1.322848073853787
776 0.8427016837400947 0.9936939115519479
777 0.8427016837400947 1.1340978413926066
778 0.8427016837400947 0.84355867226367
779 0.8427016837400947 0.8434627407723202
780 0.8427016837400947 0.8435413827341995
781 0.8427016837400947 1.3033639252074332
782 0.8427016837400947 1.3626369105507325
783 0.8427016837400947 0.8434602907304535
784 0.8427016837400947 0.8435559995613258
785 0.8427016837400947 0.8434887486968735
786 0.8427016837400947 0.8435513605643965
787 0.8427016837400947 1.1697815924584043
788 0.8427016837400947 0.9918444405398364
789 0.8427015916773164 1.1658583037406507
790 0.8427015916773164 1.1575660919004083
791 0.8427015916773164 2.0765765218734757
792 0.8427015916773164 1.1680355442474164
793 0.8427015916773164 0.8436364779796444
794 0.8427015916773164 1.0048174500709717
795 0.8427015916773164 1.1512194179463484
796 0.8427015916773164 1.251258395094495
797 0.8427015916773164 1.1663646339402864
798 0.8427015916773164 1.3853178545609381
799 0.8427015916773164 0.9660750455184113
800 0.8427015916773164 1.4909718938271046
801 0.8427015916773164 1.139705690050356
802 0.8427015916773164 1.1552650856185276
803 0.8427015916773164 1.3771592218274082
804 0.8427015916773164 1.7933851804600993
805 0.8427015916773164 1.8217585900465172
806 0.8427015916773164 1.7156041512440638
807 0.8427015916773164 0.9652214447562275
808 0.8427015916773164 0.8430427672379737
809 0.8427015916773164 0.8430974353089957
810 0.8427015916773164 0.8430642779334838
811 0.8427015916773164 0.8430472262713821
812 0.8427015916773164 1.4216275733759745
813 0.8427015916773164 1.2243759162720163
814 0.8427015916773164 0.8460692850265901
815 0.8427015916773164 1.122957602929488
816 0.8427015916773164 1.2028957241398641
817 0.8427015916773164 1.5185624548733998
818 0.8427015916773164 0.8448347320041029
819 0.8427015916773164 0.9648139861062424
820 0.8427015916773164 0.8444469837892811
821 0.8427015916773164 0.8444587999614087
822 0.8427015916773164 0.8429445981612296
823 0.8427015916773164 1.7580584902482383
824 0.8427015916773164 1.877026132398481
825 0.8427015916773164 1.0345943106202615
826 0.8427015916773164 0.8501150588377479
827 0.8427015916773164 1.4295261307574234
828 0.8427015916773164 1.3334528669910524
829 0.8427015916773164 0.9395961116734898
830 0.8427015916773164 1.1312454555311566
831 0.8427015916773164 1.1857619563506416
832 0.8427015916773164 1.8487439586451344
833 0.8427015916773164 1.4568903755269278
834 0.8427015916773164 0.8429660969327479
835 0.8427015916773164 1.131424782531252
836 0.8427015916773164 1.4510064965668574
837 0.8427015916773164 1.153089679988675
838 0.8427015916773164 1.1704884710984282
839 0.8427015916773164 0.922226463100029
840 0.8427015916773164 1.7515036084343556
841 0.8427015916773164 0.9841485415810408
842 0.8427015916773164 1.326890222992892
843 0.8427015916773164 1.5897692015259148
844 0.8427015916773164 0.9304321271237197
845 0.8427015916773164 0.8541916632099111
846 0.8427015916773164 1.276354645213016
847 0.8427015916773164 1.229411646169977
848 0.8427015916773164 0.9982810876812783
849 0.8427015916773164 0.979979655472615
850 0.8427015916773164 0.8429506159568946
851 0.8427015916773164 1.8317491760262266
852 0.8427015916773164 1.2645231096616263
853 0.8427015916773164 1.0651241571929808
854 0.8427015916773164 0.8429396756453998
855 0.8427015916773164 0.8429379556312759
856 0.8427015916773164 1.259215264233937
857 0.8427015916773164 0.8429681260578623
858 0.8427015916773164 1.0089461162561102
859 0.8427015916773164 0.9259598550971888
860 0.8427015916773164 1.660834054439029
861 0.8427015916773164 1.1712789973003295
862 0.8427015916773164 1.9265299995528438
863 0.8427015916773164 1.3158116763235095
864 0.8427015916773164 0.8428824605226537
865 0.8427015916773164 1.3201423909178922
866 0.8427015916773164 1.1406027518781643
867 0.8427015916773164 1.6715587973229504
868 0.8427015916773164 1.3096421123073214
869 0.8427015916773164 0.9338254693981979
870 0.8427015916773164 0.8428643520253192
871 0.8427015916773164 1.1272978838585639
872 0.8427015916773164 1.2614080439529962
873 0.8427015916773164 1.07753750827069
874 0.8427015916773164 1.0030122865005753
875 0.8427015916773164 1.5241239673401277
876 0.8427015916773164 1.2686296541431328
877 0.8427007734895198 1.2534040243070215
878 0.8427007734895198 1.4358611682157782
879 0.8427007734895198 1.7565561419065512
880 0.8424702205805308 1.0665962782430716
881 0.8424702205805308 1.4470995609674822
882 0.8410486066154097 1.4910179393448895
883 0.841015079162815 0.8428487932683006
884 0.8409006847315004 2.052666292164481
885 0.8408679870003999 1.0272479761561093
886 0.8408679870003999 1.6292859152000434
887 0.840867155061241 0.9148542568661913
888 0.840867155061241 1.305459422380297
889 0.840867155061241 1.245388729421942
890 0.840867155061241 1.031531560890202
891 0.840867155061241 1.6156166959508849
892 0.840867155061241 1.574306393269025
893 0.840867155061241 1.0100173411543119
894 0.840867155061241 0.8429803471675147
895 0.840867155061241 1.3738343726784603
896 0.840867155061241 1.2893410966139272
897 0.840867155061241 1.1237032598539032
898 0.840867155061241 1.2833767796769693
899 0.840867155061241 0.8429942510376879
900 0.840867155061241 1.1312136449370451
901 0.840867155061241 1.6162924461750792
902 0.840867155061241 0.8430612330749766
903 0.840867155061241 1.157154235233611
904 0.840867155061241 1.671879910360489
905 0.840867155061241 2.0286069902550494
906 0.840867155061241 1.1588729293500637
907 0.840867155061241 0.8431051357804997
908 0.840867155061241 0.962154344741019
909 0.840867155061241 0.9570750134526722
910 0.840867155061241 0.8430607078933419
911 0.840867155061241 0.9634800149718294
912 0.840867155061241 0.9731108486364738
913 0.840867155061241 0.8438171127986284
914 0.840867155061241 0.843090708278989
915 0.840867155061241 0.8430328230630169
916 0.840867155061241 1.156595749853491
917 0.840867155061241 1.7887221095764596
918 0.840867155061241 0.8429712413207139
919 0.8408506346884526 1.650088965951989
920 0.8408506346884526 1.2985915175127944
921 0.8408498027428393 1.803396420670018
922 0.8408498027428393 1.485968554928789
923 0.8408498027428393 1.2774971655572178
924 0.8408498027428393 1.2627441074350134
925 0.8408498027428393 1.1700830888369826
926 0.8408498027428393 0.8429973708478152
927 0.8408498027428393 0.9603735699505047
928 0.8408498027428393 1.2968855878480499
929 0.8408498027428393 1.3537202034683735
930 0.8408498027428393 0.8430302693540331
931 0.8408498027428393 1.1592725598361293
932 0.8408498027428393 1.3224047078275742
933 0.8408498027428393 1.4445172057428173
934 0.8408498027428393 1.3413229163034606
935 0.8408498027428393 1.5045497908643872
936 0.8408498027428393 0.8429593285747267
937 0.8408498027428393 1.4071356997384954
938 0.8408498027428393 0.8488926417999493
939 0.8408498027428393 1.9458467516570668
940 0.8408498027428393 1.386891167007972
941 0.8408492551364422 1.479517348677426
942 0.8408492551364422 0.9889478877778818
943 0.8408492551364422 1.8379614252548264
944 0.8408492551364422 1.4802181135447987
945 0.8408484231903159 1.5030635631721225
946 0.8408484231903159 2.004251675391881
947 0.8408484231903159 0.8428986170927223
948 0.8408483310443344 1.186023614159148
949 0.8408483310443344 1.1371999537710815
950 0.8408483310443344 0.842742795240099
951 0.8408483310443344 1.8340354733723012
952 0.8408483310443344 1.3045523808107862
953 0.8408483310443344 1.0552600703159714
954 0.8408483310443344 1.1407976128431419
955 0.8408483310443344 1.0388594582366069
956 0.8408483310443344 1.748545122392364
957 0.8408483310443344 2.02380441560711
958 0.8408483310443344 0.9617880256966694
959 0.8408483310443344 1.5046873107295573
960 0.8408483310443344 0.8429709148586559
961 0.8408483310443344 1.3093192044741122
962 0.8408483310443344 1.1752147679781784
963 0.8408483310443344 1.0135778949117098
964 0.8408483310443344 1.4233899881166878
965 0.8408483310443344 1.1326072387550126
966 0.8408483310443344 1.5475691031936534
967 0.8408472121309316 1.5741259091805602
968 0.8408472121309316 1.3671855683064251
969 0.8408472121309316 1.84940579339041
970 0.8408472121309316 1.2028923904616626
971 0.8408472121309316 1.1270317488509196
972 0.8408472121309316 1.1731748838000486
973 0.8408472121309316 0.8429695310142452
974 0.8408472121309316 1.7750834930088732
975 0.8408472121309316 0.9917067474278037
976 0.8408472121309316 1.100899966301848
977 0.8408471199849012 1.0205423640228712
978 0.8408471199849012 1.661740585654937
979 0.8408471199849012 1.903425915247642
980 0.8408471199849012 0.9354782125779413
981 0.8408471199849012 0.9124870265572466
982 0.8408471199849012 1.0197752755644363
983 0.8408471199849012 1.2212037294187186
984 0.8408471199849012 1.0318430473815376
985 0.8408471199849012 1.3196181300516059
986 0.8408471199849012 1.5272094259315359
987 0.8408471199849012 1.1177978265137982
988 0.8408471199849012 1.1821109082213428
989 0.8408471199849012 1.0297435930121084
990 0.8408471199849012 0.9884376385232385
991 0.8408471199849012 0.9981720877130814
992 0.8408471199849012 1.023772739570748
993 0.8408471199849012 0.8423638023047897
994 0.8408471199849012 1.2939953689688546
995 0.8408471199849012 1.1479500082624101
996 0.8408471199849012 1.2041050680355934
997 0.8408471199849012 1.0102437517239031
998 0.8408471199849012 1.167397127024976
999 0.8408471199849012 1.1009080367437911
