# iteración mejor promedio
0 19.551088857219323 21.000154158766232
1 18.859723853705788 21.01726521760858
2 18.85969380899494 21.00109953030504
3 18.85969380899494 21.005589893821515
4 18.362693073792382 21.024242126017512
5 18.362693073792382 20.96766508466923
6 18.2995123004292 20.996522904786335
7 17.08301055818141 20.96417737208991
8 17.08301055818141 20.924881882516342
9 17.08301055818141 20.954747149214228
10 17.08301055818141 20.931023607743313
11 17.08301055818141 20.90663345873456
12 17.08301055818141 20.898498856421767
13 17.08301055818141 20.8912321601924
14 17.08301055818141 20.857222892034525
15 17.08301055818141 20.77703663222584
16 17.08301055818141 20.687679979125246
17 17.08301055818141 20.714227750846685
18 17.08301055818141 20.646817214654916
19 17.08301055818141 20.73452404011864
20 17.08301055818141 20.755003128758986
21 17.08301055818141 20.716427556112677
22 17.08301055818141 20.64231034326536
23 17.08301055818141 20.61781624732116
24 17.08301055818141 20.544379728536907
25 17.08301055818141 20.45808602473285
26 17.08301055818141 20.481603285297066
27 17.08301055818141 20.456247066128046
28 16.876699895720513 20.352669378562005
29 16.876699895720513 20.34158294381174
30 15.929302516031877 20.288798920410823
31 15.929302516031877 20.395366982073867
32 15.929302516031877 20.363713572449576
33 15.929302516031877 20.353485395608335
34 15.929302516031877 20.338362934940303
35 15.929302516031877 20.200686503066144
36 15.929302516031877 20.221823048716626
37 15.929302516031877 20.239938170898096
38 15.232372512102717 20.09256646805767
39 15.232372512102717 19.97518950764543
40 15.232372512102717 19.985136637551594
41 15.232372512102717 19.935418746526263
42 15.232372512102717 19.74401763279406
43 14.413802720108666 19.812913317652093
44 14.270855334023762 19.830757680970077
45 14.270855334023762 19.815025930079727
46 13.934485180547266 19.923655579000645
47 13.934485180547266 19.97651824325254
48 13.934485180547266 19.890943789423016
49 13.934485180547266 19.87961034052576
50 13.934485180547266 19.80543743966618
51 13.934485180547266 19.980652629728155
52 13.934485180547266 19.93095099609848
53 13.934485180547266 19.917709930573068
54 13.934485180547266 19.814781199119786
55 13.934485180547266 19.863361997272918
56 13.15529934353206 19.80462333335626
57 13.15529934353206 19.59890939570616
58 13.15529934353206 19.505943319395143
59 13.15529934353206 19.53066930445049
60 13.15529934353206 19.370820501469915
61 13.15529934353206 19.29132891593181
62 13.15529934353206 19.299128990848267
63 13.139742827525072 19.201519288928665
64 12.87464145182972 19.257951392689137
65 12.2970205299262 19.30322635033797
66 12.2970205299262 19.259451481831956
67 11.831062214022692 19.015489956515623
68 11.831062214022692 18.916385137142377
69 11.831062214022692 18.730087324550205
70 11.831062214022692 18.563891260995515
71 11.747431934637738 18.29783285209927
72 11.47858537104372 18.015568841186003
73 11.47858537104372 17.874424563016653
74 10.734264634950692 17.661262793001487
75 10.528230086510906 17.483950898311406
76 10.528230086510906 17.620098338428615
77 9.865995755248292 17.37257665305004
78 9.865995755248292 17.347059033064987
79 9.865995755248292 17.13087246599835
80 9.865995755248292 17.24732295771884
81 9.865995755248292 16.93589468494733
82 9.865995755248292 16.622112824961604
83 9.865995755248292 16.426952600430887
84 9.865995755248292 16.002073215918898
85 8.904188491920948 15.819816730130015
86 8.904188491920948 15.628736446067927
87 8.904188491920948 15.164604556770914
88 8.904188491920948 15.197337293762907
89 8.904188491920948 15.06953720252885
90 8.835491834266282 14.921129590605283
91 8.515640575871323 14.952640195586556
92 8.504908130212478 14.78885803118972
93 7.853080709570925 14.43516247025211
94 7.853080709570925 14.249949613573033
95 7.853080709570925 13.600168713095979
96 7.709903854022004 13.284984586331934
97 7.709903854022004 13.09754129370428
98 7.709903854022004 13.045988921664907
99 7.709903854022004 12.564947043645201
100 7.709903854022004 12.380179341975442
101 7.709903854022004 12.135645225429249
102 7.495420209598661 11.536686444069483
103 7.067069334526626 11.310110577629466
104 7.067069334526626 11.240805699997386
105 7.067069334526626 11.017701612252697
106 7.067069334526626 10.60827273999706
107 7.067069334526626 10.501052106903622
108 7.067069334526626 10.238914198302275
109 6.917248199552137 10.02345070163639
110 6.917248199552137 9.994835885230488
111 6.917248199552137 10.036798235937638
112 6.917248199552137 10.00015477600791
113 6.832351199436795 10.038066348346996
114 6.832351199436795 10.05090114414643
115 6.832351199436795 9.632624936307389
116 6.541705278088663 9.31992727834156
117 4.977969972412907 9.031692977108143
118 4.977969972412907 8.905795622469212
119 4.977969972412907 8.787642112319197
120 4.977969972412907 8.512568805642925
121 4.970519747675977 8.730711397634568
122 4.954480713563658 8.05235008086637
123 4.905542358166523 8.176118647494112
124 4.777236590210235 8.009177433080671
125 4.777236590210235 7.850666127190369
126 4.777236590210235 8.08035887172307
127 4.777236590210235 8.28942694864237
128 4.777236590210235 7.846688920538694
129 4.777236590210235 7.962176846419688
130 4.761934560197574 8.03152994163234
131 4.722449335424715 7.151353610928298
132 4.68805120510619 7.00882502476263
133 4.68805120510619 6.709625873093231
134 4.68805120510619 6.923973089890243
135 4.68805120510619 6.764988903231138
136 4.68805120510619 6.8984394346627536
137 4.68805120510619 6.443338061579748
138 4.68805120510619 6.548335292813267
139 4.68805120510619 6.246854525484678
140 4.68805120510619 6.305828937430298
141 4.68805120510619 6.206634956707075
142 4.68805120510619 5.910091031993719
143 4.68805120510619 5.9910818524483
144 4.68805120510619 6.2863394552966545
145 4.652498777068253 6.187665608317973
146 4.652498777068253 5.892710087078877
147 4.652498777068253 5.628300513198656
148 4.652498777068253 5.6370938156849055
149 4.652498777068253 5.735144929983858
150 4.652498777068253 5.585599578932594
151 4.6382674684111045 6.040848433763357
152 4.6382674684111045 5.685375208862714
153 4.633167797562359 5.931806981258531
154 4.633167797562359 5.863855181328486
155 4.630849078259253 5.863072945673085
156 4.630849078259253 5.421832132721035
157 4.6219375045831494 5.439751290971742
158 4.621933924871861 5.7288167993263635
159 4.619988847012966 5.2238942086155
160 4.619988847012966 5.9138484222943974
161 4.619988847012966 5.732155123249028
162 4.619988847012966 5.898671797948697
163 4.619988847012966 5.890587896747046
164 4.619988847012966 5.646234838356744
165 4.5343908934347015 5.476573449185643
166 4.5343908934347015 5.4374982284197415
167 4.5343908934347015 5.493652261566227
168 4.5343908934347015 5.191413729260592
169 4.5343908934347015 5.127214782746458
170 4.5343908934347015 5.115537520975535
171 4.5343908934347015 5.636005718524297
172 4.5343908934347015 5.072487713201668
173 4.5343908934347015 5.332492232018196
174 4.5343908934347015 5.552467688974418
175 4.5343908934347015 5.77025113642075
176 4.37925070861674 5.957425008241456
177 4.37925070861674 6.395044121701677
178 4.37925070861674 5.8808614938921835
179 4.37925070861674 5.41701205365394
180 4.37925070861674 5.526605163177668
181 4.378957236984899 5.081486216862261
182 4.378957236984899 5.35258722209044
183 4.378957236984899 5.196557621911611
184 4.119599453030213 5.192499246327554
185 4.119599453030213 5.375325329056554
186 4.008492783393857 5.542522697855169
187 3.994403243357033 5.128068075672985
188 3.914017431666648 5.439220860707208
189 3.8107240396608 5.317306046353485
190 3.8107240396608 4.928482107177002
191 3.8107240396608 4.9534350603955435
192 3.8107240396608 5.218494603967035
193 3.8107240396608 5.117738869998044
194 3.806665565293481 4.772335861475224
195 3.806665565293481 5.103910902848864
196 3.806665565293481 5.0301376205967605
197 3.806665565293481 5.074297873426682
198 3.806665565293481 5.03800676854597
199 3.806665565293481 4.54288943193968
200 3.806665565293481 4.933465063366927
201 3.7994495535287927 5.590117043609828
202 3.7994495535287927 5.357108894671423
203 3.7994495535287927 4.966075591364105
204 3.7994495535287927 4.8690308428825
205 3.793619385820945 4.642958412338727
206 3.793619385820945 4.723488344818863
207 3.7923903460392023 5.541499008997908
208 3.7923903460392023 5.334100854184408
209 3.7923903460392023 5.052963784941358
210 3.7923903460392023 4.982069675106795
211 3.6547104611376797 5.623472257398
212 3.6547104611376797 5.518789462790207
213 3.6294263298639238 4.850088262029064
214 3.6294263298639238 4.426516310786975
215 3.6294263298639238 4.681231934442508
216 3.6294263298639238 5.390380309181105
217 3.618966875847388 4.836152427549328
218 3.618966875847388 5.299262228437439
219 3.618966875847388 4.922028199053157
220 3.581739917558711 4.434643043053347
221 3.581568151346725 4.224789989301315
222 3.5670246741270946 4.27037390951192
223 3.53399257941688 4.056870778685797
224 3.53399257941688 3.951785775334763
225 3.5191619159457175 4.288576197507075
226 3.514044361828939 4.25437960124492
227 3.514044361828939 4.928980588901447
228 3.514044361828939 4.712697770806746
229 3.5135482256289454 4.793045417970778
230 3.5135482256289454 4.547745464072815
231 3.5135482256289454 4.805453549091411
232 3.51342005090672 4.522559431165907
233 3.498932288439035 4.311231319768956
234 3.4902519475208362 4.311508791715727
235 3.4902519475208362 4.037430153317694
236 3.4900081640690948 4.275028567248423
237 3.479431076411608 4.405613760933711
238 3.479431076411608 4.371995886919589
239 3.479431076411608 4.768737012557195
240 3.478017387328549 4.293371027867491
241 3.478017387328549 4.328513413534228
242 3.478017387328549 4.18815840372703
243 3.4767184977337298 4.610579304596695
244 3.4767184977337298 4.351441536679577
245 3.4767184977337298 4.332628680929281
246 3.4767184977337298 4.149022081300035
247 3.4691101925068515 4.481199523155049
248 3.4691101925068515 4.604587044541699
249 3.4690463633776942 5.28510948298041
250 3.0723779199704766 4.983724717187202
251 3.0723779199704766 4.729003998312851
252 3.0723779199704766 4.462113148974294
253 3.036627838238826 4.07488280201361
254 2.935046775528359 4.386829781638373
255 2.932208093589821 4.267023508156573
256 2.80154435034786 4.504190201703628
257 2.729640118798067 4.270862972218244
258 2.691243656209463 4.067899827393141
259 2.691243656209463 4.27710005842183
260 2.691243656209463 4.388715534239285
261 2.691243656209463 4.1049363403634365
262 2.650448154802234 4.056201880938778
263 2.6063581990177322 3.850660266597672
264 2.6063581990177322 4.076940956364231
265 2.6023947071046813 3.824267293607247
266 2.6003604205509254 3.8487219478873693
267 2.6003604205509254 4.251749875989683
268 2.6003604205509254 3.9961324823033686
269 2.5964170829680966 4.235136628575115
270 2.5964170829680966 3.6286785283963776
271 2.593302224576008 3.6968805610485873
272 2.593302224576008 3.4067275755436612
273 2.5874464166295335 3.7426943578801017
274 2.5874464166295335 3.656316378667047
275 2.5874464166295335 3.708079502173989
276 2.5848783409840004 3.791558922467976
277 2.5848783409840004 3.05395297491951
278 2.5844917866450228 3.487968679930079
279 2.5844917866450228 3.336472301055484
280 2.5844917866450228 3.515866805361692
281 2.5844917866450228 2.903660191290145
282 2.571265730362204 3.196228684624783
283 2.571265730362204 3.5300150242349457
284 2.571265730362204 3.0634891837892093
285 2.571265730362204 3.13943078700101
286 2.571265730362204 3.2465099284732677
287 2.571241811768623 3.426044022908806
288 2.571241811768623 2.9406291204531487
289 2.571241811768623 3.2749178716859717
290 2.571241811768623 3.756949897172981
291 2.571241811768623 3.7055385010097712
292 2.571241811768623 3.0028220821010363
293 2.571241811768623 2.9105098575261117
294 2.571241811768623 2.957675148217378
295 2.571241811768623 3.6866713032571927
296 2.571241811768623 3.402228961925234
297 2.564900940482412 3.6682112007436354
298 2.564900940482412 3.7296852814968053
299 2.564900940482412 3.4561699134549535
300 2.564900940482412 3.125468223201702
301 2.564900940482412 2.6450508095408534
302 2.564900940482412 2.6972848762857495
303 2.564900940482412 3.405509632497589
304 2.564900940482412 2.831942978890834
305 2.564900940482412 2.8292724766374016
306 2.5648990372573364 2.7567453599641603
307 2.5648990372573364 2.7870655422803883
308 2.5648990372573364 2.9507929479725563
309 2.5648990372573364 2.9989386157065807
310 2.5648990372573364 3.9691680306470984
311 2.564610047307915 2.976748321149098
312 2.564610047307915 2.67733492494942
313 2.564610047307915 2.78262000393118
314 2.564610047307915 2.7784233806161485
315 2.563414217481152 2.6297704168787526
316 2.563394560055864 3.166684463224903
317 2.563394560055864 2.7523828352453124
318 2.563394560055864 2.7666448236858496
319 2.563394560055864 3.388912146556346
320 2.563394560055864 2.8438486712036313
321 2.563394560055864 3.328532852229492
322 2.563394560055864 2.871774709684405
323 2.563394560055864 2.5979497772900104
324 2.563394560055864 2.7419078363559795
325 2.5619375043891868 2.989928892710008
326 2.5619375043891868 3.408967495031626
327 2.5619375043891868 2.750277467109962
328 2.5619375043891868 2.760931104896605
329 2.5619375043891868 2.861784033357686
330 2.5619375043891868 2.5902347153499234
331 2.5619375043891868 3.041226243371255
332 2.5619375043891868 2.659310410783702
333 2.5619375043891868 2.596353859821189
334 2.5619156393488614 3.226204068796996
335 2.5618190372118432 3.1941719264329604
336 2.5618190372118432 2.782769777207841
337 2.5618190372118432 3.2988654063566276
338 2.5618190372118432 2.897744383890765
339 2.5618190372118432 3.0625185495211844
340 2.5618190372118432 3.0555313170772855
341 2.5618190372118432 3.2221024867340775
342 2.5618190372118432 2.8754469024845166
343 2.5618190372118432 3.2022914049816715
344 2.5618190372118432 2.7995284387977675
345 2.5618190372118432 3.3835640452522115
346 2.5618190372118432 3.6720869993772163
347 2.5618190372118432 2.9870123782588083
348 2.5618190372118432 3.042497452192166
349 2.5618190372118432 2.831719238413092
350 2.5618190372118432 2.5801304113369503
351 2.5618190372118432 3.412562623341897
352 2.5618190372118432 2.7035123622620643
353 2.5618190372118432 3.1050750538126057
354 2.5618190372118432 3.069793130300801
355 2.5618190372118432 3.3827470558574864
356 2.5618190372118432 2.790577348436671
357 2.5618190372118432 2.789293838172842
358 2.5618190372118432 2.838311083175489
359 2.5618190372118432 3.45056124059275
360 2.5618190372118432 3.2743635640267184
361 2.5618190372118432 3.05573748304582
362 2.5618190372118432 2.5778431680742466
363 2.5618190372118432 2.576703010337243
364 2.5618190372118432 2.789315086703407
365 2.5618190372118432 2.87984423744355
366 2.5618190372118432 3.0227770423620126
367 2.5618190372118432 3.214830370221551
368 2.5618190372118432 3.30698691864225
369 2.5618190372118432 3.1836812405668566
370 2.5618190372118432 3.291250087558967
371 2.5618190372118432 3.2667834392859776
372 2.5618190372118432 2.7864051945613313
373 2.5618190372118432 2.712512235351602
374 2.5618190372118432 2.829597140157012
375 2.5618190372118432 2.970645076086823
376 2.5618190372118432 3.125871687186791
377 2.5618190372118432 3.0707311429753346
378 2.5618190372118432 3.177497157047176
379 2.5618190372118432 3.040617207242316
380 2.5618190372118432 3.0921152686970497
381 2.5618190372118432 3.073126026391567
382 2.5618190372118432 3.2612526763362615
383 2.5618190372118432 3.1080627372150276
384 2.5618190372118432 3.084670044838231
385 2.5618190372118432 3.5966626782381086
386 2.5618190372118432 3.2038456061466087
387 2.5618190372118432 3.5099098046612256
388 2.5618190372118432 3.7712647396286574
389 2.5531731997296685 3.657325952139164
390 2.5531731997296685 3.1405371254258108
391 2.55038486476745 3.0895575276599776
392 2.55038486476745 2.9648593211965255
393 2.55038486476745 3.1954985479422704
394 2.55038486476745 2.8649958567632905
395 2.55038486476745 2.6386822222598387
396 2.55038486476745 3.0142853416807425
397 2.55038486476745 3.031014610897549
398 0.5272546310658024 3.0769770848937936
399 0.5272546310658024 2.814074955583466
400 0.5272487248087852 2.464696109999895
401 0.5231238261556577 2.1230804883724566
402 0.5225258168621778 2.332359182120902
403 0.5225258168621778 0.810301653746024
404 0.5225258168621778 1.5669994516598809
405 0.5225258168621778 0.9276382031391779
406 0.5225258168621778 0.5377754658769587
407 0.5225258168621778 1.027685056941555
408 0.5225258168621778 0.5367804299236119
409 0.5225258168621778 0.5368926771296079
410 0.5225258168621778 0.53726556638256
411 0.5225094111375914 1.0897438401740625
412 0.5225094111375914 0.8330204762403188
413 0.5225094111375914 0.817567422587192
414 0.5225094111375914 0.5353478055168825
415 0.5225094111375914 0.780191133209068
416 0.5225094111375914 0.9553555150532465
417 0.5225094111375914 0.9907772738902796
418 0.5225094111375914 1.125389283604397
419 0.5225094111375914 0.6851223433118969
420 0.5223073163065397 0.5339432524985953
421 0.5223073163065397 0.681742375903718
422 0.5223073163065397 1.3106570355950333
423 0.5223073163065397 0.5335089217857165
424 0.5223073163065397 0.533429970891761
425 0.5223073163065397 0.863722488578058
426 0.5222939418797652 0.9724301820308178
427 0.5222939418797652 0.8417272199759299
428 0.5222939418797652 1.0393858295573424
429 0.5222939418797652 1.02989558987852
430 0.5222939418797652 1.141629699356175
431 0.5222939418797652 0.8158488240365022
432 0.5222939418797652 0.6681893258782159
433 0.5222939418797652 1.0990076635689112
434 0.5222939418797652 1.283452604240122
435 0.5222939418797652 1.750964156960108
436 0.5222939418797652 0.5312632433250847
437 0.5222939418797652 0.8301791377652171
438 0.5222939418797652 0.861420653614883
439 0.5222939418797652 0.9678057863932061
440 0.5222939418797652 0.669086570127848
441 0.5222939418797652 1.4985038391304062
442 0.5222939418797652 0.5295515971259044
443 0.5222939418797652 0.5297022867232385
444 0.5222939418797652 0.6667152074416494
445 0.5222939418797652 1.655285939592944
446 0.5222939418797652 0.5302561616912026
447 0.5222939418797652 1.8198031279481335
448 0.5222939418797652 0.7014607850521152
449 0.5222939418797652 0.5295079725061598
450 0.5222939418797652 0.8440076291655657
451 0.5222939418797652 0.9928108376344333
452 0.5222939418797652 0.6844135083117551
453 0.5222939418797652 0.5301985120036945
454 0.5222939418797652 1.00926077877399
455 0.5222939418797652 0.8875228422663826
456 0.5222939418797652 0.70811518684379
457 0.5222939418797652 0.9210407251209708
458 0.5221878004430582 0.6447044390497267
459 0.5221878004430582 1.4391924602615176
460 0.5221878004430582 0.9281249000884764
461 0.5221878004430582 0.5314000507722278
462 0.5184670611775832 0.5734646796025435
463 0.5184670611775832 0.8578661456807178
464 0.5179835878777275 0.9723179601128714
465 0.5179835878777275 1.4207035711150167
466 0.5179835878777275 0.5333627959723816
467 0.5179835878777275 0.5331780646421823
468 0.5179835878777275 1.1626031225825737
469 0.5179835878777275 0.5334066426292943
470 0.5179835878777275 0.65336832620986
471 0.5179835878777275 0.6911300866926332
472 0.5179835878777275 0.6881626170394938
473 0.5179835878777275 0.8511776664421982
474 0.5179835878777275 0.7099713599954094
475 0.5179264224818674 1.1047277216837457
476 0.5179264224818674 1.500560041454479
477 0.5179264224818674 0.7679099305797173
478 0.5179264224818674 0.6883701094214537
479 0.5179264224818674 0.6997072482948132
480 0.517479044110229 0.832737230723477
481 0.517479044110229 0.6930184477109375
482 0.517479044110229 1.140984013627886
483 0.517479044110229 0.7986964570477469
484 0.517479044110229 0.7454303698093419
485 0.517479044110229 0.6967713636262947
486 0.517479044110229 0.8206220888471301
487 0.517479044110229 0.7862991174791913
488 0.517479044110229 1.4832788581684215
489 0.517479044110229 0.9235592829198049
490 0.517479044110229 0.5318216283802253
491 0.5174762005510098 0.5311927913770611
492 0.5174762005510098 0.6878326216437495
493 0.5174762005510098 0.5303716698218858
494 0.5174762005510098 1.3051440107280379
495 0.5174762005510098 1.1000677379128367
496 0.5174762005510098 0.8835050858736289
497 0.5174762005510098 0.7188065082642673
498 0.5174762005510098 0.7798868824929079
499 0.5172600199280799 1.2778944917962491
500 0.5172600199280799 0.8925444731478668
501 0.5172600199280799 0.9803197847605897
502 0.5172600199280799 0.8787697096868484
503 0.5172600199280799 0.527686904487731
504 0.5172600199280799 1.0749532641911776
505 0.5166257001007195 1.0087633493058654
506 0.5166257001007195 0.6835376230974458
507 0.5164002358962865 1.5845473121997489
508 0.5163973903238839 0.9560418625646905
509 0.5163973903238839 1.438544666692053
510 0.5163973903238839 1.0138349513649143
511 0.5163973903238839 0.8023683956518108
512 0.5163973903238839 1.1760058090074952
513 0.5163973903238839 0.9928526473919124
514 0.5163973903238839 0.5281597850911904
515 0.5163973903238839 1.2412004822210834
516 0.5163973903238839 0.5279088798974827
517 0.5163973903238839 0.9793511397778218
518 0.5163973903238839 0.7114997397464455
519 0.5163973903238839 0.7948034876738381
520 0.5163973903238839 0.9897255002610467
521 0.5163973903238839 0.6394220787964556
522 0.5163973903238839 0.8426330572871553
523 0.5163973903238839 0.710233452815071
524 0.5163973903238839 0.9638371208912847
525 0.5163973903238839 0.5264683882977433
526 0.5163973903238839 1.0074299460941232
527 0.5163973903238839 0.8651667555439012
528 0.5163973903238839 0.5261438614719584
529 0.5163973903238839 1.2517714441041925
530 0.5163973903238839 0.526147543849046
531 0.5163973903238839 0.6901645528631088
532 0.5163973903238839 0.8523797453629016
533 0.5163973903238839 0.664267957773789
534 0.5163973903238839 1.188768179274274
535 0.5163973903238839 0.8952077010527275
536 0.5163973903238839 0.5248627450712117
537 0.5163973903238839 0.8610890675608348
538 0.5163973903238839 1.6778002376288175
539 0.5163973903238839 0.5256165514304681
540 0.5163973903238839 0.9816912187870234
541 0.5163973903238839 0.6778625377285534
542 0.5163973903238839 0.525370198772372
543 0.5163973903238839 0.5254564387560923
544 0.5163973903238839 0.864541868043511
545 0.5163973903238839 0.7712412661555803
546 0.5163973903238839 1.1322715216891701
547 0.5163973903238839 0.5253644356832692
548 0.5163973903238839 0.5253913660563855
549 0.5163973903238839 1.3448137950676593
550 0.5163973903238839 0.7006458722936817
551 0.5163973903238839 0.981894793527909
552 0.5163973903238839 0.9546325844130282
553 0.5163973903238839 0.6447838481285089
554 0.5163973903238839 0.6633518493250947
555 0.5163973903238839 0.854753882607798
556 0.5163973903238839 1.2961582781749421
557 0.5163973903238839 0.843380753061719
558 0.5162225858780198 0.8029362161145128
559 0.5162225858780198 0.8613162309128127
560 0.5162225858780198 0.5237784986059952
561 0.5162225858780198 0.523594401821708
562 0.5162225858780198 0.8257699240979833
563 0.5162225858780198 0.7952755761088883
564 0.5162225858780198 0.6624317386385914
565 0.516213422116063 0.8092006627921292
566 0.516213422116063 0.6589163704166546
567 0.516213422116063 0.8016799642950313
568 0.516213422116063 0.5231665861046662
569 0.516213422116063 0.9834493854388983
570 0.516213422116063 0.6455485291721708
571 0.516213422116063 1.5921138670448913
572 0.516213422116063 0.5230172516894428
573 0.516213422116063 0.5226218354271146
574 0.516213422116063 1.0061708087650518
575 0.516213422116063 0.6837254627430148
576 0.516213422116063 0.5226373749507421
577 0.516213422116063 0.965737983958508
578 0.516213422116063 1.2823616076936188
579 0.516213422116063 0.9119131307233852
580 0.516213422116063 0.9970400385652336
581 0.516213422116063 0.5223770142471307
582 0.516213422116063 1.159304738456723
583 0.516213422116063 1.3155498651402098
584 0.516213422116063 1.0214390443235168
585 0.516213422116063 0.7447492649646005
586 0.516213422116063 0.5423653832465213
587 0.516213422116063 0.8589698007436136
588 0.516213422116063 0.8124975660408673
589 0.516213422116063 0.521317962188873
590 0.516213422116063 0.5212018411061572
591 0.516213422116063 0.8328950838278986
592 0.516213422116063 1.097180280521838
593 0.516213422116063 0.6381335973273728
594 0.516213422116063 0.9946352945371457
595 0.516213422116063 0.5202908101403474
596 0.516213422116063 0.8506342384190252
597 0.516213422116063 0.5200378975039651
598 0.516213422116063 0.9638449656083461
599 0.516213422116063 0.5197179666896593
600 0.516213422116063 0.5198066519006642
601 0.516213422116063 0.5197921838092966
602 0.516213422116063 0.8146628115036045
603 0.516213422116063 0.5200097387596277
604 0.516213422116063 1.1495518536198508
605 0.516213422116063 0.633739796402218
606 0.516213422116063 0.6336305080292681
607 0.516213422116063 0.5200307364184255
608 0.516213422116063 0.5203984698098838
609 0.516213422116063 0.5206113465957893
610 0.516213422116063 0.5206130643021192
611 0.516213422116063 1.1617465165966094
612 0.516213422116063 0.6591907341790534
613 0.516213422116063 0.5206747855771974
614 0.516213422116063 0.9777628473595945
615 0.516213422116063 0.663673492809912
616 0.516213422116063 0.6926591397438776
617 0.516213422116063 0.6880003816642687
618 0.516213422116063 0.8289030466574009
619 0.516213422116063 0.7081470387461924
620 0.516213422116063 0.6876990327145136
621 0.516213422116063 1.1738218530501194
622 0.516213422116063 0.6372565606849833
623 0.516213422116063 0.8032722329460685
624 0.516213422116063 0.6836825047556091
625 0.516213422116063 0.8604519322514627
626 0.516213422116063 1.0366418912069828
627 0.516213422116063 0.6737646738562258
628 0.516213422116063 0.6761460889099392
629 0.516213422116063 1.8297387674185372
630 0.516213422116063 0.9902256720556344
631 0.516213422116063 1.6051900797149605
632 0.516213422116063 1.2564870449232064
633 0.516213422116063 0.6449255448589999
634 0.516213422116063 0.9600174745444473
635 0.516213422116063 0.5205028428837601
636 0.516213422116063 0.5202640742823783
637 0.516213422116063 0.809427258959885
638 0.516213422116063 0.8705795507281014
639 0.516213422116063 0.6587520141879974
640 0.516213422116063 0.8912902663463378
641 0.516213422116063 0.5198740004460771
642 0.516213422116063 0.5196212414164592
643 0.516213422116063 1.3647621170769058
644 0.516213422116063 0.5193470371250225
645 0.516213422116063 1.070763407313448
646 0.516213422116063 1.8065421609775967
647 0.516213422116063 0.5189947393698027
648 0.516213422116063 0.8442300424184839
649 0.516213422116063 0.6431975178372824
650 0.516213422116063 0.5186794496765087
651 0.516213422116063 0.8500858554692967
652 0.516213422116063 0.6804963713684399
653 0.516213422116063 0.6528575303627955
654 0.516213422116063 0.6560858416088251
655 0.516213422116063 0.6877224755086421
656 0.516213422116063 0.8163840455064582
657 0.516213422116063 0.5189304618059773
658 0.516213422116063 0.6393284831677508
659 0.516213422116063 0.6217448001382541
660 0.516213422116063 0.8164848983329016
661 0.516213422116063 0.8534183536332216
662 0.516213422116063 1.8087326038110578
663 0.516213422116063 0.5191914614815856
664 0.516213422116063 0.8476957907533756
665 0.516213422116063 0.8592368782793882
666 0.516213422116063 0.86502087235227
667 0.516213422116063 1.300217841293346
668 0.516213422116063 0.6898578681159154
669 0.516213422116063 0.6587906778585875
670 0.516213422116063 1.2694571882430004
671 0.516213422116063 1.1839303777370211
672 0.516213422116063 0.6703981021352096
673 0.516213422116063 0.6499690504710167
674 0.516213422116063 0.5192657183352865
675 0.516213422116063 0.5188929725613687
676 0.516213422116063 0.6939677287227375
677 0.516213422116063 0.6499043101352414
678 0.516213422116063 0.8074859477264958
679 0.516213422116063 1.568308620301862
680 0.516213422116063 0.5188636095026653
681 0.516213422116063 0.5189079764212245
682 0.516213422116063 0.51891858087779
683 0.516213422116063 0.6702617819758412
684 0.516213422116063 0.6424784181149793
685 0.516213422116063 0.5192360284125476
686 0.516213422116063 1.1592517810741758
687 0.516213422116063 0.8319938155230097
688 0.516213422116063 1.3395904213029126
689 0.516213422116063 0.5194768585222638
690 0.516213422116063 0.5196960149660156
691 0.516213422116063 0.982785840919901
692 0.516213422116063 0.7648483616144403
693 0.516213422116063 0.8403025555151932
694 0.516213422116063 0.9802380904943031
695 0.516213422116063 1.30612227261216
696 0.516213422116063 1.4640130100256104
697 0.516213422116063 0.5196850485747805
698 0.516213422116063 0.6830045905084077
699 0.516213422116063 0.704269784144911
700 0.516213422116063 0.6822994308813226
701 0.516213422116063 0.948352230501454
702 0.516213422116063 0.8378422311963033
703 0.516213422116063 0.6905264312138616
704 0.516213422116063 0.5197615327631672
705 0.516213422116063 0.6812747717524755
706 0.516213422116063 0.5197199142784305
707 0.516213422116063 0.6578741464129947
708 0.516213422116063 0.9675701076967396
709 0.516213422116063 0.5192518288263137
710 0.516213422116063 0.6621661686241951
711 0.516213422116063 0.686241748151776
712 0.516213422116063 0.8417729196415498
713 0.516213422116063 0.5188364393236489
714 0.516213422116063 0.8613232800956468
715 0.516213422116063 0.5189884374752933
716 0.516213422116063 0.8168030956806437
717 0.516213422116063 0.9542030183802842
718 0.516213422116063 0.8680593141850693
719 0.516213422116063 0.8409522086976211
720 0.516213422116063 1.314117755213189
721 0.516213422116063 0.5191101561923201
722 0.516213422116063 0.5190920478625375
723 0.516213422116063 0.6616355359033258
724 0.516213422116063 0.8252615713548239
725 0.516213422116063 0.8253780166482564
726 0.516213422116063 0.9425593031225928
727 0.516213422116063 0.7808573255566741
728 0.516213422116063 0.5190157790451245
729 0.516213422116063 0.8384480750962
730 0.516213422116063 0.8436894261882576
731 0.516213422116063 1.165949197330172
732 0.516213422116063 0.5190998955512341
733 0.516213422116063 1.312145105147119
734 0.516213422116063 0.6920216864625399
735 0.516213422116063 1.030445146387918
736 0.516213422116063 0.6726650321928247
737 0.516213422116063 0.6808086844532472
738 0.516213422116063 1.0093673038016147
739 0.516213422116063 0.5190408748752067
740 0.516213422116063 0.6776204874220586
741 0.516213422116063 0.6389710581697039
742 0.516213422116063 0.6759885242065977
743 0.516213422116063 0.5192710567345684
744 0.516213422116063 0.9681265943395752
745 0.516213422116063 0.5194029087941789
746 0.516213422116063 0.6871613024658935
747 0.516213422116063 0.7703789242976048
748 0.516213422116063 0.5193967561818315
749 0.516213422116063 0.5192587554612036
750 0.516213422116063 0.5192182477350129
751 0.516213422116063 0.6849069936775671
752 0.516213422116063 0.6392555675123358
753 0.516213422116063 0.519233758916017
754 0.516213422116063 0.6397732011129
755 0.516213422116063 0.5193324511282191
756 0.516213422116063 0.5193875690781167
757 0.516213422116063 0.68764749110392
758 0.516213422116063 0.9979488671931555
759 0.516213422116063 0.6117977601515144
760 0.516213422116063 1.3987265584347244
761 0.516213422116063 0.5183718361290685
762 0.516213422116063 1.6843579335165808
763 0.516213422116063 0.655091171746959
764 0.516213422116063 0.7845887374311387
765 0.516213422116063 1.4637805506848323
766 0.516213422116063 0.5185208913847444
767 0.516213422116063 0.5182233357540286
768 0.516213422116063 1.0018566857678015
769 0.516213422116063 0.518102919336079
770 0.516213422116063 0.9444063934958402
771 0.516213422116063 1.3847436266817739
772 0.516213422116063 0.9898130983910625
773 0.516213422116063 0.7577642877277863
774 0.516213422116063 0.517957339850014
775 0.516213422116063 0.8407819248765136
776 0.516213422116063 1.0194141524014257
777 0.516213422116063 0.517792673489949
778 0.516213422116063 0.5178047362958572
779 0.516213422116063 0.5175212391418406
780 0.516213422116063 1.1657009009412755
781 0.516213422116063 1.097637985256634
782 0.516213422116063 1.0147334213142407
783 0.516213422116063 0.6395103457548984
784 0.516213422116063 0.5171047416383351
785 0.516213422116063 0.8358875070792926
786 0.516213422116063 0.6368271616849551
787 0.516213422116063 0.5170959790385752
788 0.516213422116063 0.6899683255700689
789 0.516213422116063 0.809668874688443
790 0.516213422116063 1.478874021694145
791 0.516213422116063 0.5171592899762169
792 0.516213422116063 1.339648319387631
793 0.516213422116063 0.994822545329818
794 0.516213422116063 0.6840255450089333
795 0.516213422116063 0.7863013478102984
796 0.516213422116063 0.5172613357247999
797 0.516213422116063 0.8388198745803056
798 0.516213422116063 0.6644693769415772
799 0.516213422116063 1.0122054930389952
800 0.516213422116063 0.5178449464585665
801 0.516213422116063 0.5176997753228271
802 0.516213422116063 1.5796395832422372
803 0.516213422116063 0.6770499801134551
804 0.516213422116063 1.0321359337087455
805 0.516213422116063 0.8141805251951502
806 0.516213422116063 0.5176584460765752
807 0.516213422116063 0.9914339226535576
808 0.516213422116063 0.7403840678468208
809 0.516213422116063 0.8500688536617761
810 0.516213422116063 0.7535229230358528
811 0.516213422116063 0.6747855665753855
812 0.516213422116063 0.5173270606866054
813 0.516213422116063 1.186418607583038
814 0.516213422116063 0.5958018595812168
815 0.516213422116063 0.517232708034696
816 0.516213422116063 1.162470024277784
817 0.516213422116063 0.6856575705126547
818 0.516213422116063 0.8395465881429108
819 0.516213422116063 0.5169457739037483
820 0.516213422116063 0.667177636498247
821 0.516213422116063 0.7667447452874627
822 0.516213422116063 1.6799668270967212
823 0.516213422116063 1.0954747205418114
824 0.516213422116063 1.0186230763295603
825 0.516213422116063 0.516895982674571
826 0.516213422116063 0.8071015623259903
827 0.516213422116063 0.6557424752977856
828 0.516213422116063 0.8094570904715102
829 0.516213422116063 0.5168167557322974
830 0.516213422116063 0.8389283189892595
831 0.516213422116063 1.170290535925827
832 0.516213422116063 0.516790541861777
833 0.516213422116063 0.6794715705560206
834 0.516213422116063 0.51666209815464
835 0.516213422116063 0.516722772823988
836 0.516213422116063 0.5167040186043229
837 0.516213422116063 1.2345130724220947
838 0.516213422116063 0.9581049299371834
839 0.516213422116063 0.5166854449938865
840 0.516213422116063 0.8319335858903659
841 0.516213422116063 0.6846499604020206
842 0.516213422116063 0.8058978142206757
843 0.516213422116063 0.5167691193899093
844 0.516213422116063 0.7002428579257419
845 0.516213422116063 0.8167256458590532
846 0.516213422116063 0.5169134755082224
847 0.516213422116063 1.0090217787500888
848 0.516213422116063 0.5167763843256507
849 0.516213422116063 1.328334968591375
850 0.516213422116063 1.2728567827932147
851 0.516213422116063 0.5168414921641794
852 0.516213422116063 0.6851532292633468
853 0.516213422116063 0.6922658954539613
854 0.516213422116063 1.1820633241210623
855 0.516213422116063 1.3750357864984037
856 0.516213422116063 0.5167520413879533
857 0.516213422116063 0.5166264324363626
858 0.516213422116063 0.9118980104451383
859 0.516213422116063 0.8403360330881354
860 0.516213422116063 0.9910959574310477
861 0.516213422116063 1.0193249598420222
862 0.516213422116063 0.6639575727665488
863 0.516213422116063 0.5170969132567153
864 0.516213422116063 0.6875006624495309
865 0.516213422116063 0.6705262121220811
866 0.516213422116063 0.5169885699692514
867 0.516213422116063 0.6548043387966017
868 0.516213422116063 1.188685226230515
869 0.516213422116063 0.5170302957038206
870 0.516213422116063 0.8434107607928231
871 0.516213422116063 0.8161338632259617
872 0.516213422116063 0.8142288815733686
873 0.516213422116063 0.5166394384875946
874 0.516213422116063 1.3805942506222644
875 0.516213422116063 1.8405583386779998
876 0.516213422116063 0.587047754912569
877 0.516213422116063 0.9981375733081768
878 0.516213422116063 1.6063729089035814
879 0.516213422116063 0.5165943179999513
880 0.516213422116063 0.5165611863062612
881 0.516213422116063 0.7879429990253164
882 0.516213422116063 0.5165180750430136
883 0.516213422116063 1.488022763745214
884 0.516213422116063 0.6684296757887593
885 0.516213422116063 1.012433170146299
886 0.516213422116063 0.8415639498724569
887 0.516213422116063 0.8374467770597286
888 0.516213422116063 0.516492208285065
889 0.516213422116063 0.8669330660358608
890 0.516213422116063 1.6826483485380037
891 0.516213422116063 1.0188190614311967
892 0.516213422116063 0.5163887412532709
893 0.516213422116063 1.0947787402928426
894 0.516213422116063 0.9841048872962718
895 0.516213422116063 0.6443903424060384
896 0.516213422116063 0.899860906247308
897 0.516213422116063 1.149254033996316
898 0.516213422116063 0.5164117339270028
899 0.516213422116063 0.986766554931992
900 0.516213422116063 1.2508180253794023
901 0.516213422116063 0.9635584361008285
902 0.516213422116063 0.5163600004111057
903 0.516213422116063 0.6699024755610723
904 0.516213422116063 0.51633988182159
905 0.516213422116063 1.1774595046082634
906 0.516213422116063 0.5163427559058066
907 0.516213422116063 0.6542946117377976
908 0.516213422116063 0.8611123127009612
909 0.516213422116063 0.8075607814418003
910 0.516213422116063 1.4446111965497979
911 0.516213422116063 1.518113566390993
912 0.516213422116063 0.8662558545631935
913 0.516213422116063 0.5162565333793112
914 0.516213422116063 1.0043164482508598
915 0.516213422116063 0.6630600828826093
916 0.516213422116063 0.8534026253657571
917 0.516213422116063 0.6426996444357661
918 0.516213422116063 0.6427907391712264
919 0.516213422116063 0.8157168160678749
920 0.516213422116063 1.1142502848223121
921 0.516213422116063 1.780811536358313
922 0.516213422116063 0.6895210959456815
923 0.516213422116063 0.8077156153515683
924 0.516213422116063 0.7199465488880784
925 0.516213422116063 0.9176088125176401
926 0.516213422116063 0.9853936353870756
927 0.516213422116063 0.6633652829263005
928 0.516213422116063 0.858468642014877
929 0.516213422116063 1.4713266127830957
930 0.516213422116063 0.5162565333793114
931 0.516213422116063 0.8190094306953841
932 0.516213422116063 1.1723106700854684
933 0.516213422116063 0.7864904000714722
934 0.5161566849814436 0.9573948643299794
935 0.5161160995214664 0.5162301315704168
936 0.5161160995214664 0.6834407631487618
937 0.5161160995214664 0.5193802546921692
938 0.5161160995214664 0.7761932583895316
939 0.5161160995214664 1.3575722870932194
940 0.5161160995214664 0.9500928285942457
941 0.5161160995214664 0.6999886762938061
942 0.5161160995214664 0.9916797810322691
943 0.5161160995214664 0.6245532137448633
944 0.5161160995214664 0.5162505656152291
945 0.5161160995214664 0.853999108997095
946 0.5161160995214664 0.8447969599689601
947 0.5154448071531141 1.0194055675114444
948 0.5154448071531141 0.555676265681311
949 0.5154448071531141 1.5511303499538287
950 0.5154448071531141 0.6455140656021622
951 0.5154448071531141 0.8666331977936563
952 0.5154448071531141 1.7050921263646486
953 0.5154448071531141 1.1502958906647285
954 0.5154448071531141 1.2022457798938868
955 0.5154448071531141 1.3825725387665542
956 0.5154448071531141 0.6698272961526861
957 0.5154448071531141 0.5285099473019877
958 0.5154448071531141 1.0825421281707193
959 0.5154448071531141 1.3737291719063323
960 0.5154448071531141 0.8961114228474517
961 0.5154438589971586 1.35722818399547
962 0.5154438589971586 0.6515544770291583
963 0.5154438589971586 0.9729844207361625
964 0.515372794807869 0.7969904867823392
965 0.515372794807869 0.5165812276991985
966 0.515372794807869 1.007760753534214
967 0.515372794807869 1.3017716523938316
968 0.515372794807869 1.2806855863470898
969 0.515372794807869 0.5161270714005926
970 0.515372794807869 1.1640098052341719
971 0.515372794807869 1.3138103036998405
972 0.515372794807869 1.434757669751607
973 0.515372794807869 0.5161201806416927
974 0.515372794807869 0.516127912994595
975 0.515372794807869 0.5161210774824813
976 0.515372794807869 0.689340809110466
977 0.515372794807869 0.6595677277912959
978 0.515372794807869 1.0297599710451768
979 0.515372794807869 0.9596798095149124
980 0.515372794807869 0.516123665981736
981 0.515372794807869 0.7828324292281705
982 0.515372794807869 0.5161250889615104
983 0.515372794807869 0.8392408788854199
984 0.515372794807869 1.4784530121325108
985 0.515372794807869 0.5161076466222945
986 0.515372794807869 0.7626042605554746
987 0.515372794807869 0.8424226109143992
988 0.515372794807869 1.1642159089769921
989 0.515372794807869 0.5161402166974174
990 0.515372794807869 0.8583732096001988
991 0.515372794807869 0.5161153094879957
992 0.515372794807869 1.1416815279134214
993 0.515372794807869 1.3238403530554157
994 0.515372794807869 0.8520103865159733
995 0.515372794807869 0.5160789782633616
996 0.515372794807869 0.5160737700560266
997 0.515372794807869 0.635866565032387
998 0.515372794807869 0.6741743281100748
999 0.515372794807869 1.0337559450044231
