# iteración mejor promedio
0 91.52826269737014 294.73368249474254
1 89.70452376428791 270.39586853401016
2 72.98292785175546 238.24950994184465
3 69.89788676785808 217.24885109725147
4 39.519001444388 186.52002758719368
5 39.519001444388 167.41574193759564
6 17.890862372854052 139.3353040307399
7 17.890862372854052 122.86465257619585
8 17.890862372854066 103.95599241200448
9 11.568862550731385 90.34067397620007
10 11.568862550731385 74.87649228287714
11 11.568862550731385 53.618038906940384
12 9.350606685810634 41.52132428322291
13 8.150473871454073 29.514316466476203
14 7.564617398330514 26.92340392937639
15 6.293093595226545 23.287018049940112
16 5.785060685771836 22.42414455005708
17 5.335065132581459 19.706909113785752
18 4.2678639149476485 19.50368622513219
19 4.2678639149476485 17.42671100181743
20 4.263841783866165 15.559360767208327
21 4.255154321304578 13.471071213949068
22 4.215344704811757 11.416064240930554
23 3.8704368964678086 15.561975465169494
24 3.8704368964678086 9.990890327128252
25 3.8704368964678086 8.050392874864528
26 3.8704368964678086 8.738991025773785
27 3.8704368964678086 11.753912232335155
28 3.8704368964678086 9.861669299309337
29 3.8145556864953862 7.8904675198756475
30 3.8145556864953862 6.968765432205691
31 3.8145556864953862 8.257033381409405
32 3.8145556864953862 10.399826132015699
33 3.739562365239037 6.406392049206683
34 3.2500679164439004 6.8637837957524015
35 3.2500679164439004 6.433419573370515
36 3.2500679164439004 5.05427190503546
37 3.2500679164439004 12.652097033283317
38 3.2500679164439004 8.109751737298696
39 3.221181877772996 5.441141679048119
40 3.09116124930893 4.776937272636081
41 3.09116124930893 10.571486760515851
42 2.28213434144888 5.217256124248364
43 2.2089350064655524 6.313094459316788
44 2.204210599094249 6.656360582348243
45 2.097935306919615 4.8484922099518535
46 2.097935306919615 9.544814916396188
47 2.097935306919615 7.543610261644104
48 2.093028767324443 5.2535690676335545
49 1.6718244437438565 5.289929763264906
50 1.6718244437438565 3.3694967917373737
51 1.6718244437438565 7.359905070270954
52 1.6718244437438565 7.307996400856792
53 1.6718209400826833 2.617442731344251
54 1.66825731193262 4.3289931870585505
55 1.66825731193262 4.795211128020526
56 1.6569097743302752 2.3529741845184784
57 1.5467108321481626 3.224369383484984
58 1.5467108321481626 2.5479781720210917
59 1.521114281631314 3.4255808645387997
60 1.5175238613531494 4.137598687771093
61 1.505446773685293 2.086550585736691
62 1.5054035866575828 3.3590001681221056
63 1.485000126443317 2.826258564360529
64 1.485000126443317 2.854879646121981
65 1.485000126443317 3.3107279049077025
66 1.485000126443317 1.9071444018963217
67 1.485000126443317 1.879158421781283
68 1.485000126443317 4.288121839200175
69 1.485000126443317 2.01190198262231
70 1.485000126443317 2.998328155689998
71 1.472532300758264 1.783808038598308
72 1.471894828150189 2.466752045620286
73 1.4714654596943877 3.963459135863031
74 1.4564726842661202 2.2933382689720476
75 1.4564726842661202 2.5150676003540595
76 1.4564726842661202 1.7315781237439904
77 1.435850775343386 2.449238726744564
78 1.435850775343386 1.704900894206846
79 1.435850775343386 1.6902735470809447
80 1.435850775343386 3.3967944256427014
81 1.435850775343386 3.0470173907492804
82 1.435850775343386 1.6593232774574402
83 1.435850775343386 3.4282226826860653
84 1.435168224126986 1.6470397344523555
85 1.4344424315624031 4.180953430678913
86 1.4344424315624031 4.019516828379757
87 1.4344424315624031 1.943443640834835
88 1.434404599024338 4.404389820721714
89 1.434404599024338 1.8538591564980056
90 1.4340015408449558 2.1584836510939702
91 1.433988403429983 4.346650905479351
92 1.433988403429983 6.757487179087633
93 1.433988403429983 1.857715277815112
94 1.433988403429983 1.6187175052071963
95 1.4308536117335682 2.5291544024296457
96 1.4159364266909633 1.6233076754438838
97 1.4159364266909633 7.210074106378618
98 1.4159364266909633 1.8766289806285874
99 1.4159364266909633 1.5991293479852586
100 1.4159364266909633 5.574335387802307
101 1.41584273975325 3.4858436421614387
102 1.41584273975325 2.3096498884581593
103 1.41584273975325 3.3929652810050936
104 1.41584273975325 1.588849270937484
105 1.4142905723776316 1.84380636251841
106 1.4072506729547734 2.6657015616583575
107 1.4048453736402147 4.06222817115251
108 1.4048453736402147 3.2013248769974205
109 1.4048453736402147 1.5825847810485407
110 1.4048453736402147 3.9724919094660334
111 1.4048453736402147 4.8678977523189415
112 1.387726816796076 1.5787033115105098
113 1.387726816796076 1.8097819042576009
114 1.387726816796076 7.5110221045770444
115 1.387726816796076 1.5767394239573878
116 1.387726816796076 3.30036785025859
117 1.387726816796076 6.17577993787728
118 1.387678713989533 2.048202836237679
119 1.387678713989533 1.5670615544260762
120 1.387678713989533 8.515106579160483
121 1.387678713989533 2.706299345741522
122 1.387678713989533 1.5512668167460506
123 1.387678713989533 2.339029363327693
124 1.387678713989533 2.3640758840968554
125 1.3844764247622074 2.832405042199431
126 1.3844764247622074 1.7821456940393057
127 1.3844764247622074 4.6285122916950305
128 1.3844764247622074 3.2694450312284165
129 1.3828971114555106 1.530975797937848
130 1.3828971114555106 1.5316982371855337
131 1.3828971114555106 1.5347040756583215
132 1.3828971114555106 2.4242369341661427
133 1.3828971114555106 1.5302600159160542
134 1.3828971114555106 3.8926433679770516
135 1.3828971114555106 3.37009517955313
136 1.3828971114555106 3.065275733075044
137 1.3828971114555106 2.0642115148491187
138 1.3828971114555106 1.7592051680266605
139 1.3828971114555106 1.5160259642941363
140 1.381612165385366 1.50639932252583
141 1.381612165385366 2.292825626041571
142 1.3787536172351094 1.7781503543313755
143 1.3787536172351094 3.608597048271067
144 1.3787536172351094 1.4965142878181543
145 1.3785310205929446 1.9268930452419604
146 1.3784912836003502 2.468858439647221
147 1.3784912836003502 3.780780218117365
148 1.3784912836003502 2.3592772981583887
149 1.3784912836003502 2.988887190675413
150 1.3784912836003502 1.5009060860438586
151 1.3784912836003502 6.387751732207476
152 1.3784912836003502 2.1869393864803786
153 1.3784912836003502 1.966885715127174
154 1.3784912836003502 4.117173731500881
155 1.3784912836003502 2.9044783380052404
156 1.3784912836003502 5.0552232350332815
157 1.3784912836003502 3.7138796547888906
158 1.3781071887473335 9.686169854040557
159 1.3781071887473335 1.7596732477103958
160 1.3781071887473335 1.7981182009378256
161 1.3778936250920522 2.192472006428095
162 1.3775487281409664 2.7877783417999593
163 1.3775487281409664 1.5048973483437031
164 1.3775487281409664 1.4987758849504667
165 1.3775487281409664 7.906596371793432
166 1.3775487281409664 3.164836528623009
167 1.3775487281409664 3.899755961799855
168 1.3775487281409664 2.861823340845222
169 1.3775487281409664 2.521516244509573
170 1.3770397491794413 3.1564469238449973
171 1.376853413832584 1.473595705476198
172 1.376853413832584 1.4712649656060142
173 1.376853413832584 2.8122677577370627
174 1.376853413832584 9.08906723237168
175 1.376853413832584 1.4627329345693951
176 1.376853413832584 2.737450824140901
177 1.376853413832584 3.462649687391206
178 1.376853413832584 1.4579069543611995
179 1.376853413832584 2.1933026937836746
180 1.376853413832584 2.0923969032989533
181 1.376853413832584 1.4468536042035822
182 1.376853413832584 2.8808440193928164
183 1.376853413832584 1.8804332495745673
184 1.376853413832584 1.4487722631291655
185 1.376853413832584 1.4480164762754786
186 1.376853413832584 1.4451976549426937
187 1.376853413832584 3.6568336913548296
188 1.376853413832584 7.289600335827402
189 1.376853413832584 2.997201053968072
190 1.376853413832584 2.442199696270659
191 1.376853413832584 2.8986467627657135
192 1.376853413832584 4.477388252797902
193 1.376853413832584 4.446109473204646
194 1.376853413832584 1.427136016644983
195 1.376853413832584 2.3218790399111056
196 1.376853413832584 2.1536329915980015
197 1.376853413832584 2.4789220852561096
198 1.376853413832584 3.8590011261988746
199 1.376853413832584 2.492500236379137
200 1.376853413832584 3.1782396500251946
201 1.376853413832584 6.719430561613596
202 1.376853413832584 2.4191049055864284
203 1.376853413832584 1.4171551913805187
204 1.376853413832584 2.8472298911585123
205 1.376853413832584 2.106039774502086
206 1.3767559699684706 5.030591194170476
207 1.3767559699684706 1.4133498922671317
208 1.376628849973672 2.545942202949585
209 1.376628849973672 4.795484417601661
210 1.376628849973672 2.775901395261333
211 1.375678264879204 1.4155286643331622
212 1.375678264879204 1.4152281242549185
213 1.375678264879204 1.4122966516217432
214 1.375678264879204 2.3166868899463378
215 1.375678264879204 3.2657100981982996
216 1.375678264879204 1.411483145963283
217 1.375678264879204 2.0931912307822707
218 1.375678264879204 1.4099173977714425
219 1.375678264879204 2.601791971227765
220 1.375678264879204 1.8133196075255793
221 1.375678264879204 1.6427574226989123
222 1.375678264879204 2.6974446371164804
223 1.375678264879204 2.5381568990558865
224 1.375678264879204 2.2044031960692916
225 1.375678264879204 1.4125135474823551
226 1.375678264879204 6.794509506248512
227 1.375678264879204 1.9251126530414597
228 1.375678264879204 2.35551482517004
229 1.375678264879204 1.410593962809435
230 1.375678264879204 5.837514149408496
231 1.375678264879204 2.0937945639589297
232 1.375678264879204 1.4014597834495301
233 1.375678264879204 2.9235622352580966
234 1.375678264879204 1.4022791659531848
235 1.375678264879204 1.4018817271887811
236 1.375678264879204 1.3984466349189482
237 1.375678264879204 2.405335059378475
238 1.375678264879204 2.2975448069661804
239 1.375678264879204 2.7010506040034428
240 1.375678264879204 1.3983938344645512
241 1.375678264879204 3.0885476733062815
242 1.375678264879204 1.3968246274917118
243 1.3756732939993042 2.7571722002398946
244 1.3756732939993042 3.9423545662953483
245 1.3756732939993042 1.394166612740558
246 1.3756732939993042 1.392966320252717
247 1.3756732939993042 4.285381207990736
248 1.3756732939993042 2.782246487551496
249 1.3756732939993042 2.2824726574944245
250 1.3756732939993042 4.649077816172099
251 1.3756732939993042 1.3928368404543567
252 1.3756732939993042 4.089979428217532
253 1.3756732939993042 3.2712606132607878
254 1.3756732939993042 1.3879215684168835
255 1.3756732939993042 4.621222734373148
256 1.3756732939993042 3.3611340472384965
257 1.3756732939993042 4.484949333908758
258 1.3756732939993042 3.8409484923288586
259 1.3756732939993042 3.490530180156142
260 1.3756732939993042 4.063744626528142
261 1.3756732939993042 2.788206822364704
262 1.3756732939993042 3.4918420752171553
263 1.3756732939993042 1.3837223697521746
264 1.3756732939993042 5.165268687836875
265 1.3756732939993042 4.3934115581918
266 1.3756732939993042 3.1794394645799273
267 1.3756732939993042 1.385467628013342
268 1.3756732939993042 1.385312381419519
269 1.3756732939993042 1.385225260504024
270 1.3756732939993042 1.7490748002836238
271 1.3756732939993042 2.394594955019086
272 1.3756732939993042 4.423640044369711
273 1.3756732939993042 1.9721526794452782
274 1.3756732939993042 3.3126916132301516
275 1.3756732939993042 4.6804855149800195
276 1.3756732939993042 3.6925627306786453
277 1.3756732939993042 2.615220928037904
278 1.3756732939993042 1.4085641060226606
279 1.3756640553993493 3.8426098473407517
280 1.3756640553993493 3.236374492871808
281 1.3756640553993493 2.024298041903144
282 1.3756640553993493 1.630259027173526
283 1.3756640553993493 2.4886569371890617
284 1.3756640553993493 3.583933870601633
285 1.3756548221089393 1.8325923954716858
286 1.3756548221089393 3.1364214317529893
287 1.3756548221089393 1.3789597976426888
288 1.3756548221089393 6.195360505004215
289 1.3756548221089393 3.634365131153572
290 1.3756548221089393 2.5135778251282717
291 1.3756548221089393 2.103637600861856
292 1.3756548221089393 1.379591591609776
293 1.3756548221089393 2.7633793341850175
294 1.3756548221089393 2.072080201864311
295 1.3756548221089393 2.1709962927609534
296 1.3756548221089393 7.23222684675143
297 1.3756548221089393 10.203409472257084
298 1.3756548221089393 2.9403186274763624
299 1.3756548221089393 2.0412489576113955
300 1.3756548221089393 1.3794918803727212
301 1.3756548221089393 4.213678311098217
302 1.3756548221089393 2.4763968410448554
303 1.3756548221089393 2.2231325981096908
304 1.3756548221089393 1.889435605582264
305 1.3756548221089393 1.3787137219083
306 1.3756548221089393 2.2088845181418644
307 1.3756548221089393 1.6041952718590449
308 1.3756548221089393 4.255011573674348
309 1.3756548221089393 2.9101137369661587
310 1.3756548221089393 1.3775168102353215
311 1.3756548221089393 1.377291423526234
312 1.3756548221089393 1.3774462240024525
313 1.3756548221089393 2.054096593291913
314 1.3756548221089393 6.829606235669662
315 1.3756548221089393 2.7001417629460316
316 1.3756548221089393 2.873658061523194
317 1.3756548221089393 2.235617856334932
318 1.3756548221089393 1.377025191492589
319 1.3756548221089393 3.8366058249149986
320 1.3756548221089393 2.413471154142539
321 1.3756548221089393 2.3405958372291615
322 1.3756548221089393 1.3771119430186918
323 1.3756548221089393 5.380326963021646
324 1.3756548221089393 3.8209073025844065
325 1.3756548221089393 7.029212670482221
326 1.3756548221089393 2.5022510405089107
327 1.3756548221089393 3.3252629614066405
328 1.3756548221089393 3.2653584775073
329 1.3756548221089393 1.376961761987379
330 1.3756548221089393 1.376980807749932
331 1.3756548221089393 1.3770107435808694
332 1.3756548221089393 1.6870543713510415
333 1.3756548221089393 2.827540913683184
334 1.3756548221089393 1.3769102529050214
335 1.3756548221089393 1.3768710356362248
336 1.3756548221089393 3.2846931855977215
337 1.3756548221089393 4.981793742563368
338 1.3756548221089393 4.46215746852543
339 1.3756548221089393 1.3766208663011243
340 1.3756548221089393 1.3765954276619536
341 1.3756548221089393 2.82619164727142
342 1.3756548221089393 1.376669784599789
343 1.3756548221089393 2.1252758633081563
344 1.3756548221089393 1.9344760416528652
345 1.3756548221089393 3.117938518633045
346 1.3756548221089393 1.376680630859679
347 1.3756548221089393 2.9722987853408442
348 1.3756548221089393 3.0598603736922776
349 1.3756548221089393 3.4740661901944385
350 1.3756548221089393 3.1124311845881967
351 1.3756548221089393 1.6368775625852499
352 1.3756548221089393 2.4354659444393096
353 1.3457908848009166 2.2235641224292295
354 1.3457908848009166 3.610526941414431
355 1.3457908848009166 1.3760415380078996
356 1.3457908848009166 1.376033889614287
357 1.3457908848009166 6.170639915606841
358 1.3453561623328438 2.307285057535306
359 1.3453561623328438 2.262102683103322
360 1.3453561623328438 2.517753296829939
361 1.3337344594076284 1.377345872312872
362 1.3337344594076284 7.4470546175675665
363 1.333713162935295 5.965822664699808
364 1.333713162935295 3.6775382221094706
365 1.3335162753041718 5.7974132339195945
366 1.3322090079588262 2.267117386234014
367 1.3322090079588262 2.7508615125925173
368 1.3322090079588262 2.1378385465289402
369 1.3322090079588262 3.6772196461325364
370 1.3322090079588262 1.437457023801415
371 1.3322090079588262 3.1394359400290317
372 1.3322090079588262 2.1909028795372962
373 1.3322090079588262 1.444994053823129
374 1.3322090079588262 2.42314107186094
375 1.3322090079588262 1.4171362504295084
376 1.3322090079588262 1.881786167934281
377 1.3322090079588262 3.381696361022212
378 1.3322090079588262 3.832065193266794
379 1.3322090079588262 3.90207193538517
380 1.3322090079588262 3.866556160420592
381 1.332037442753386 2.1065601731030323
382 1.332037442753386 1.5501715805830645
383 1.332037442753386 2.8766710948140792
384 1.332037442753386 2.280904460879473
385 1.332037442753386 3.744112838935727
386 1.332037442753386 1.8109690387184108
387 1.332037442753386 1.3831827008362791
388 1.332037442753386 4.869117403732752
389 1.332037442753386 4.768559186291037
390 1.332037442753386 1.5753680152486096
391 1.332037442753386 3.9757765400679155
392 1.332037442753386 2.329198851672767
393 1.332037442753386 5.39711223246403
394 1.332037442753386 5.439326783081563
395 1.332037442753386 5.004374322048814
396 1.332037442753386 4.6755000458144576
397 1.332037442753386 5.815545435873831
398 1.3320269117727512 1.3742635487578168
399 1.3320269117727512 1.369068791243858
400 1.3320269117727512 3.524275812716423
401 1.3320269117727512 3.2477491028018663
402 1.3320269117727512 2.787462239863205
403 1.3320269117727512 6.850879359143478
404 1.3320269117727512 7.495266117983758
405 1.3320269117727512 1.971415926496806
406 1.3320269117727512 1.59335209575448
407 1.3320269117727512 3.766427285181051
408 1.3320269117727512 5.973800426308072
409 1.3320269117727512 3.3190573951713698
410 1.3320269117727512 3.0070308529800007
411 1.3320269117727512 1.4255100812438215
412 1.3320269117727512 4.806331807503922
413 1.3317837644917747 2.9662038315036163
414 1.3317837644917747 3.484413086477488
415 1.3315682322599682 3.3525288640094386
416 1.3315682322599682 1.3806642829971418
417 1.3315682322599682 2.552648876368682
418 1.3315682322599682 3.6211416733648747
419 1.3315682322599682 1.3983651029773743
420 1.3315682322599682 5.600713609588821
421 1.3315682322599682 1.525221472854144
422 1.3315682322599682 2.2397165051919807
423 1.3315682322599682 2.8300517525881377
424 1.3315682322599682 1.58198285593694
425 1.3315682322599682 1.7422944646544738
426 1.3315682322599682 4.919488505672118
427 1.3315682322599682 2.5846923934421993
428 1.331547122012194 2.7763704034899996
429 1.331547122012194 2.2401966672307236
430 1.3312436392577398 2.879578080951228
431 1.329232263096096 4.85120447771054
432 1.329232263096096 3.192319950391614
433 1.329232263096096 3.1212004176964045
434 1.329232263096096 3.0790415843972183
435 1.3292109454984562 3.0870594507074958
436 1.3292109454984562 1.8534264508494565
437 1.3292109454984562 5.180452174947069
438 1.3292109454984562 5.62025628482507
439 1.3292109454984562 2.2525166842160416
440 1.3292109454984562 2.6589942193853413
441 1.3292109454984562 1.9359496353591386
442 1.3292109454984562 2.1526131756449614
443 1.3292109454984562 1.821892673453265
444 1.3292109454984562 2.0044953912517185
445 1.3287623743958714 2.4534749622701257
446 1.3287623743958714 3.2818918745580707
447 1.3287623743958714 1.8252660689511848
448 1.3287623743958714 2.5320901774387172
449 1.3287623743958714 3.2179489302171955
450 1.3287623743958714 6.8602044128845865
451 1.3285812487881965 9.111011999212652
452 1.3285812487881965 1.8053971269439508
453 1.3285812487881965 1.4025929660648575
454 1.3285812487881965 2.0394758124640147
455 1.3285812487881965 2.3281734473714697
456 1.3285812487881965 2.3101137576348947
457 1.3285812487881965 1.8835013788177526
458 1.3285812487881965 3.7391677034805615
459 1.3285812487881965 1.6987830642761097
460 1.3285598739059579 3.966387675594399
461 1.3285598739059579 3.3909052577145196
462 1.3285598739059579 1.4664808134236995
463 1.3285598739059579 5.918824189698309
464 1.3285598739059579 4.386355822038745
465 1.3283438293268144 1.3455333009351234
466 1.3283438293268144 1.3476820016481088
467 1.3283438293268144 2.551236837587426
468 1.3283438293268144 2.7349838994762785
469 1.3283438293268144 4.0563816435752935
470 1.3283438293268144 5.039739657539568
471 1.3283438293268144 3.141361797815914
472 1.3283438293268144 5.758140924068593
473 1.3283438293268144 4.672143734166775
474 1.3283438293268144 3.9911484300665983
475 1.3283438293268144 1.3408788783823928
476 1.3283438293268144 2.814888994694936
477 1.3283438293268144 1.3759713792758672
478 1.3283438293268144 3.588708692172222
479 1.3283438293268144 1.5564143702610889
480 1.3283438293268144 2.0406984616072186
481 1.3283438293268144 1.3336206677908193
482 1.3283438293268144 3.3648502060430507
483 1.3283438293268144 4.64584399743031
484 1.3283438293268144 1.3328499792359716
485 1.3283438293268144 1.3330880125833968
486 1.3283438293268144 1.3328092603317105
487 1.3283438293268144 1.333297835676411
488 1.3283438293268144 2.5232715079980412
489 1.3283438293268144 3.243415898322374
490 1.3283438293268144 2.470213853444387
491 1.3283438293268144 1.3342655525635423
492 1.3283438293268144 1.3348121810047675
493 1.3283438293268144 1.3348666392233681
494 1.3283438293268144 4.103450370080347
495 1.3283438293268144 1.698341630005217
496 1.3283438293268144 3.481474087880678
497 1.3283292388098904 3.7128931398454954
498 1.3283292388098904 2.2496513192470915
499 1.3281462888226547 2.2309789748581186
500 1.3281405302408889 1.3352987893841728
501 1.3281405302408889 1.3343581872888817
502 1.3281405302408889 5.566311849125149
503 1.3281405302408889 1.3340299741741974
504 1.3281405302408889 2.5368119170373316
505 1.3281405302408889 1.3334546680385284
506 1.3281405302408889 1.333965225973947
507 1.3281405302408889 1.3334947554887608
508 1.3281405302408889 2.464058213516653
509 1.3281405302408889 2.4568301791003826
510 1.3281405302408889 6.432302328847414
511 1.3281191055936712 2.533025738778351
512 1.3281191055936712 4.163672362527788
513 1.3281191055936712 2.6522391761345148
514 1.3281191055936712 2.3577921277674707
515 1.3281191055936712 7.475307816833761
516 1.3281191055936712 1.3341792517263698
517 1.3281191055936712 5.4918761071599995
518 1.3281191055936712 2.9456350987704427
519 1.3281191055936712 2.4012026601199215
520 1.3281191055936712 3.594313792125304
521 1.3281191055936712 8.07936125376528
522 1.3281191055936712 3.4076526268023724
523 1.3281191055936712 2.5743155370949222
524 1.3281191055936712 1.3341919347882125
525 1.3281191055936712 3.462701576973107
526 1.3281191055936712 2.7973523122305983
527 1.3281191055936712 3.728464259977079
528 1.3281191055936712 4.699665479460748
529 1.3281191055936712 1.3335709276477414
530 1.3281191055936712 4.741286485884009
531 1.3281191055936712 1.5171962288220648
532 1.3281191055936712 2.0244080751659346
533 1.3281191055936712 1.3341561762822605
534 1.3281191055936712 1.839487692545059
535 1.3281191055936712 3.01496994339699
536 1.3281191055936712 1.3344429319900235
537 1.3281191055936712 2.752898197821517
538 1.3281191055936712 1.335018443527384
539 1.3281191055936712 4.044239718481094
540 1.3281191055936712 5.908255123772817
541 1.3281191055936712 2.5498237503371963
542 1.3281191055936712 1.3339182251103459
543 1.3281191055936712 1.3338717631220909
544 1.3281191055936712 2.2473769629226954
545 1.3281191055936712 1.3327372319573825
546 1.3281191055936712 5.178820694986354
547 1.3281191055936712 2.4701300756783855
548 1.3281191055936712 3.3827987204863628
549 1.3281191055936712 2.96794623618716
550 1.3281191055936712 1.3337824787616872
551 1.3256089956024466 2.7384730721371966
552 1.3256089956024466 1.677161530466142
553 1.3256089956024466 4.770308651624285
554 1.3256089956024466 3.121438103105896
555 1.3251102561030406 2.8130742013316143
556 1.3251102561030406 1.343084557437496
557 1.3251102561030406 2.223700493552394
558 1.3251102561030406 2.2534137243227645
559 1.3251102561030406 3.3261595683353558
560 1.3251102561030406 6.451054865041959
561 1.3251102561030406 1.557522879930745
562 1.3251102561030406 1.3332252531331616
563 1.3251102561030406 3.4470689094666995
564 1.3242377068094007 1.560759276487414
565 1.323747119321167 3.603166376296843
566 1.3236561462668273 1.3693359944851884
567 1.3233914216178233 2.9772507749990083
568 1.3233914216178233 2.74515543190238
569 1.3233914216178233 1.9089447428140653
570 1.3233914216178233 5.285665905841755
571 1.3233003621185981 2.576629815518552
572 1.3233003621185981 1.3346121351851534
573 1.3233003621185981 3.148559707432509
574 1.3233003621185981 1.7596888816785985
575 1.3233003621185981 2.655934206741406
576 1.3233003621185981 6.007764406737911
577 1.3233003621185981 2.5934002253368003
578 1.3233003621185981 2.106482709845263
579 1.3233003621185981 1.3357721374433351
580 1.3233003621185981 2.550454132738172
581 1.3233003621185981 1.7854680928701772
582 1.3233003621185981 1.3346678886340653
583 1.3233003621185981 5.3120317380723705
584 1.3233003621185981 2.465217335120302
585 1.3233003621185981 2.79824293299224
586 1.3233003621185981 2.2088834904913215
587 1.3233003621185981 1.686193887131572
588 1.3233003621185981 3.3268925234465945
589 1.3233003621185981 3.2682406272337676
590 1.3233003621185981 1.3343126873117999
591 1.3233003621185981 3.1705250521804977
592 1.3233003621185981 1.332982424532047
593 1.3233003621185981 1.3327884029299155
594 1.3233003621185981 3.726246472963352
595 1.3202141344774865 5.007790039389936
596 1.3198511810396143 2.9787862200704485
597 1.3198511810396143 5.601672112299786
598 1.3198511810396143 1.331540266814897
599 1.3189493729559623 1.3313206779876274
600 1.3183677810763104 1.8984181196435537
601 1.3183677810763104 2.8054680840198505
602 1.3183677810763104 3.0109899274006544
603 1.3171391819767009 2.6776075073401007
604 1.3171391819767009 1.751303300969682
605 1.3171158883732768 6.809186451739365
606 1.3157809247165049 1.839741997403639
607 1.3157809247165049 2.2553115780969084
608 1.3157809247165049 2.6352092250506063
609 1.3157809247165049 3.929263725679363
610 1.3157809247165049 3.031222456904979
611 1.3157809247165049 3.5988039572872323
612 1.3154808916366958 3.5193550592756306
613 1.3154808916366958 1.329722839790998
614 1.3154808916366958 2.5316711657194437
615 1.3154808916366958 3.1722269187259746
616 1.3154808916366958 1.9253383013278031
617 1.3154808916366958 1.8737360370857792
618 1.3154808916366958 3.526532821065195
619 1.3154317232327588 2.834845342049042
620 1.3154317232327588 3.8181147517439795
621 1.3153061745347414 1.7871864513066342
622 1.3149339047249218 1.3291587004401233
623 1.3149339047249218 1.3293410617658168
624 1.3149339047249218 3.112337771390922
625 1.3149339047249218 1.329111963846602
626 1.3149339047249218 1.3288183967078897
627 1.3149339047249218 2.297770332561236
628 1.3149339047249218 3.603770759621766
629 1.3149339047249218 1.329641885886798
630 1.3149339047249218 2.126257733176449
631 1.3149339047249218 4.17942543428178
632 1.3148579249182646 3.089242969961085
633 1.3148579249182646 1.3290314477658713
634 1.3148579249182646 2.2277000483078853
635 1.3148579249182646 1.3284215816251548
636 1.3148579249182646 1.3282899497558953
637 1.3148579249182646 3.5878483121282243
638 1.3148579249182646 3.076307561356064
639 1.3148579249182646 1.328049207563445
640 1.3148579249182646 1.8446740933104444
641 1.3148430629750578 2.799660653060379
642 1.3148430629750578 5.758901205156954
643 1.3148430629750578 4.224982124033527
644 1.3148430629750578 2.6843047030794924
645 1.3148430629750578 2.219282406444051
646 1.3148430629750578 2.4109328449353185
647 1.3148430629750578 6.5494919625779495
648 1.3148430629750578 2.118844557857558
649 1.3148430629750578 2.2757316804154772
650 1.3148430629750578 1.6924568803179296
651 1.3148430629750578 1.325521909394706
652 1.3148430629750578 3.7473233055100352
653 1.3148430629750578 1.325213469534144
654 1.3148430629750578 2.9839111311343913
655 1.3148430629750578 7.226630337516907
656 1.3148430629750578 1.3244056118332639
657 1.3148430629750578 4.111783136962628
658 1.3148430629750578 2.923290578748227
659 1.3148430629750578 8.910558612556988
660 1.3148430629750578 3.824437546962583
661 1.3148430629750578 1.3228200743982053
662 1.3148430629750578 1.8002597430938594
663 1.3148430629750578 2.1656949950749023
664 1.3148430629750578 1.776437795750089
665 1.3148430629750578 1.3227455717651053
666 1.3148430629750578 2.5702845604573805
667 1.3148430629750578 3.8261418668647464
668 1.3148430629750578 2.7685076730351863
669 1.3148430629750578 2.407767148783133
670 1.3148430629750578 2.0175790309023753
671 1.3148430629750578 1.606695360695494
672 1.3148430629750578 3.310598296084605
673 1.3148430629750578 2.366030238645169
674 1.3148430629750578 3.980451613479991
675 1.3148430629750578 3.6090288134471393
676 1.3148430629750578 2.528731973967066
677 1.3148430629750578 2.778586000391726
678 1.3148430629750578 2.719423584883032
679 1.3148430629750578 3.8263171638482003
680 1.3148430629750578 1.3201775942837342
681 1.3148430629750578 1.3201938469709498
682 1.3148430629750578 1.3204536222232368
683 1.3148430629750578 1.6061850207280037
684 1.3148430629750578 5.919696953522809
685 1.3148430629750578 8.589505331467997
686 1.3148430629750578 2.2187939190260924
687 1.3148430629750578 4.330778869059447
688 1.3148430629750578 1.3200272167675815
689 1.3148430629750578 1.6726749562768304
690 1.3148430629750578 3.8943134684270166
691 1.3148430629750578 1.9222913483328354
692 1.3148430629750578 4.335740685851033
693 1.3148430629750578 1.9782583080776408
694 1.3148430629750578 2.133068707964505
695 1.3148430629750578 1.3210958038711846
696 1.3148430629750578 1.5746220136713485
697 1.3148430629750578 1.3208566051198563
698 1.3148430629750578 3.1242475284662334
699 1.3148430629750578 4.8509665233940185
700 1.3148430629750578 1.499833641401586
701 1.3148430629750578 1.3239821561498661
702 1.3148430629750578 2.3688103235394924
703 1.3148430629750578 5.7351514682552285
704 1.3148430629750578 1.321623897901587
705 1.3148430629750578 2.0305246737587543
706 1.3148430629750578 1.7485277958463408
707 1.3148430629750578 1.3206747981553344
708 1.3148430629750578 2.957657948377886
709 1.3148430629750578 1.3216932612342558
710 1.3148430629750578 1.9192177313477035
711 1.3148430629750578 1.563185749276668
712 1.3148430629750578 2.926648719077818
713 1.3148430629750578 2.6410412720003067
714 1.3148430629750578 1.3220049010702182
715 1.3148430629750578 1.684354072542824
716 1.3148430629750578 2.669783988304799
717 1.3148430629750578 2.7455699730511265
718 1.3148430629750578 3.0609623530821692
719 1.3148430629750578 5.236388403013681
720 1.3148430629750578 4.3239463948775665
721 1.3148430629750578 1.3205353844401373
722 1.3148430629750578 1.3203633618268489
723 1.3148430629750578 4.784881464104609
724 1.3148430629750578 2.0570091144305622
725 1.3148430629750578 1.3201670581553169
726 1.3148430629750578 1.5456036914193518
727 1.3148430629750578 3.185840161728066
728 1.3148430629750578 1.319986022853188
729 1.3148430629750578 2.5271500255068076
730 1.3148430629750578 1.3198826963304282
731 1.3148430629750578 1.8269618986430913
732 1.3148430629750578 3.9472496111263293
733 1.3148430629750578 1.580258859551046
734 1.3148430629750578 2.162511541283072
735 1.3148430629750578 1.3200158960362245
736 1.3148430629750578 2.0197503764815257
737 1.3148430629750578 3.342156272104745
738 1.3148430629750578 2.2040006017753377
739 1.3148430629750578 7.234709983200568
740 1.3148430629750578 1.3202573650995582
741 1.3148430629750578 4.37833536958656
742 1.3148430629750578 3.1053712897243457
743 1.3148430629750578 5.3612464763437275
744 1.3148430629750578 1.320336710267462
745 1.3148430629750578 1.3200741003589704
746 1.3148430629750578 4.221508552562857
747 1.3148430629750578 1.3199221262847691
748 1.3148430629750578 1.3198406750566127
749 1.3148430629750578 2.5584345800603105
750 1.3148430629750578 3.6369756834629707
751 1.3148430629750578 5.14703645184531
752 1.3148430629750578 1.3198646602049828
753 1.3148430629750578 1.3199438643151773
754 1.3148430629750578 2.1128520353534053
755 1.3148430629750578 1.6857276316178809
756 1.3148430629750578 1.3202897889830805
757 1.3148430629750578 1.3200651642470624
758 1.3148430629750578 1.3200982640799919
759 1.3148430629750578 1.3197782766923771
760 1.3148430629750578 6.085082192587318
761 1.3148430629750578 1.3196381598938083
762 1.3148430629750578 3.8263899377269386
763 1.3148430629750578 4.006137847026985
764 1.3148430629750578 1.3200887968536197
765 1.3148430629750578 1.3207288542135458
766 1.3148430629750578 1.3207150031519919
767 1.3148430629750578 1.5476335717589365
768 1.3148430629750578 1.3203573489881806
769 1.3148430629750578 1.6712321131486327
770 1.3148430629750578 3.6654742623012853
771 1.3148430629750578 3.422047738001275
772 1.3148430629750578 6.331112150496226
773 1.3148430629750578 1.861028359233539
774 1.3148430629750578 7.445181240606413
775 1.3148430629750578 1.3201272828709767
776 1.3148430629750578 1.6062483226766282
777 1.3148430629750578 1.3200501837179632
778 1.3148430629750578 5.326396135968887
779 1.3148430629750578 2.4773211030034106
780 1.3148430629750578 2.62302832506247
781 1.3148430629750578 2.0621615968578517
782 1.3148430629750578 2.7921058268373056
783 1.3148430629750578 3.6426833585336906
784 1.3148430629750578 3.8977381830061604
785 1.3148430629750578 1.3193670895847245
786 1.3148430629750578 1.5610732624981518
787 1.3148430629750578 4.022154659697433
788 1.3148430629750578 4.456911316601145
789 1.3148430629750578 3.3198477257102352
790 1.3148430629750578 3.503618881006814
791 1.3148430629750578 2.0109612166097808
792 1.3148430629750578 1.3193372508718275
793 1.3148430629750578 1.3193296929369986
794 1.3148430629750578 1.3194598147569865
795 1.3148430629750578 4.163371567024736
796 1.3148430629750578 1.3189253998626245
797 1.3148430629750578 4.458876812420331
798 1.3148430629750578 1.317929373445391
799 1.3148430629750578 1.8486479400185138
800 1.3148430629750578 2.242797398020725
801 1.3148430629750578 1.3177129557328422
802 1.3148430629750578 1.3174272859449343
803 1.3148430629750578 1.886858410639231
804 1.3148430629750578 4.65961333459318
805 1.3148430629750578 1.6677649411052027
806 1.3148430629750578 1.3181100307083466
807 1.3148430629750578 1.317984607745147
808 1.3148430629750578 4.196015817148865
809 1.3148430629750578 2.1099076095150395
810 1.3148430629750578 1.3174132208724751
811 1.3148430629750578 3.3460988184839744
812 1.3148430629750578 4.330985202321284
813 1.3148430629750578 4.93247135509733
814 1.3148430629750578 6.012864572937242
815 1.3148430629750578 5.466138353560284
816 1.3148430629750578 3.6195010849228964
817 1.3148430629750578 2.641176676916672
818 1.3148430629750578 4.551516281106453
819 1.3148430629750578 1.3410816217970456
820 1.3148430629750578 5.40231477131389
821 1.3148430629750578 3.443444222086016
822 1.3148430629750578 1.317223832643962
823 1.3148430629750578 2.5439039656407125
824 1.3148430629750578 2.0112541643824633
825 1.3148430629750578 2.560547062447028
826 1.3148430629750578 6.567025700884098
827 1.3148430629750578 1.7473659570117221
828 1.3148430629750578 1.3171536105019308
829 1.3148430629750578 3.204753032433688
830 1.3148430629750578 2.2962970335860144
831 1.3148430629750578 2.233077066278553
832 1.3148430629750578 1.3167338680199927
833 1.3148430629750578 1.3164764707284922
834 1.3148430629750578 3.1257803148594605
835 1.3148430629750578 2.590270756517112
836 1.3148430629750578 6.432857197826804
837 1.3148430629750578 1.7353327053855634
838 1.3148430629750578 1.3159448198638257
839 1.3148430629750578 2.2636702608856085
840 1.3148430629750578 4.403552070545926
841 1.3148430629750578 4.643919010273671
842 1.3148430629750578 3.1159306428287086
843 1.3148430629750578 6.207725985232479
844 1.3148430629750578 3.6611998956677256
845 1.3148430629750578 4.011836335095804
846 1.3148430629750578 3.2351949857861317
847 1.3148430629750578 2.69598798785007
848 1.3148430629750578 3.23715793359016
849 1.3148430629750578 3.130250280045749
850 1.3148430629750578 1.5999571878517138
851 1.3148430629750578 3.0887182257635066
852 1.3148430629750578 6.9812876565272814
853 1.3148430629750578 1.604041983069163
854 1.3148430629750578 1.316027455606642
855 1.3148430629750578 2.7362546703902995
856 1.3148430629750578 3.508126578655191
857 1.3148430629750578 2.422009765668917
858 1.3148430629750578 4.370100972896903
859 1.3148430629750578 1.31608609921577
860 1.3148430629750578 2.9366264759595895
861 1.3148430629750578 1.315830137563018
862 1.3148430629750578 1.9209705767889071
863 1.3148430629750578 2.445462581524995
864 1.3148430629750578 1.3161398856441577
865 1.3148430629750578 1.3162497997595142
866 1.3148430629750578 4.825682277537311
867 1.3148430629750578 2.8139098924295562
868 1.3148430629750578 1.4385263710789593
869 1.3148430629750578 1.330949950507205
870 1.3148430629750578 4.026891741178243
871 1.3148430629750578 1.729342876918691
872 1.3148430629750578 1.6182867534219105
873 1.3148430629750578 3.6030716028699543
874 1.3148430629750578 3.0950845214030283
875 1.3148430629750578 3.953802073731774
876 1.3148430629750578 1.3188791404960267
877 1.3148430629750578 3.0769123917911823
878 1.3148430629750578 2.995883800795754
879 1.3148430629750578 1.8243219733393363
880 1.3148430629750578 2.4537976485160793
881 1.3148430629750578 2.9212566404738554
882 1.3148430629750578 1.670780706773725
883 1.3148430629750578 1.3161320582151035
884 1.3148430629750578 1.3162645490643052
885 1.3148430629750578 3.0875336090355345
886 1.3148430629750578 2.6056469738892627
887 1.3148430629750578 1.3163293483258902
888 1.3148430629750578 1.3162815949330817
889 1.3148430629750578 5.361838599080946
890 1.3148430629750578 1.316189357395282
891 1.3148430629750578 1.316159023889075
892 1.3148430629750578 2.2432120619875073
893 1.3148430629750578 4.6299365164246975
894 1.3148430629750578 3.418611981301708
895 1.3148430629750578 1.3246691154991452
896 1.3148430629750578 1.3226063959579397
897 1.3148430629750578 2.968349309747914
898 1.3148430629750578 1.315459649243848
899 1.3148430629750578 1.315441275795687
900 1.3148430629750578 1.3155009860080902
901 1.3148430629750578 1.3155288774328016
902 1.3148430629750578 5.198074815238973
903 1.3148430629750578 1.3155858989314075
904 1.3148430629750578 4.6173792617460245
905 1.3148430629750578 3.452173517143096
906 1.3148430629750578 2.3590208122058898
907 1.3148430629750578 1.3155639911975185
908 1.3148430629750578 6.226668486242928
909 1.3148430629750578 2.8577111629538807
910 1.3148430629750578 3.5049299640754232
911 1.3148430629750578 2.9299335848045733
912 1.3148430629750578 3.9259759888062318
913 1.3148430629750578 3.626989486430667
914 1.3148430629750578 4.203259822320545
915 1.3148430629750578 1.3156286622326505
916 1.3148430629750578 2.1400503626261855
917 1.3148430629750578 2.4446592896402635
918 1.3148430629750578 5.644247681323235
919 1.3148430629750578 1.315577362563226
920 1.3148430629750578 1.8145886360758792
921 1.3148430629750578 6.978799314379692
922 1.3148430629750578 1.3155412112733669
923 1.3148430629750578 2.1237505581074596
924 1.3148430629750578 2.5295270174124327
925 1.3148430629750578 5.321940697676646
926 1.3148430629750578 3.4161634531546268
927 1.3148430629750578 3.787979396747068
928 1.3148430629750578 2.914011588153077
929 1.3148430629750578 3.1057616511793755
930 1.2881515751931127 2.212767475031855
931 1.2881515751931127 1.5453097563536895
932 1.2881515751931127 2.7427566499448464
933 1.2881515751931127 7.734875866689327
934 1.2881515751931127 1.6672726627052592
935 1.2881515751931127 4.846321261680736
936 1.2881515751931127 2.544009516136153
937 1.2881515751931127 2.168173076613935
938 1.2881515751931127 1.3170229007419376
939 1.2881515751931127 1.6009172499393514
940 1.2881515751931127 1.8438824638126434
941 1.2881515751931127 3.013204438098994
942 1.2881515751931127 1.8239307870759498
943 1.2881515751931127 1.31552594821686
944 1.2881515751931127 1.5697189934830695
945 1.2881515751931127 5.490204911605177
946 1.2881515751931127 1.3153942022619614
947 1.2881515751931127 1.3151407942285507
948 1.2881515751931127 2.9816282052326977
949 1.2881515751931127 2.274951844776277
950 1.2881515751931127 4.173726232703914
951 1.2881515751931127 1.6023186100599869
952 1.2881515751931127 2.1084518528738387
953 1.2881515751931127 3.238433913232145
954 1.2871135696082219 2.8485081182321745
955 1.2871135696082219 2.6929329014469556
956 1.2871135696082219 5.496968921360433
957 1.2871135696082219 2.046452539901468
958 1.2871135696082219 1.312472563655627
959 1.2871135696082219 1.3123083890383531
960 1.2871135696082219 2.6580203047836584
961 1.2871135696082219 1.3131108836996446
962 1.2871135696082219 5.224189843185529
963 1.2871135696082219 1.312283386790871
964 1.2871135696082219 3.8305373874638127
965 1.2871135696082219 3.4645474662499423
966 1.2871135696082219 4.766205973395602
967 1.2871135696082219 1.543400767833594
968 1.2871135696082219 4.403093672349177
969 1.2871135696082219 1.3151116504004798
970 1.2871135696082219 2.5676293111339668
971 1.2871135696082219 1.3050562376305543
972 1.2871135696082219 2.5933096679413183
973 1.2871135696082219 3.9963254120826464
974 1.2871135696082219 2.9620716690687847
975 1.2871135696082219 1.3023126720702307
976 1.2871135696082219 2.5721548105898986
977 1.2871135696082219 1.5565801762567637
978 1.2871135696082219 3.739684352995694
979 1.2871135696082219 1.301185671252817
980 1.2871135696082219 3.1683324683533787
981 1.2871135696082219 2.732146513904551
982 1.2871135696082219 3.502102254431124
983 1.2871135696082219 4.889694684876272
984 1.2871135696082219 4.291803147217015
985 1.2871135696082219 6.984671594766841
986 1.2871135696082219 1.80040881261983
987 1.2871135696082219 1.3017957208565238
988 1.2871135696082219 1.3022077510918357
989 1.2871135696082219 1.3023486255429406
990 1.2871135696082219 2.109792012764204
991 1.2871135696082219 1.3026541527762228
992 1.2871135696082219 2.2624973598150317
993 1.2871135696082219 1.3027724579786095
994 1.2871135696082219 1.3034245721133044
995 1.2871135696082219 2.2920513439004457
996 1.2871135696082219 2.1144151787677465
997 1.2871135696082219 3.4965521672224145
998 1.2871135696082219 1.302570200004693
999 1.2871135696082219 1.3016695262196594
