# iteración mejor promedio
0 116.37813940528291 297.6085811466668
1 61.46086237119157 263.5359956905212
2 61.46086237119157 221.7446267316521
3 30.843380649838128 193.30822894665351
4 30.843380649838128 175.1598283514959
5 30.843380649838128 145.99303752172105
6 25.912589033548258 118.15411362798177
7 22.19757318812617 103.36754449013468
8 22.19757318812617 85.59519650596143
9 20.040266744947658 71.59011426402431
10 16.151805203910417 65.59052810328127
11 14.891003337319095 57.17111784523861
12 14.891003337319095 46.95924540557669
13 11.827155762337977 41.917167555360145
14 10.065877291726085 39.211431504189264
15 10.065877291726085 34.07294213747068
16 7.421309322925007 30.473347931483556
17 5.291827319799874 27.15703375869188
18 5.141217113233247 20.725116076573464
19 5.141217113233247 15.860730735723449
20 4.725098162532134 17.707058852328174
21 4.725098162532134 14.075424023078229
22 4.491403656770794 15.3362992308654
23 4.297062131143275 10.240860653122038
24 4.114525524604464 12.329418300814204
25 3.826507606403454 7.575513565762731
26 3.7491503948995084 11.59409589810691
27 3.7491503948995084 7.153599089493401
28 3.7491503948995084 6.30812773415267
29 3.6091941008565214 6.699892432290373
30 2.8954982758771712 10.197237755787603
31 2.89501677820327 8.087155033284095
32 2.89501677820327 6.521923984689205
33 2.862032089956109 5.272598652807776
34 2.6778236553066224 6.751343840388471
35 2.6098239093261903 11.373802396224061
36 2.601097089608041 7.776692427077599
37 2.601097089608041 7.132167235605831
38 2.55360191606853 4.1177122025135935
39 2.5010236226989484 4.412571096427091
40 2.5010236226989484 3.592335095646428
41 2.5010236226989484 10.364160782968256
42 2.464149858406254 5.691077533712794
43 2.4641091891154407 6.182059720940955
44 2.4641091891154407 4.33755573312061
45 2.4641091891154407 5.220573582416846
46 2.4373919347765387 3.6612013782934825
47 2.4373919347765387 3.9891633969641758
48 2.4373919347765387 4.242915925404935
49 2.4373919347765387 3.193582049177445
50 2.4373919347765387 3.092911059016612
51 2.4324871718469288 6.949845650815552
52 2.4270877913663376 5.346304848711563
53 2.416790741033357 5.9358624472700035
54 2.4154420907604357 4.615166308638975
55 2.4154420907604357 2.6692315758653966
56 2.4154420907604357 3.0735010211432776
57 2.410395366771674 2.681151295265239
58 2.410395366771674 2.6772012903251157
59 2.410395366771674 3.7207954625319144
60 2.410395366771674 2.8687095568806376
61 2.4032764296625944 2.661750389576821
62 2.4032764296625944 2.6052766720340417
63 2.3961517860232577 3.7427387359151485
64 2.3961517860232577 5.006628261314734
65 2.3961517860232577 4.044606314378288
66 2.3961517860232577 3.100065442465986
67 2.3961517860232577 3.048111742640541
68 2.3961517860232577 2.8368595445364484
69 2.3961517860232577 3.283922576251403
70 2.3961517860232577 4.206676293555683
71 2.3961517860232577 2.942740142301102
72 2.3961517860232577 4.578583136437277
73 2.3961517860232577 3.323436885933039
74 2.3961517860232577 4.565190141477924
75 2.3961517860232577 6.39529158801568
76 2.392147438999307 3.948704836934381
77 2.392147438999307 3.597153991575551
78 2.392147438999307 2.502501111717679
79 2.392147438999307 3.059880523453413
80 2.392147438999307 2.7142619605558393
81 2.392147438999307 3.775573147585679
82 2.392147438999307 5.126808655758385
83 2.392147438999307 6.840014037795246
84 2.3920377084554927 4.895750103924318
85 2.3920377084554927 4.828392753673554
86 2.3920377084554927 5.759610334768971
87 2.3920377084554927 3.6828391947468697
88 2.3920377084554927 3.7390248313291203
89 2.3920377084554927 4.691328123378282
90 2.3920377084554927 3.6138085391389114
91 2.3920377084554927 3.4663977892647586
92 2.3920377084554927 2.4859337591191846
93 2.3920377084554927 2.4770745898720845
94 2.369438230888328 2.4761230963962726
95 2.369438230888328 3.890040193770064
96 2.369438230888328 6.452562492789549
97 2.369438230888328 2.4676780818033386
98 2.369438230888328 2.4678627604678347
99 2.369438230888328 2.93275881657358
100 2.369438230888328 2.6890889856095543
101 2.369438230888328 3.8440788698092825
102 2.369438230888328 4.056653190733934
103 2.369438230888328 3.339585213701611
104 2.369438230888328 6.231076806790683
105 2.369438230888328 3.995464556053225
106 2.368782848250448 4.296219596188161
107 2.213191572922022 4.6783422334815405
108 2.1696824940302606 2.486071783762651
109 2.1696824940302606 2.4496778737024467
110 2.161392036255881 4.432462953750321
111 2.102240366712519 2.479532721743603
112 2.102240366712519 4.030544992470362
113 2.030515133956817 2.484051408872768
114 2.030515133956817 6.337791601629476
115 2.030515133956817 6.2415983395152965
116 2.030515133956817 2.458671441241894
117 2.0188771030404413 3.7326402874061317
118 2.0151752654864823 5.829588454470833
119 1.6428394277120992 2.7128158747700115
120 1.6428394277120992 6.0113737064761334
121 1.6428394277120992 3.8247455576907714
122 1.6339746444464576 5.152731209070066
123 1.6258593956826595 5.64532710467438
124 1.6212086342758136 2.683071197587635
125 1.6187181229955627 7.16586979213588
126 1.5354130069096898 4.8616982120660355
127 1.5346814029914007 3.347024367108294
128 1.5346814029914007 7.807802479427481
129 1.5346814029914007 8.497409252848756
130 1.49850173106193 5.896996158828772
131 1.49850173106193 3.3363547018856816
132 1.49850173106193 4.311252101497137
133 1.49850173106193 3.7850589154602194
134 1.49850173106193 2.388727237506755
135 1.49850173106193 4.5649809814168645
136 1.49850173106193 2.7512694990867406
137 1.4000145062552027 2.983907884166217
138 1.4000145062552027 2.6795132004300184
139 1.3994890077651398 2.9147546401703197
140 1.3599192059246161 3.588904916225452
141 1.3587923989986854 3.5500462873682705
142 1.3587923989986854 8.228202536884869
143 1.345254388420197 2.755546021800838
144 1.345254388420197 1.677681714995437
145 1.345254388420197 4.171804655391939
146 1.34210234852282 2.51199255473529
147 1.3403211307406342 2.5004634806971557
148 1.3403211307406342 4.494839075659453
149 1.3403211307406342 2.5809137797603547
150 1.3403211307406342 2.4444880419725474
151 1.3403211307406342 1.872054938493881
152 1.3403211307406342 1.8077996281192323
153 1.3332781492680974 2.3176983644087064
154 1.3332781492680974 2.8552769927360835
155 1.3332781492680974 1.465086305388131
156 1.3332781492680974 4.109888595730086
157 1.27363167297962 4.872298961236374
158 1.27363167297962 2.6564413120685844
159 1.27363167297962 5.976129567973236
160 1.2709708835365774 2.27472360483076
161 1.2709471271021355 2.2739311448968222
162 1.2709471271021355 5.530571567169343
163 1.2614454365268282 2.2413119806562394
164 1.2604471096658616 3.4829857237851694
165 1.2604471096658616 1.40860895249632
166 1.2604471096658616 2.9960115578864297
167 1.2604471096658616 1.7512687770539512
168 1.2604471096658616 4.9002933343625354
169 1.2604471096658616 2.2984081584865717
170 1.2604471096658616 8.550161559406334
171 1.2604471096658616 3.9907874987997656
172 1.2595446180185235 1.936202316553791
173 1.2575583580798504 3.385154189152848
174 1.2547900727860712 1.3696064209466852
175 1.254774433197549 1.7380573941603745
176 1.254774433197549 1.3600810079865162
177 1.254774433197549 1.6517410963636487
178 1.254774433197549 8.461613510561609
179 1.254774433197549 1.3477615931319682
180 1.2547165079568245 3.0217380359852446
181 1.2542539000268518 2.033141073694701
182 1.2542539000268518 4.714729132541588
183 1.2542539000268518 3.3418155743216595
184 1.2501426944932998 1.4692550178942012
185 1.2501426944932998 3.011628669161213
186 1.2501426944932998 2.3126655794266013
187 1.2501426944932998 1.3366212672086082
188 1.2500636864691077 1.7332485624880067
189 1.2500636864691077 2.7771210473986674
190 1.2500636864691077 2.5838547567813435
191 1.2500636864691077 2.6228510383534984
192 1.2500636864691077 1.3382301951226796
193 1.2499619406614129 4.838928086836577
194 1.249654067939356 3.1146093955616205
195 1.249654067939356 2.4468587933159567
196 1.249654067939356 1.8067232394915482
197 1.2492134511126938 4.806969901408145
198 1.2492134511126938 2.4510174090138817
199 1.2492134511126938 2.4671585865355525
200 1.2492134511126938 2.174961999506905
201 1.2492134511126938 1.3205034619919405
202 1.249014423094443 3.8230102534972135
203 1.249014423094443 4.286783973530939
204 1.249014423094443 2.053162591598157
205 1.2485310777311667 3.5612878374047945
206 1.2485310777311667 3.378289389738965
207 1.2485310777311667 1.3123928051866807
208 1.2485310777311667 1.3145229869937294
209 1.2485310777311667 2.946417806782009
210 1.247828902130647 3.450539065693871
211 1.247828902130647 5.126091843850543
212 1.247828902130647 3.166042071589779
213 1.247828902130647 1.3004916814539982
214 1.247828902130647 1.9468260046730268
215 1.247828902130647 2.923035511922099
216 1.247828902130647 3.10736677535388
217 1.247828902130647 2.324684486010975
218 1.247828902130647 2.0093335107189283
219 1.247828902130647 4.464088202007529
220 1.247828902130647 2.8593568749025944
221 1.247828902130647 1.7298907908455277
222 1.247828902130647 2.2313908774410995
223 1.247828902130647 3.920719993989519
224 1.247828902130647 1.5235911192017337
225 1.247828902130647 1.5255876464153917
226 1.247828902130647 2.575398948456683
227 1.247828902130647 3.061278822521079
228 1.247828902130647 3.978390284784171
229 1.247828902130647 1.2846091574336629
230 1.247828902130647 2.1473728046867167
231 1.247828902130647 3.2709817208275784
232 1.247828902130647 2.483641761703108
233 1.247828902130647 1.282246219913957
234 1.247828902130647 1.28144643878289
235 1.247828902130647 1.282763872962588
236 1.247828902130647 1.2825892298074606
237 1.247828902130647 1.2809832318923569
238 1.2477813725048397 1.9590208379551448
239 1.2475081386539477 1.2802199641876595
240 1.2475081386539477 1.2806598837299175
241 1.2475081386539477 1.2799361467186234
242 1.2475081386539477 2.5093153139907143
243 1.2475081386539477 2.400491229723291
244 1.2475081386539477 3.7324871319831634
245 1.2475081386539477 1.511335703507491
246 1.2475081386539477 2.2263332834181018
247 1.2475081386539477 3.5295478112210166
248 1.2475081386539477 4.979867181465915
249 1.2475081386539477 3.742134428682515
250 1.2475081386539477 1.5888718540031042
251 1.2475081386539477 6.427423787206699
252 1.2475081386539477 1.2786924775207347
253 1.2475081386539477 2.7454421984782464
254 1.2475081386539477 1.279496292861339
255 1.2475081386539477 3.6085119471827944
256 1.2475081386539477 3.4854250486217033
257 1.2475081386539477 1.5119731211553928
258 1.2475081386539477 2.406395217753845
259 1.2475081386539477 2.3318425861365157
260 1.2475081386539477 4.359903939770187
261 1.2475081386539477 5.9685139011615265
262 1.2475081386539477 1.6584351505484012
263 1.2475081386539477 2.2046052517334047
264 1.2475081386539477 1.6371415875207174
265 1.2475081386539477 2.8986048897821695
266 1.2475081386539477 1.5086863224310199
267 1.2475081386539477 1.2769532803942816
268 1.2475081386539477 1.9684836886887687
269 1.2475081386539477 1.2774805640820583
270 1.2475081386539477 1.2794840923308834
271 1.2475081386539477 2.737847282869544
272 1.2475081386539477 1.9474667079457666
273 1.2475081386539477 3.4850900912538507
274 1.2471678597932363 3.075664225876683
275 1.2471678597932363 1.278461938174897
276 1.2471678597932363 3.7661598589944987
277 1.2471678597932363 1.635388696667809
278 1.2471678597932363 1.7490170996731391
279 1.2471678597932363 3.547731775596836
280 1.2471678597932363 4.066382214912978
281 1.2471678597932363 3.124246844866988
282 1.2471678597932363 3.0236016985742578
283 1.2471678597932363 4.454432492783815
284 1.2471678597932363 1.949771813858825
285 1.2471678597932363 1.2748634271163104
286 1.2471678597932363 6.047064087507669
287 1.2471678597932363 2.284033574210262
288 1.2471678597932363 3.8777052291192255
289 1.2471678597932363 4.517949896421392
290 1.2471678597932363 1.2743216378430544
291 1.2471678597932363 9.75923397840961
292 1.2471678597932363 1.276318359870758
293 1.2471678597932363 1.2738873036247815
294 1.2471678597932363 2.067196746640717
295 1.2471678597932363 5.0337808108993976
296 1.2471678597932363 1.2756675955871222
297 1.2471678597932363 2.6282235666773226
298 1.2471678597932363 2.0613984831623227
299 1.2471678597932363 4.26837381623294
300 1.2471678597932363 2.061211522409775
301 1.2471678597932363 1.274257554367287
302 1.2471678597932363 3.389413259971546
303 1.2471678597932363 4.0191749191344
304 1.2471678597932363 1.2747394297309078
305 1.2471678597932363 1.5189604095998397
306 1.2471678597932363 4.233155354471406
307 1.2471678597932363 2.739313220916076
308 1.2471678597932363 4.636661325659476
309 1.2471678597932363 2.7098822514225045
310 1.2471678597932363 4.242534066663472
311 1.2471678597932363 5.69779189383684
312 1.2471678597932363 2.439467419335046
313 1.2471678597932363 2.902669954832324
314 1.2471678597932363 2.020231994050074
315 1.2471678597932363 2.0786531606916068
316 1.2471678597932363 1.2769849372801467
317 1.2471678597932363 1.7730412297689049
318 1.2471678597932363 2.160882046062879
319 1.2471678597932363 3.2586931208739105
320 1.2471678597932363 3.1857195128332254
321 1.2471678597932363 6.941797170802691
322 1.2471678597932363 1.2761256390167228
323 1.2471678597932363 2.386207782851677
324 1.2471678597932363 3.466811665693093
325 1.2471678597932363 2.9334283428772987
326 1.2471678597932363 3.2914548078939667
327 1.2471678597932363 1.6052575504876954
328 1.2471678597932363 4.899066480742794
329 1.2471678597932363 6.158603603869295
330 1.2471678597932363 6.1675293086235365
331 1.2471678597932363 3.186129566993061
332 1.2471678597932363 4.893611918569127
333 1.2471678597932363 1.2790022429743404
334 1.2471678597932363 2.842181674372984
335 1.2471678597932363 2.807400415599713
336 1.231237729134194 3.042376644605694
337 1.231237729134194 2.5112928268447576
338 1.2180672266492159 3.5793459342847735
339 1.2180672266492159 2.208482138957703
340 1.2180672266492159 1.2775539102907534
341 1.2180672266492159 5.906898083080035
342 1.217784638671577 4.215805518540458
343 1.217784638671577 2.040668711079336
344 1.217784638671577 3.3114866419244153
345 1.217784638671577 1.5119487125178765
346 1.217784638671577 6.064484717791163
347 1.217784638671577 3.801365174791976
348 1.217784638671577 1.7265263253619074
349 1.217784638671577 3.84655377223597
350 1.217784638671577 2.4862769423379945
351 1.217784638671577 3.6139021953916552
352 1.217784638671577 1.5087496399491185
353 1.217784638671577 3.6273327780630065
354 1.217784638671577 1.306834266525625
355 1.217784638671577 2.254512738994159
356 1.217784638671577 3.66649074189243
357 1.217784638671577 1.2836312322981664
358 1.2177550884785526 1.2818611195125005
359 1.2177550884785526 3.6287170774643562
360 1.2177550884785526 1.2832492640146203
361 1.2177550884785526 2.757939335351492
362 1.2177550884785526 2.3521213038239663
363 1.2177550884785526 7.24288673818209
364 1.2135805103555928 1.2760490154262307
365 1.2133653733680405 4.560205018881746
366 1.2133653733680405 2.2094484157683794
367 1.2133653733680405 6.033172715386835
368 1.2133653733680405 2.549222286428386
369 1.2133653733680405 1.2749253136020635
370 1.2133653733680405 2.980876662784324
371 1.2133653733680405 1.274559919671669
372 1.2133653733680405 5.969910594129954
373 1.2133653733680405 3.503830913946092
374 1.2133653733680405 1.276001934478777
375 1.2133653733680405 1.275249978830102
376 1.2133653733680405 2.1381674699310467
377 1.2133653733680405 1.638274518202606
378 1.2133653733680405 2.719995661813629
379 1.2133653733680405 1.7711697295192226
380 1.2133653733680405 2.566034819050621
381 1.2133653733680405 1.7335170175601686
382 1.2133653733680405 5.138695672583294
383 1.2133653733680405 3.085511338549767
384 1.2133638904237227 1.2765316699485905
385 1.2133638904237227 3.1880858493443083
386 1.2133638904237227 5.547237464598992
387 1.2133638904237227 1.2746544365275498
388 1.2133638904237227 2.084131792933147
389 1.2133638904237227 2.5202869574559115
390 1.2133638904237227 6.114565054065341
391 1.2133638904237227 2.2350176227633387
392 1.2133638904237227 2.220481461348895
393 1.2133638904237227 1.4148308998933397
394 1.2133638904237227 1.276171821451895
395 1.2133638904237227 1.6964370284658623
396 1.2133638904237227 1.2776564482855803
397 1.2133638904237227 2.5242474177857765
398 1.2133638904237227 3.4071202237223486
399 1.2133638904237227 3.19895731528947
400 1.2133638904237227 2.1983347145038996
401 1.2133638904237227 1.559086561686782
402 1.2133638904237227 1.513356203501132
403 1.2133638904237227 3.9488188957962262
404 1.2133638904237227 1.4071980992665205
405 1.2133638904237227 2.131797953780749
406 1.2133638904237227 1.7738609114701376
407 1.2133638904237227 1.7968646175651446
408 1.2133638904237227 3.9542260220797845
409 1.2133638904237227 4.063516989034216
410 1.2133638904237227 3.220608004475202
411 1.2133638904237227 2.502877491257919
412 1.2133638904237227 1.2775449986309801
413 1.2133638904237227 2.4206722337871454
414 1.2133638904237227 2.776274523504644
415 1.2133638904237227 2.4306500359382643
416 1.2133638904237227 3.1186484462309467
417 1.2133638904237227 1.276577846482254
418 1.2133638904237227 3.6909448287986253
419 1.2133638904237227 2.663635671596546
420 1.2133638904237227 1.274836144662971
421 1.2133638904237227 1.27485814620121
422 1.2133638904237227 3.057893539202963
423 1.2133638904237227 3.9067632646482764
424 1.2133638904237227 3.5997619804070284
425 1.2133638904237227 2.885135975120584
426 1.2133638904237227 4.370330771055394
427 1.2133638904237227 6.657309040521384
428 1.2133638904237227 1.2772848472717613
429 1.2133638904237227 4.623690741506442
430 1.2133638904237227 2.9683101540590626
431 1.2133638904237227 3.944835339626016
432 1.2133638904237227 7.4082809099131985
433 1.2133638904237227 1.2750037631078446
434 1.2133638904237227 1.5111147425786569
435 1.2133638904237227 4.870666426935877
436 1.2133638904237227 2.688024408050401
437 1.2133638904237227 2.385151273306124
438 1.2133638904237227 4.052028865305753
439 1.2133638904237227 3.5076388171922446
440 1.2133638904237227 2.4778807044304663
441 1.2133638904237227 6.826812633279001
442 1.2133638904237227 2.9975843959974497
443 1.2133638904237227 2.354106050931613
444 1.2133638904237227 3.516582579044538
445 1.2133638904237227 4.7107262231805045
446 1.2133638904237227 4.723841884278121
447 1.2133638904237227 3.0989010085879363
448 1.2133638904237227 2.1662104720501874
449 1.2133638904237227 1.7381378533729253
450 1.2133638904237227 2.9583094992860395
451 1.2133638904237227 2.2278935030125107
452 1.2133638904237227 5.317798573711486
453 1.2133638904237227 3.6250078605091876
454 1.2133638904237227 2.1429338539381457
455 1.2133638904237227 1.276348995639883
456 1.2133638904237227 6.943118767789555
457 1.2133638904237227 1.7967219740234177
458 1.2133638904237227 4.999819519964024
459 1.2133638904237227 1.8708255617585794
460 1.2133638904237227 2.052940090729253
461 1.2133638904237227 4.030881209700606
462 1.2133638904237227 5.144309498911099
463 1.2133638904237227 2.166793697940236
464 1.2133638904237227 1.627557788302062
465 1.2133638904237227 1.773892497032864
466 1.2133638904237227 1.7674599299452303
467 1.2133638904237227 2.455283956713555
468 1.2133638904237227 2.166918913937379
469 1.2133638904237227 3.0642677825633196
470 1.2133638904237227 6.33742151088116
471 1.2133638904237227 1.2764441169974168
472 1.2133638904237227 2.9947209004262696
473 1.2133638904237227 2.187823938990346
474 1.2133638904237227 1.9036374656982429
475 1.2133638904237227 1.543022156696543
476 1.2133638904237227 1.505046758293214
477 1.2133638904237227 5.161931659889036
478 1.2133638904237227 3.5729973094813197
479 1.2133638904237227 3.388765740770879
480 1.2133638904237227 4.308680277812187
481 1.2133638904237227 4.51896118772624
482 1.2133638904237227 2.2916496937860105
483 1.2133638904237227 2.989160365049168
484 1.2133638904237227 1.9289054930865526
485 1.2133638904237227 1.272279819954412
486 1.2133638904237227 3.0151761717834904
487 1.2133638904237227 2.1615783673235804
488 1.2133638904237227 1.2740489842579317
489 1.2133638904237227 1.5027802385183529
490 1.2133638904237227 4.637739032432316
491 1.2133638904237227 2.4590125426322307
492 1.2133638904237227 1.6641584854809255
493 1.2133638904237227 3.3795874227399048
494 1.2133638904237227 3.963499353617583
495 1.2133638904237227 3.6587464895397432
496 1.2133638904237227 3.094315186299202
497 1.2133638904237227 3.7423720905135496
498 1.2133638904237227 7.047375841634177
499 1.2133638904237227 4.306106444931508
500 1.0701644605579343 3.080998324117766
501 1.0676589359182347 3.9431898009411968
502 1.0676589359182347 2.1583935080375953
503 1.062019554832416 1.4950797473149355
504 1.052567074941324 2.197431355339107
505 1.052567074941324 4.0408417544039885
506 1.052567074941324 1.488329645732548
507 1.052567074941324 4.91917654146525
508 0.9759215749847531 2.1875767653303884
509 0.9759215749847531 1.59999112894779
510 0.9759215749847531 5.043344523751116
511 0.9759215749847531 2.168602241266512
512 0.9759215749847531 1.429676115605609
513 0.9759215749847531 2.6035739860387976
514 0.9759215749847531 2.573511036425888
515 0.9759215749847531 5.140980774277526
516 0.9759215749847531 6.510027479868324
517 0.9125944047594553 4.135804343288302
518 0.9125944047594553 2.69665243596015
519 0.9125898705501703 2.0013895938846873
520 0.9125898705501703 2.2771928159226884
521 0.9125898705501703 1.2260673041377683
522 0.9125898705501703 1.5649866407115443
523 0.9125898705501703 4.275705520536812
524 0.9125898705501703 1.566306427525474
525 0.912521330348436 3.090511624024869
526 0.912521330348436 3.160944886384466
527 0.912521330348436 8.249770261299371
528 0.912521330348436 1.39052683779488
529 0.912521330348436 1.530557734506445
530 0.9125167943256643 1.9767106163261006
531 0.9125167943256643 3.270402779333232
532 0.9125167943256643 4.294185092111425
533 0.9004872129197797 2.531287108227411
534 0.9004872129197797 2.141358638094953
535 0.8978610637263652 2.9573376941532077
536 0.8978610637263652 5.920145637746715
537 0.8978610637263652 1.3098500169801965
538 0.8978610637263652 1.979002324657403
539 0.8978610637263652 1.0847609212590974
540 0.8960859716869274 1.9281718999206217
541 0.8960859716869274 1.2946068982131018
542 0.8960859716869274 4.324470466097137
543 0.8960859716869274 1.9611411891663453
544 0.8960859716869274 2.88256145132013
545 0.8960859716869274 2.394990820214953
546 0.8960849928943542 3.9838920065931513
547 0.8960849928943542 2.7423384141262725
548 0.8960849928943542 1.0936282681284146
549 0.8960849928943542 2.033350291729461
550 0.8960849928943542 2.7489225684538394
551 0.8956655863495544 4.918035793320434
552 0.8956655863495544 3.0750697068390793
553 0.8956655863495544 5.232477186485769
554 0.8956655863495544 1.888628843973807
555 0.8956655863495544 0.9838246087365355
556 0.8956655863495544 0.9811776110689692
557 0.8956655863495544 1.8109697545927048
558 0.8956655863495544 4.920804280030385
559 0.8956655863495544 3.532000676421847
560 0.8956655863495544 2.678374854950692
561 0.8956655863495544 1.7439940380279597
562 0.8952825190907893 0.9504562706747389
563 0.8952825190907893 4.9508347108190405
564 0.8952825190907893 0.9364904291410919
565 0.8952825190907893 2.6272470041502896
566 0.8952825190907893 0.9310186156360851
567 0.8952775443435671 2.3576742631267904
568 0.8952775443435671 2.6630700058563623
569 0.8952775443435671 6.03186097221527
570 0.8948804738994596 3.426899298658029
571 0.8948754891193709 3.5412099947045728
572 0.8948754891193709 2.656080050807144
573 0.8948754891193709 2.0437767637295057
574 0.8948754891193709 0.913643382642997
575 0.8948754891193709 1.598593340046337
576 0.8948754891193709 1.1890732519542295
577 0.8948640133557914 2.8987746378245123
578 0.8948640133557914 0.9146916721815931
579 0.8948640133557914 4.657748515742658
580 0.8948640133557914 1.4900608508204618
581 0.8948640133557914 3.2969998061502555
582 0.8948640133557914 3.3143347845594757
583 0.8948640133557914 1.6143483811258323
584 0.8948640133557914 2.7803827704505744
585 0.8948640133557914 2.585607909895353
586 0.8948638301651337 2.299836007086704
587 0.8948638301651337 0.9126587063975943
588 0.8948638301651337 1.4590044981464385
589 0.8948638301651337 1.668717905180273
590 0.8948638301651337 4.02762965655778
591 0.8948638301651337 2.2731043836638514
592 0.8948638301651337 0.9147422867214723
593 0.8948638301651337 3.1447442331400874
594 0.8948638301651337 3.306971051524179
595 0.8948638301651337 0.9139638679049178
596 0.8948638301651337 3.0152080113047885
597 0.8948638301651337 0.9132722486044745
598 0.8948638301651337 1.275554739270743
599 0.8948638301651337 1.1462199882770843
600 0.8948523593088196 1.8114365699505788
601 0.8948523593088196 3.869322061541713
602 0.8948294272234826 1.059146449932347
603 0.8948294272234826 2.0691977634960526
604 0.8948294272234826 1.8249792886265723
605 0.8948294272234826 0.9366882204411815
606 0.8948294272234826 0.908549142196586
607 0.8948294272234826 1.7933527281677586
608 0.8948294272234826 3.956370638199829
609 0.8948294272234826 4.687967027010311
610 0.8948294272234826 0.9067003840181904
611 0.8948294272234826 5.716275568736725
612 0.8948294272234826 0.9052473125119816
613 0.8948294272234826 0.9040716320886861
614 0.8948294272234826 1.403440358697465
615 0.8948294272234826 2.2587228418409895
616 0.8948294272234826 0.9031990709379144
617 0.8948294272234826 2.125300716553756
618 0.8948294272234826 0.9035916504780588
619 0.8948294272234826 2.328782043569481
620 0.8948294272234826 0.9024934549073129
621 0.8948294272234826 4.058433529317927
622 0.8948294272234826 1.0842799749394743
623 0.8948294272234826 1.642635012768884
624 0.8948294272234826 3.622833092743008
625 0.8948294272234826 0.9030741048308982
626 0.8948294272234826 2.938541322288836
627 0.8948294272234826 3.308872672876903
628 0.8948294272234826 2.6205182870310044
629 0.8948294272234826 1.9993433833126426
630 0.8948294272234826 0.9016276344894822
631 0.8948294272234826 0.9009119688933553
632 0.8948294272234826 2.3818862044422424
633 0.8948294272234826 2.3988096128375025
634 0.8905816768049561 1.1344280633834705
635 0.8905816768049561 2.545120231376205
636 0.8905816768049561 8.85312322337006
637 0.8905816768049561 0.9009829743507144
638 0.8905816768049561 0.9009130734365164
639 0.8905816768049561 0.9010892771895391
640 0.8905816768049561 0.9012875163380231
641 0.8905816768049561 0.9013094707693087
642 0.8905816768049561 1.9175001034218762
643 0.8905816768049561 1.3028483781421298
644 0.8905816768049561 4.359984204626852
645 0.8905816768049561 1.4127731903589875
646 0.8905816768049561 1.1393481610798672
647 0.8905816768049561 4.975659603076448
648 0.8905816768049561 3.449845643289016
649 0.8905816768049561 4.059286724992028
650 0.8905816768049561 0.8988596860492087
651 0.8905816768049561 0.8980204043259838
652 0.8905816768049561 3.65416120964586
653 0.8905816768049561 1.412005979051106
654 0.8905816768049561 2.680692339206406
655 0.8905816768049561 2.0102817978923353
656 0.8905816768049561 6.048626705596291
657 0.8905816768049561 3.588369609375659
658 0.8905816768049561 3.630554446121556
659 0.8905816768049561 5.495710014964856
660 0.8905816768049561 1.8390973761321865
661 0.8905816768049561 2.884957018901026
662 0.8905816768049561 3.9706403512568382
663 0.8905816768049561 3.647058867831999
664 0.8905816768049561 2.0973200659228204
665 0.8905816768049561 2.75039795823727
666 0.8905816768049561 1.9407211435614693
667 0.8905816768049561 3.5088574175646006
668 0.8905816768049561 6.117287967134928
669 0.8905816768049561 7.64451854675276
670 0.8905816768049561 2.377034739394164
671 0.8905816768049561 2.868854937096468
672 0.8905816768049561 2.7205304919502855
673 0.8905816768049561 5.222412310772729
674 0.8905816768049561 3.2713234806876392
675 0.8905816768049561 0.8973567763970612
676 0.8905816768049561 2.156740113545954
677 0.7030826926479964 3.2986687937327894
678 0.7030826926479964 0.900444517067676
679 0.638837524063844 1.1764898633262648
680 0.638837524063844 3.574568698052504
681 0.638837524063844 3.592908528315789
682 0.638837524063844 5.5305091153132775
683 0.638837524063844 0.8932118133529852
684 0.636935035662788 2.0835233174011827
685 0.6312359670095411 2.512547765281306
686 0.6293015419943366 2.8290415906405606
687 0.6293015419943366 0.8698731385446361
688 0.6046882246730784 2.081131231069625
689 0.6046882246730784 2.224662251205631
690 0.6044024498590959 2.699159314552689
691 0.6043174169548362 1.1709749324482084
692 0.6043174169548362 0.8149623378091857
693 0.6043174169548362 1.551978828481407
694 0.604204150605673 1.6594571182691311
695 0.604204150605673 2.0721148185147023
696 0.604204150605673 1.4384271441110548
697 0.604204150605673 0.7332716242633682
698 0.604204150605673 4.963638625750599
699 0.604204150605673 2.972652028425694
700 0.604204150605673 3.686026764421659
701 0.604204150605673 2.3359670857378756
702 0.604204150605673 0.6529968077071616
703 0.604204150605673 3.2073798370140993
704 0.604204150605673 1.7824903836634767
705 0.604204150605673 0.6395165386841747
706 0.604204150605673 0.6361879299487654
707 0.604204150605673 1.0346008441289078
708 0.604204150605673 0.635922048286956
709 0.604204150605673 1.3316410252911772
710 0.604204150605673 2.642175480628948
711 0.604204150605673 4.5714074619050615
712 0.604204150605673 1.557601166624115
713 0.604204150605673 0.8533903592206468
714 0.6042005148763682 1.219572363380793
715 0.6042005148763682 1.1349595869080586
716 0.6042005148763682 0.6182057123014277
717 0.6042005148763682 3.9035962144738163
718 0.6042005148763682 1.5101392801394733
719 0.6042005148763682 3.6884724899644605
720 0.6042005148763682 2.2988531406410204
721 0.6042005148763682 0.6144185421891903
722 0.6042005148763682 1.1493864546656223
723 0.6042005148763682 1.6166002592675712
724 0.6042005148763682 1.665043683499925
725 0.6042005148763682 1.5825537703044998
726 0.6042005148763682 0.6112276301358894
727 0.6042005148763682 4.401669743042195
728 0.60419772220855 2.041067447424121
729 0.60419772220855 0.6091944309381926
730 0.60419772220855 2.5781503118520357
731 0.60419772220855 2.8337245015985015
732 0.60419772220855 3.297312297562865
733 0.60419772220855 3.8123399449795583
734 0.60419772220855 1.9500533559145776
735 0.60419772220855 0.6134438453310179
736 0.60419772220855 2.9192570422620263
737 0.60419772220855 1.2719888901350254
738 0.60419772220855 1.3510699113575697
739 0.60419772220855 2.3192318822619136
740 0.60419772220855 1.0917416361750443
741 0.60419772220855 6.206643929770537
742 0.60419772220855 3.6453978769561983
743 0.60419772220855 4.195977561374339
744 0.60419772220855 2.0872876982318243
745 0.60419772220855 1.532037826878983
746 0.60419772220855 0.6062564318497224
747 0.60419772220855 2.2624761878622133
748 0.60419772220855 4.143453271982023
749 0.60419772220855 5.784987546588639
750 0.60419772220855 2.048958282847951
751 0.60419772220855 2.3067929658095663
752 0.60419772220855 3.2797965606122346
753 0.60419772220855 3.021582940789344
754 0.60419772220855 1.4199264895854864
755 0.60419772220855 4.149486680526533
756 0.60419772220855 6.577839254977919
757 0.60419772220855 3.2595115831442403
758 0.60419772220855 3.1402865804920506
759 0.60419772220855 2.161081904919355
760 0.60419772220855 0.8667828764387819
761 0.60419772220855 1.7093307382321639
762 0.60419772220855 0.605601331332409
763 0.60419772220855 2.662865242054538
764 0.60419772220855 1.1303719811237507
765 0.60419772220855 1.3029872989190603
766 0.60419772220855 2.9467742932142857
767 0.60419772220855 4.596662465737258
768 0.60419772220855 2.3753958307481597
769 0.60419772220855 1.650990836722695
770 0.60419772220855 2.797795304218669
771 0.60419772220855 1.7352811984569114
772 0.60419772220855 1.3040455358132348
773 0.60419772220855 0.6052852417156195
774 0.60419772220855 2.0627862097168608
775 0.60419772220855 1.3514326205408247
776 0.60419772220855 0.839914151478353
777 0.60419772220855 4.0003072557550166
778 0.60419772220855 3.0419004366513156
779 0.60419772220855 0.8911512225935104
780 0.60419772220855 2.2581113039157503
781 0.60419772220855 2.02767319702839
782 0.60419772220855 6.319732019242507
783 0.60419772220855 2.939229676225417
784 0.60419772220855 4.951387719192968
785 0.60419772220855 0.6051778166254247
786 0.60419772220855 1.3911675041702256
787 0.60419772220855 2.0996801751612195
788 0.60419772220855 1.1462140152994231
789 0.60419772220855 1.651009914635973
790 0.60419772220855 4.732777926069179
791 0.60419772220855 6.4016150146284065
792 0.60419772220855 3.3795865360882504
793 0.60419772220855 2.5586040094455234
794 0.60419772220855 2.535973050140174
795 0.60419772220855 1.8008011690562895
796 0.6041946660753523 4.197055515069958
797 0.6041946660753523 4.2622941831461985
798 0.6041946660753523 3.5235161426254753
799 0.6041946660753523 3.9920135356913744
800 0.6041946660753523 2.679656935710954
801 0.6041946660753523 1.1936946033457483
802 0.6041946660753523 0.6052012900075002
803 0.6041946660753523 0.6051757185858883
804 0.6041946660753523 7.476863212356205
805 0.6041946660753523 0.8713973214567673
806 0.6041946660753523 4.987542310449932
807 0.6041946660753523 1.1038507809959988
808 0.6041946660753523 8.118162123286027
809 0.6041946660753523 1.9835896101883546
810 0.6041946660753523 5.5050924427073085
811 0.6041946660753523 2.1307293807822814
812 0.6041946660753523 4.100381408076678
813 0.6041946660753523 2.862369969586798
814 0.6041946660753523 1.929159776635827
815 0.6041946660753523 1.119016455638723
816 0.6041946660753523 0.6052487632547656
817 0.6041946660753523 1.7966445535752766
818 0.6041946660753523 1.1286000701464864
819 0.6041946660753523 2.5224744173116367
820 0.6041946660753523 1.8557773858897215
821 0.6041946660753523 4.335860824411042
822 0.6041946660753523 3.3890658168166987
823 0.6041946660753523 1.482888640849496
824 0.6041946660753523 2.758988097779335
825 0.6041946660753523 2.314656894780578
826 0.6041946660753523 2.032195052012951
827 0.6041946660753523 0.6052526827128826
828 0.6041946660753523 2.1609774974498706
829 0.6041946660753523 0.831763078262807
830 0.6041946660753523 0.6052455684205976
831 0.6041946660753523 1.5117374515934232
832 0.6041946660753523 0.925439011329547
833 0.6041946660753523 2.6696805896726783
834 0.6041946660753523 1.562686700409797
835 0.6041946660753523 2.9761265735074476
836 0.6041946660753523 2.788107461701533
837 0.6041946660753523 0.6053146372334588
838 0.6041946660753523 5.456895845230057
839 0.6041946660753523 0.6053187155350804
840 0.6041946660753523 0.6053265202629246
841 0.6041946660753523 1.6203502368425649
842 0.6041946660753523 1.0963602903586833
843 0.6041946660753523 1.2382201433820754
844 0.6041946660753523 0.9477552052189832
845 0.6041946660753523 2.3571981811509395
846 0.6041946660753523 2.098204120745146
847 0.6041946660753523 1.5439313630435298
848 0.6041946660753523 3.897908930246947
849 0.6041946660753523 2.069473429002635
850 0.6041946660753523 3.697774149627153
851 0.6041946660753523 0.6049484301886765
852 0.6041946660753523 1.8904093382381781
853 0.6041946660753523 0.6048752917778194
854 0.6041946660753523 1.6625276373895335
855 0.6041389739510094 0.6048375896464546
856 0.6041389739510094 0.6047382530361199
857 0.6041389739510094 4.705099777024607
858 0.6041389739510094 1.2449421210816936
859 0.6041389739510094 1.0424748290306918
860 0.6041389739510094 2.4504273342698975
861 0.6041389739510094 0.604638143735667
862 0.6041389739510094 4.27398689704204
863 0.6041389739510094 4.297208998743452
864 0.6041389739510094 1.3274356807807017
865 0.6041389739510094 2.9184899524259253
866 0.6040927913016026 0.8372330295158571
867 0.6040927913016026 1.7339492004813286
868 0.6040833045051924 3.8328747419908478
869 0.6040833045051924 2.925385216163437
870 0.6040833045051924 1.8234003155621454
871 0.6040833045051924 2.016641492835524
872 0.6040833045051924 0.8304781625038332
873 0.6040833045051924 0.6047595065977756
874 0.6040833045051924 0.6046997648051614
875 0.6040833045051924 4.111522795168096
876 0.6040833045051924 1.3944375152615345
877 0.6040833045051924 1.0654976257499766
878 0.6040833045051924 1.350880455410267
879 0.6040833045051924 0.6048226113771342
880 0.6040833045051924 3.752133588338411
881 0.6040833045051924 0.6048162302900848
882 0.6039720336599261 2.3873460617098816
883 0.6039720336599261 1.4043281827393448
884 0.6039720336599261 3.5075937618258286
885 0.6039720336599261 1.118628076803565
886 0.6039720336599261 1.1720330883308907
887 0.6039720336599261 2.6290821720997246
888 0.6039720336599261 0.6047174179885932
889 0.6039720336599261 2.1050931656078866
890 0.6039720336599261 0.6046266128861266
891 0.6039720336599261 1.8580090805020213
892 0.6039720336599261 0.8540355065302458
893 0.6039720336599261 0.6046274506759918
894 0.6039720336599261 2.0730815169353756
895 0.6039720336599261 0.6046425476470625
896 0.6039720336599261 2.0516143632347994
897 0.6039720336599261 1.875498429491966
898 0.6039720336599261 2.6261454531955666
899 0.6039720336599261 2.321662517501362
900 0.6039720336599261 2.806637892756622
901 0.6039720336599261 3.187140807876167
902 0.6039720336599261 1.3525143281906054
903 0.6039720336599261 0.6047081423726369
904 0.6039720336599261 1.57953740183003
905 0.6039720336599261 0.6046603408982945
906 0.6039720336599261 3.3685993111362067
907 0.6039720336599261 1.6563879723421298
908 0.6039164322658674 0.6045998029397462
909 0.6039164322658674 1.0074884350631752
910 0.6039164322658674 3.3765385735436655
911 0.6039164322658674 2.722027697007895
912 0.6039164322658674 0.8528234652648894
913 0.6039164322658674 0.6045783780453746
914 0.6039164322658674 0.8307260301127225
915 0.6039164322658674 2.662057981592253
916 0.6039164322658674 1.6955914643300352
917 0.6039164322658674 0.8307767994491142
918 0.6039164322658674 0.8930628677644644
919 0.6039164322658674 2.6925111202004497
920 0.6039164322658674 1.5233003476586264
921 0.6039164322658674 0.6045501557085953
922 0.6039164322658674 0.6046310196492567
923 0.6039164322658674 6.396791792674268
924 0.6038608535611177 0.8378918675412672
925 0.6038608535611177 5.290566508642818
926 0.6038608535611177 1.5072267035946352
927 0.6038608535611177 2.526457532881949
928 0.6038608535611177 2.4077308920360063
929 0.6038608535611177 4.151067108217961
930 0.6038608535611177 1.8038598512615442
931 0.6038608535611177 0.9790897678142839
932 0.6038608535611177 0.6043468478863634
933 0.6038608535611177 0.6044086243541529
934 0.6038608535611177 2.351022439677686
935 0.6038608535611177 4.069642985788628
936 0.6038608535611177 0.604400018275353
937 0.6038608535611177 3.0910362793014214
938 0.6038608535611177 3.3496243740268072
939 0.6038608535611177 3.094397546809919
940 0.6038608535611177 0.6489931082677931
941 0.6038608535611177 5.974200480314738
942 0.6038608535611177 1.8788718650193013
943 0.6038608535611177 3.5920860208961245
944 0.6038608535611177 1.8101929163834145
945 0.6038608535611177 1.3448647653391665
946 0.6038608535611177 0.6044076971206949
947 0.6038608535611177 1.7682238611725696
948 0.6038608535611177 0.6044552824787514
949 0.6038608535611177 1.3589209204135606
950 0.6038608535611177 2.9633403409701655
951 0.6038608535611177 0.866845326462979
952 0.6038608535611177 0.604525166919489
953 0.6038608535611177 3.878050461253862
954 0.6038608535611177 2.857589548366875
955 0.6038608535611177 3.8655500685494544
956 0.6038608535611177 2.334442855480899
957 0.6038608535611177 1.0364207816281823
958 0.6038608535611177 0.6047002417830721
959 0.6038608535611177 2.3512558172519307
960 0.6038608535611177 0.604792634008331
961 0.6038608535611177 0.604746026323757
962 0.6038608535611177 2.110050749855132
963 0.6038608535611177 3.667469483441215
964 0.6038608535611177 1.8038479023417315
965 0.6038608535611177 0.6046858885478776
966 0.6038608535611177 1.3213744418037487
967 0.6038608535611177 2.2580281898355725
968 0.6038608535611177 2.9356912980282903
969 0.6038608535611177 1.5196634063933956
970 0.6038608535611177 3.17808435200657
971 0.6038608535611177 4.8873596917252256
972 0.6038608535611177 4.8886587740851
973 0.6038608535611177 2.8441721100092225
974 0.6038608535611177 0.811849898226602
975 0.6038608535611177 3.8278589577138074
976 0.6038608535611177 1.4744083781713153
977 0.6038608535611177 2.1703442734157528
978 0.6038608535611177 1.018552210274877
979 0.6038608535611177 4.43303102636832
980 0.6038608535611177 1.2565212599549778
981 0.6038608535611177 1.5074633897984997
982 0.6038608535611177 0.6047876858554667
983 0.6038608535611177 2.4653164834992554
984 0.6038608535611177 0.6048439011928417
985 0.6038608535611177 1.50741339241723
986 0.6038608535611177 0.6047832533621328
987 0.6038608535611177 3.1624299518256267
988 0.6038608535611177 2.3975722721785293
989 0.6038608535611177 2.885863725636517
990 0.6038608535611177 0.6048451207257783
991 0.6038608535611177 2.3433915176252342
992 0.6038608535611177 0.6047588271121738
993 0.6038608535611177 1.3311916255653096
994 0.6038608535611177 2.075874673356113
995 0.6038608535611177 1.3188828099479588
996 0.6038608535611177 2.2758363169868794
997 0.6038608535611177 1.8273805637823215
998 0.6038608535611177 3.392582345597621
999 0.6038608535611177 3.326959610060174
