# iteración mejor promedio
0 118.57136128332957 289.8245184619016
1 54.392009609936366 273.3824268600312
2 54.38668267694564 251.97155087305475
3 54.38668267694564 222.88510010406316
4 48.40257185623545 202.9291280539774
5 35.40883564873907 173.59561218926697
6 20.463120124115626 146.53841491259433
7 19.995854944043444 129.4295574507136
8 18.198859989481203 114.97900569134414
9 17.61714550468955 90.98759478100249
10 13.912283352348215 81.94258204969375
11 11.096592917186943 66.90186147531034
12 9.63998163898048 58.05824093931341
13 9.458126404796428 54.26539286329855
14 5.069487871117231 51.19923189728853
15 5.063014634235513 44.4900748519326
16 4.515907814433442 30.070412102000546
17 4.357510984992746 24.621702173550922
18 4.357510984992746 15.471777416492598
19 4.357510984992746 17.325919823736985
20 3.9443579904191526 16.605384237185493
21 3.9443579904191526 14.677905516598706
22 3.941437724407312 12.670284397788334
23 3.9179513543282782 8.252942566339406
24 3.9179513543282782 9.68462806894829
25 3.192451998508904 7.523304443816748
26 3.192451998508904 10.594794530134608
27 3.149264739061399 9.958434926422909
28 3.149264739061399 8.016953633061894
29 3.09637346264494 10.971046616982925
30 2.9259451572010633 8.767740439214828
31 2.921523587706609 8.969413671724856
32 2.8916284366272933 10.327231674759021
33 2.7760934131239883 9.472407659751202
34 2.2401740314842127 8.90375197189131
35 2.2401740314842127 8.507599822692036
36 2.226098311460483 10.80427982188528
37 2.226098311460483 6.8590412818450455
38 2.0926546863463735 6.863386420979346
39 2.0926546863463735 6.834478931145002
40 1.8602956584106534 8.880080613728111
41 1.8404200391535193 8.153042881531098
42 1.8404200391535193 6.825367656317598
43 1.8328045461053841 8.441842786057528
44 1.8328045461053841 7.200277545743404
45 1.8328045461053841 8.288487981034857
46 1.678525825190786 5.090246440296999
47 1.678525825190786 4.630398969978628
48 1.5873170818056481 9.18855493170846
49 1.5873170818056481 4.229956447787488
50 1.4584869069262387 5.47192178548114
51 1.3675415563466022 4.162760624853644
52 1.308503956937512 4.347664382220304
53 1.2692684821238247 4.485416549839706
54 1.2605258948283966 8.32824490793539
55 1.2605258948283966 2.9713431201103457
56 1.2531898802634365 2.3747291714883665
57 1.2531898802634365 5.979071645785645
58 1.2531898802634365 2.969109792560143
59 1.2531898802634365 1.822525652895895
60 1.2531898802634365 3.5570180550103236
61 1.2531898802634365 4.433574283484057
62 1.2531898802634365 4.442171931539076
63 1.2531898802634365 2.68546088804739
64 1.2531898802634365 2.9347481470542953
65 1.2531898802634365 3.170930604774926
66 1.252654266494579 2.4619535471326457
67 1.252654266494579 7.1514096327832775
68 1.252654266494579 5.049914403532885
69 1.252654266494579 2.8974859784941316
70 1.252654266494579 2.290120124262544
71 1.2277631869833345 2.963139998398413
72 1.2277631869833345 2.542147005464077
73 1.2277631869833345 2.956882051260454
74 1.2277631869833345 3.6521224721766226
75 1.2277631869833345 7.965451359979978
76 1.2277631869833345 2.9151310927921377
77 1.2277631869833345 5.711425641709809
78 1.2212508712527332 5.8951597672852065
79 1.2212508712527332 3.7870030599177973
80 1.2212508712527332 3.578187171144188
81 1.1549446218940467 2.3642114664881175
82 1.1549446218940467 2.2780678576474838
83 0.9218325150710547 3.0894758274412273
84 0.9218325150710547 1.5917585165757735
85 0.9218325150710547 1.4844037910360552
86 0.7940738493396794 2.226454047359394
87 0.7940738493396794 1.335807270899946
88 0.7940738493396794 4.621517156903905
89 0.7940738493396794 1.9831310607173398
90 0.7940738493396794 1.774749791146876
91 0.7940738493396794 4.249600286121992
92 0.7940738493396794 2.7157571507504774
93 0.7940738493396794 1.5792016588607132
94 0.7940738493396794 1.3206020882435545
95 0.7940738493396794 2.7453426285450484
96 0.7940738493396794 2.0045092305909815
97 0.7940738493396794 2.293957741344362
98 0.7940738493396794 2.0515093524947825
99 0.7940738493396794 1.9985578131718902
100 0.7940738493396794 4.949856651805803
101 0.794045224357903 2.079130052687025
102 0.794045224357903 5.042240320415788
103 0.794045224357903 2.684916214953144
104 0.794045224357903 3.2867645770260605
105 0.794045224357903 2.3863527711103556
106 0.794045224357903 1.525952725992913
107 0.794045224357903 1.774594956043962
108 0.794045224357903 1.736653829756605
109 0.794045224357903 1.394341607261065
110 0.794045224357903 3.30000639083548
111 0.794045224357903 4.7349024978540335
112 0.789103000219019 1.2851869412059005
113 0.789103000219019 6.054911944787356
114 0.789103000219019 1.7974016440268188
115 0.789103000219019 2.2716709586721207
116 0.789103000219019 2.5120461706694646
117 0.789103000219019 1.5683486512922316
118 0.789103000219019 1.2973211132122509
119 0.789103000219019 2.1526846063361806
120 0.789103000219019 1.7965235393717491
121 0.789103000219019 1.3432441437598528
122 0.789103000219019 2.511947618835558
123 0.789103000219019 3.738561397489381
124 0.789103000219019 6.068732869311525
125 0.789103000219019 4.022177351069986
126 0.789103000219019 4.720508354536754
127 0.789103000219019 5.296164813842492
128 0.789103000219019 8.015667182984116
129 0.789103000219019 2.222984499218564
130 0.789103000219019 1.7557735065877602
131 0.789103000219019 3.7227694675105987
132 0.789103000219019 5.078857886075693
133 0.789103000219019 3.7174369298304715
134 0.789103000219019 3.046733310126778
135 0.789103000219019 5.668377923543793
136 0.789103000219019 3.20027614540809
137 0.789103000219019 8.825736863533757
138 0.789103000219019 6.434174382716551
139 0.789103000219019 3.176720492139508
140 0.789103000219019 7.28281962910231
141 0.789103000219019 5.462327872078963
142 0.789103000219019 2.117219613545338
143 0.789103000219019 4.969446959731819
144 0.789103000219019 5.454038338700742
145 0.789103000219019 2.3747371819676335
146 0.789103000219019 1.5787969484838948
147 0.789103000219019 9.14210872466511
148 0.789103000219019 6.621369525866571
149 0.789103000219019 3.4119860378127447
150 0.789103000219019 1.9804236668901023
151 0.789103000219019 6.6402184641551045
152 0.789103000219019 1.9557841581289457
153 0.789103000219019 2.648092781286632
154 0.789103000219019 4.150726820286388
155 0.789103000219019 2.598513803110681
156 0.789103000219019 6.26078256966463
157 0.789103000219019 3.743897915422495
158 0.789103000219019 4.846121677930011
159 0.789103000219019 2.6567610892557134
160 0.789103000219019 4.200164418233081
161 0.789103000219019 1.2477910614794174
162 0.789103000219019 2.696703716448763
163 0.789103000219019 1.243311880729878
164 0.789103000219019 4.331618273785583
165 0.789103000219019 2.064080627826193
166 0.789103000219019 2.2621284675643363
167 0.789103000219019 2.095314044238565
168 0.789103000219019 2.4493765076973353
169 0.789103000219019 1.2417488783066535
170 0.789103000219019 1.2869769375227746
171 0.789103000219019 2.805262112418057
172 0.789103000219019 4.934284078796289
173 0.789103000219019 1.5185816003073629
174 0.789103000219019 6.64519707182656
175 0.789103000219019 3.8125304116474608
176 0.789103000219019 6.05977001831447
177 0.789103000219019 1.2282453573271266
178 0.789103000219019 2.3725421928896226
179 0.789103000219019 2.996238461182474
180 0.789103000219019 3.9741283615695515
181 0.789103000219019 5.336569266852146
182 0.789103000219019 1.2420151655805705
183 0.789103000219019 1.2343749554037167
184 0.789103000219019 1.2269569245965648
185 0.789103000219019 5.048654722763354
186 0.789103000219019 2.6448197821565107
187 0.789103000219019 2.6062883056564
188 0.789103000219019 4.240324118017039
189 0.789103000219019 1.2325261489591262
190 0.789103000219019 2.5160476477756872
191 0.789103000219019 3.83704384788853
192 0.789103000219019 4.959028631765919
193 0.789103000219019 2.0970820769668985
194 0.789103000219019 2.0644162409773874
195 0.789103000219019 1.9488466748325792
196 0.789103000219019 3.641649365840335
197 0.789103000219019 3.245570581493858
198 0.789103000219019 3.166257557776385
199 0.789103000219019 1.231935873819828
200 0.789103000219019 2.6632728381472255
201 0.789103000219019 4.462824440218842
202 0.7691357589181065 1.4728446217823967
203 0.7691357589181065 1.229432960749213
204 0.7691357589181065 2.5587623997923523
205 0.7691357589181065 1.3518846023978721
206 0.7691357589181065 1.2315334649608003
207 0.7691357589181065 1.2630229874373005
208 0.7691357589181065 3.3706986523264133
209 0.7691357589181065 2.1864813597555286
210 0.7691357589181065 1.7302501423661332
211 0.7691357589181065 3.2838778056255857
212 0.7691357589181065 2.931737875280531
213 0.7691357589181065 4.803282986984425
214 0.7691357589181065 1.571854827026755
215 0.7691357589181065 4.691135818363682
216 0.7691357589181065 1.239194518814343
217 0.7691357589181065 1.24176550186992
218 0.7691357589181065 3.736507539632468
219 0.7691357589181065 2.341017167967129
220 0.7691357589181065 3.0598172370149364
221 0.7691357589181065 2.4640502048794293
222 0.7691357589181065 5.0368891563637215
223 0.7680512021620113 2.33959539851753
224 0.7680512021620113 1.7170542267655124
225 0.7680512021620113 3.548257331954485
226 0.7680512021620113 2.1555604819235525
227 0.7680512021620113 3.789471194399597
228 0.7680512021620113 1.4889215152395092
229 0.7087312167476298 1.242904734065941
230 0.7087312167476298 1.2333789574536917
231 0.7087312167476298 2.7598232804823812
232 0.604039932379422 2.984782267557535
233 0.5467312060693776 1.7226626285973257
234 0.5467312060693776 1.2343569947814386
235 0.5467312060693776 2.4092830281684146
236 0.5455648795329677 1.21918690794486
237 0.5455648795329677 2.593975654962966
238 0.5455648795329677 2.8774682492574843
239 0.5455648795329677 5.807142342561913
240 0.5455648795329677 3.0542483847891337
241 0.5455648795329677 3.5427302036645085
242 0.5455028348475622 1.2008743968020896
243 0.5455028348475622 2.5847060353992948
244 0.4880374679974213 1.7373330373765499
245 0.46630859732333396 3.364044879999165
246 0.46625000228793234 2.0911712079165983
247 0.46625000228793234 3.8678636472500485
248 0.46625000228793234 2.829452387737104
249 0.46625000228793234 1.3092339239362372
250 0.46625000228793234 0.999655400969346
251 0.46625000228793234 1.4795722612806004
252 0.46625000228793234 4.697272063159485
253 0.46625000228793234 5.678016708806563
254 0.4660951201322435 3.2134352116983145
255 0.4660951201322435 4.485857399628272
256 0.4660951201322435 4.30909652672882
257 0.4660951201322435 0.8223621652397469
258 0.4660951201322435 4.301790299239216
259 0.46607822849972136 0.7037491000192051
260 0.46607822849972136 2.0150682881511397
261 0.46607822849972136 0.6629718018043838
262 0.46607822849972136 1.4215819609551863
263 0.4660365087411946 3.5735473687062
264 0.4660365087411946 1.1897106535983537
265 0.4660365087411946 3.0394623778805836
266 0.4660365087411946 2.4983273991908885
267 0.4660365087411946 1.9937606042522393
268 0.4660365087411946 3.084237802074881
269 0.4660365087411946 2.4592011059313617
270 0.4660365087411946 0.49677344050081784
271 0.4660365087411946 0.4811084322611054
272 0.4660365087411946 2.6253818489252443
273 0.4660365087411946 0.968453172300583
274 0.4660365087411946 0.8317682754432006
275 0.4660365087411946 1.4028181150518977
276 0.4660365087411946 1.217115230380263
277 0.4660365087411946 2.2748130782032847
278 0.4660365087411946 0.4755206597069155
279 0.46601543067605955 1.1652879371568594
280 0.4659078858509884 3.746244521959682
281 0.4659078858509884 1.0027428585246219
282 0.4659078858509884 1.6328677869978905
283 0.4659078858509884 5.110490378921256
284 0.4659078858509884 0.4735714274338084
285 0.4659078858509884 3.9727394724181972
286 0.4659078858509884 0.9935552171516743
287 0.4659078858509884 1.0331289831820003
288 0.4659078858509884 2.552364165896571
289 0.4658492557046068 0.9442171594902098
290 0.4658492557046068 2.382378441931324
291 0.4658492557046068 1.0683291183157062
292 0.4658492557046068 1.601424871231149
293 0.4658492557046068 3.9847073998773563
294 0.4658492557046068 2.5932285513715825
295 0.4658492557046068 2.4600258806811994
296 0.4658492557046068 0.47173545379815557
297 0.4658492557046068 0.8254242619724067
298 0.4658492557046068 3.3047752403770976
299 0.4658492557046068 0.7378182326303933
300 0.4658492557046068 0.47009287126972665
301 0.4658492557046068 0.7118998893016955
302 0.4658492557046068 2.154930330733561
303 0.4658492557046068 2.926929226216079
304 0.4658492557046068 1.471771172424379
305 0.4658492557046068 0.46926555099513706
306 0.4658492557046068 4.257002578782524
307 0.4658492557046068 1.326611545101336
308 0.4658492557046068 1.3706097646394344
309 0.4658492557046068 1.8215318063863277
310 0.4658492557046068 2.0028178267517425
311 0.4658492557046068 1.581836394472729
312 0.4658492557046068 0.46887831303352057
313 0.4658492557046068 2.401509706055321
314 0.4658492557046068 2.5309953246239
315 0.4658492557046068 2.037500006367827
316 0.4658492557046068 2.2607947653191856
317 0.4658492557046068 2.7960143468724272
318 0.4658492557046068 3.4169642240009375
319 0.4658492557046068 0.46987724205942305
320 0.4658492557046068 2.8399042022595444
321 0.4658492557046068 1.8043450019343465
322 0.4658492557046068 3.7969925647155454
323 0.4658492557046068 2.9743937352794667
324 0.4658492557046068 4.276591433093657
325 0.4658492557046068 1.8637590782266893
326 0.4658492557046068 2.5377333045466304
327 0.4658492557046068 2.972779387374463
328 0.4658492557046068 0.4674763084830954
329 0.4658492557046068 0.46776132860956
330 0.4658492557046068 1.3484495640976502
331 0.4658492557046068 1.0645617788970165
332 0.4658492557046068 0.46734959538901627
333 0.4658492557046068 4.5173511867207115
334 0.4658492557046068 2.0687687001756068
335 0.4658492557046068 2.2378707431203657
336 0.4658492557046068 0.4669116536920167
337 0.4658492557046068 0.46705458810856343
338 0.4658492557046068 1.523133518254193
339 0.4658492557046068 0.4671258623035843
340 0.4658492557046068 1.3103837711678274
341 0.4658492557046068 1.880733976336303
342 0.4658492557046068 0.46704496637632337
343 0.4658492557046068 1.268100669177788
344 0.4658492557046068 0.4668239302840517
345 0.4658492557046068 1.1712824789630305
346 0.4658492557046068 1.8062559078110016
347 0.4658492557046068 3.2596914401477015
348 0.4658492557046068 0.46682551168014413
349 0.4658492557046068 0.4667559790209414
350 0.4658492557046068 1.6468355706000375
351 0.4658492557046068 0.46690980995728393
352 0.4658492557046068 1.337705096972678
353 0.4658492557046068 1.2411292066862842
354 0.4658492557046068 0.46712399115811964
355 0.4658492557046068 2.249787124298986
356 0.4658492557046068 0.46699017848886976
357 0.4658492557046068 2.0088559521063605
358 0.4658492557046068 1.588205549795007
359 0.4658492557046068 1.272305535736369
360 0.4658492557046068 0.699503632288488
361 0.4658492557046068 3.282449487305756
362 0.4658492557046068 1.1693881399856965
363 0.4658492557046068 1.6183764400613472
364 0.4658492557046068 3.815746256688215
365 0.4658492557046068 3.4120380275052686
366 0.4658492557046068 1.7957079545253776
367 0.4658492557046068 0.4673203289637025
368 0.4658492557046068 0.46724637580620154
369 0.4658492557046068 1.3211965789496463
370 0.4658492557046068 1.4072053441103463
371 0.4658492557046068 0.46700774123829747
372 0.4658492557046068 0.46695830513693
373 0.4658492557046068 2.20448563694004
374 0.4658492557046068 1.072024169804104
375 0.4658492557046068 2.8113655364093995
376 0.4658492557046068 2.593263655244868
377 0.4658492557046068 1.9054571911921465
378 0.4658492557046068 3.0663193652906715
379 0.4658492557046068 1.8199068673276277
380 0.4658492557046068 3.213299836112577
381 0.4658492557046068 1.3733205672792719
382 0.4658492557046068 1.0862071989760782
383 0.4658492557046068 3.042168782111539
384 0.4658492557046068 2.509314238233404
385 0.4658492557046068 1.360726384446758
386 0.4658492557046068 2.8082216314329287
387 0.4658492557046068 0.46658032267634075
388 0.4658492557046068 2.238656939888648
389 0.4658492557046068 0.4666254229752074
390 0.4658492557046068 0.6955125916791761
391 0.4658492557046068 0.4663161761480479
392 0.4658492557046068 1.8006500476787712
393 0.4658492557046068 0.46626972287924784
394 0.4658492557046068 2.843794086712441
395 0.4658492557046068 3.006743205573946
396 0.4658492557046068 0.4660600466129441
397 0.4658492557046068 5.3140189036299725
398 0.4658492557046068 1.6887557809250606
399 0.4658492557046068 1.959585230628891
400 0.4658492557046068 2.0070811992047743
401 0.4658492557046068 2.8365285092875423
402 0.4658492557046068 0.9400909242734917
403 0.4658492557046068 1.518221724502312
404 0.4658492557046068 3.9293903494434796
405 0.4658492557046068 0.4660533518388621
406 0.4658492557046068 1.2623187449340028
407 0.4658492557046068 1.033072683993846
408 0.4658492557046068 2.2307595958303352
409 0.4658492557046068 1.2156190427421263
410 0.4658492557046068 2.991329150658919
411 0.4658492557046068 0.46604644924734306
412 0.4658492557046068 0.46603517441091613
413 0.4658492557046068 0.4660381087480676
414 0.4658492557046068 0.46604299925740256
415 0.4658492557046068 2.7891579539751308
416 0.4658492557046068 0.46601416919009636
417 0.4658492557046068 0.4660158166746266
418 0.4658492557046068 0.6949717452007009
419 0.4658492557046068 0.4660179816349516
420 0.4658492557046068 3.1351261543168594
421 0.4658492557046068 2.613799017972251
422 0.4658492557046068 0.7499220629688256
423 0.4658492557046068 1.1604242145809718
424 0.4658492557046068 0.46600667327127687
425 0.4658492557046068 0.9893821082977243
426 0.4658492557046068 3.0624996849855695
427 0.4658492557046068 2.329959400669474
428 0.4658492557046068 0.46598943054472497
429 0.4658492557046068 0.7617321144702377
430 0.4658492557046068 3.3023586486303684
431 0.4658492557046068 0.4659986622182759
432 0.4658492557046068 0.8986076314663776
433 0.4658492557046068 1.7602365343144522
434 0.4658492557046068 1.0505167185144864
435 0.4658492557046068 2.4668058109419424
436 0.4658492557046068 0.6118392847765954
437 0.4658492557046068 1.1213245326906094
438 0.4658492557046068 1.3680779705325223
439 0.4658492557046068 2.4255516031766344
440 0.4658492557046068 1.4931368157002307
441 0.4658492557046068 0.4660067057300475
442 0.4658492557046068 1.1158719975541163
443 0.4658492557046068 0.729983183555631
444 0.4658492557046068 1.8348626252162847
445 0.4658492557046068 2.7065585309465616
446 0.4658492557046068 2.6512418050357813
447 0.4658492557046068 2.104274958298025
448 0.4658492557046068 0.4659504867236822
449 0.4658492557046068 1.9161448368159981
450 0.4658492557046068 1.214858829832012
451 0.4658492557046068 1.200855272475734
452 0.4658492557046068 1.7405349644173638
453 0.4656406339619109 0.46614486921725823
454 0.4656406339619109 3.3962783277420443
455 0.4656406339619109 0.4659675444593153
456 0.4656406339619109 3.336216936744881
457 0.4656406339619109 3.9869303102806346
458 0.4656406339619109 2.759647894238965
459 0.4656406339619109 0.4659677094273102
460 0.4656406339619109 2.5547079913044075
461 0.4656406339619109 0.4659691555703492
462 0.4656406339619109 3.4895424220617723
463 0.4656406339619109 1.7348358096708596
464 0.46543997508544754 0.46596166970667413
465 0.46543997508544754 0.4659489660023502
466 0.46543997508544754 2.1614386902191134
467 0.46543997508544754 0.9843591412216953
468 0.46543997508544754 4.478089872941606
469 0.46543997508544754 1.0778961009407435
470 0.46543997508544754 1.4892619185122158
471 0.46543997508544754 1.263008607071853
472 0.46543997508544754 3.3448855681092287
473 0.46543997508544754 4.514502973347057
474 0.46543997508544754 0.46593101887979727
475 0.46543997508544754 3.1009130545621053
476 0.46543997508544754 0.46592693663475065
477 0.46543997508544754 0.4659374645435988
478 0.46543997508544754 0.6927392968994375
479 0.46543997508544754 0.4659230520671538
480 0.46543997508544754 1.5902054749302985
481 0.46543997508544754 1.7352602130682266
482 0.46543997508544754 1.402783921156844
483 0.46543997508544754 0.4658935662993008
484 0.46543997508544754 1.2931012580674226
485 0.46543997508544754 3.630716744397686
486 0.46543997508544754 5.308790667846824
487 0.46543997508544754 0.7550205747797573
488 0.46543997508544754 0.4658747309720973
489 0.46543997508544754 2.0008664509059004
490 0.46543997508544754 0.4658814061254894
491 0.46543997508544754 1.0038586425168556
492 0.46543997508544754 1.6876731502269033
493 0.46543997508544754 1.3501585846013584
494 0.46543997508544754 0.4658919708174462
495 0.46543997508544754 0.4658993761975506
496 0.46543997508544754 2.210797760470576
497 0.46543997508544754 1.3735501870976663
498 0.46543997508544754 1.1563247817687965
499 0.46543997508544754 2.590985819902291
500 0.46543997508544754 4.191450432509303
501 0.46543997508544754 7.639196243747389
502 0.46543997508544754 1.682281942743186
503 0.46543997508544754 0.9837618174683835
504 0.46543997508544754 0.4658750998795809
505 0.46543997508544754 0.4658694056285212
506 0.46543997508544754 0.4658689452680887
507 0.46543997508544754 1.5642456313401916
508 0.46543997508544754 0.46588251160025074
509 0.46543997508544754 1.8128655115314232
510 0.46543997508544754 0.46589774380169324
511 0.46543997508544754 0.46588832900564087
512 0.46543997508544754 1.9165233954209946
513 0.46543997508544754 1.3936237303978638
514 0.46543997508544754 5.496414915850747
515 0.46543997508544754 1.4454840290125759
516 0.46543997508544754 0.9742472546207821
517 0.46543997508544754 2.4618976646039212
518 0.46543997508544754 0.6931460741716609
519 0.46543997508544754 1.1485232660855618
520 0.46543997508544754 0.9863484011793794
521 0.46543997508544754 1.9539839446248903
522 0.46543997508544754 1.7831827233903481
523 0.46543997508544754 2.8497355126016934
524 0.46543997508544754 0.9767873469927079
525 0.46543997508544754 0.4658387251601949
526 0.46543997508544754 0.46586073942540424
527 0.46543997508544754 0.4658327630282047
528 0.46543997508544754 0.8201755946745982
529 0.46543997508544754 0.46587493939438546
530 0.46543997508544754 1.3536999141981392
531 0.46543997508544754 1.5802223865085796
532 0.46543997508544754 0.46583514956738475
533 0.46543997508544754 1.4850632838296394
534 0.46543997508544754 2.736887878484925
535 0.46543997508544754 0.46580432020531903
536 0.46543997508544754 2.326640402340317
537 0.46543997508544754 5.270384949269889
538 0.46543997508544754 2.3123705459229202
539 0.46543997508544754 5.409376829507031
540 0.46543997508544754 2.106185799119643
541 0.46543997508544754 0.4657914630649781
542 0.46543997508544754 0.8196465900577007
543 0.46543997508544754 0.46580523536794544
544 0.46543997508544754 0.7207277999351175
545 0.46543997508544754 6.2946839741218925
546 0.46543997508544754 1.1152888108935723
547 0.4556067899719194 1.7870287744524813
548 0.45497539360339156 0.46839674779129753
549 0.45497539360339156 2.1176723609815933
550 0.45497539360339156 1.5972587858582696
551 0.45497539360339156 1.3700189819633208
552 0.45497539360339156 3.032054667279285
553 0.45497539360339156 0.4661258567473881
554 0.45497539360339156 0.4663888749113538
555 0.45497539360339156 7.498173354367472
556 0.45497539360339156 0.8676847881842078
557 0.45497539360339156 2.1882012263080926
558 0.45497539360339156 1.0414612827385923
559 0.45497539360339156 0.46590724777775433
560 0.45497539360339156 2.6124049319803273
561 0.45497539360339156 2.1867407149412452
562 0.45268882152526724 4.570017225586833
563 0.45268882152526724 0.8199865903752409
564 0.45268882152526724 0.46439394359769265
565 0.45268882152526724 0.7014476104934456
566 0.45268882152526724 0.46391569800645954
567 0.45268882152526724 0.46419123827575914
568 0.45268882152526724 0.46423695435292134
569 0.45268882152526724 0.4646336629616527
570 0.45268882152526724 3.4565222733364154
571 0.45268882152526724 1.5561109149512367
572 0.45268882152526724 3.4451249600087084
573 0.45268882152526724 1.1372985782758611
574 0.45268882152526724 0.4645002973694919
575 0.45268882152526724 1.5847462730894002
576 0.45268882152526724 1.1520321627623544
577 0.45268882152526724 0.4645723602606523
578 0.45268882152526724 4.6867914026283
579 0.45268882152526724 1.2026856172962013
580 0.45268882152526724 1.2892405290195723
581 0.45268882152526724 0.4645870369907702
582 0.45268882152526724 0.464576329540183
583 0.4523539232568927 3.2179823667495726
584 0.4523539232568927 0.464497259600048
585 0.4523539232568927 0.46414305295602676
586 0.45193738660518123 1.6145703356059782
587 0.45193738660518123 0.4643291199391289
588 0.45193738660518123 2.086418986157828
589 0.45193738660518123 3.462472336017849
590 0.45193738660518123 1.7389048132630542
591 0.45193738660518123 0.4627775595044475
592 0.45193738660518123 2.9469830480051864
593 0.45193738660518123 3.2437812336407092
594 0.45193738660518123 3.3497169061943293
595 0.45193738660518123 4.309278737196591
596 0.45193738660518123 0.8302162032672388
597 0.45193738660518123 0.4638936098705157
598 0.45193738660518123 0.46373287518962797
599 0.45193738660518123 0.4635843054332577
600 0.45193738660518123 0.9645338057166178
601 0.45193738660518123 5.289797616579477
602 0.45193738660518123 3.0123246050242427
603 0.45193738660518123 3.4324037131893204
604 0.45193738660518123 0.4627862277177307
605 0.45193738660518123 3.6096142793431523
606 0.45193738660518123 0.4623326869791922
607 0.45193738660518123 0.462004079035954
608 0.45193738660518123 2.0198167113848084
609 0.45193738660518123 5.989567896334312
610 0.45193738660518123 2.350441915522386
611 0.44940368815590315 5.1319695115974495
612 0.44920385168599863 0.46057425508919025
613 0.44920385168599863 1.070628406424885
614 0.44898556524170286 5.00914722680418
615 0.44898556524170286 4.6167278335234245
616 0.44898556524170286 0.4578230307213849
617 0.44898556524170286 2.458577164705427
618 0.44898556524170286 0.45784858015010976
619 0.44898556524170286 0.7535976230740511
620 0.44898556524170286 2.3835386307541375
621 0.44898556524170286 1.3514781623759327
622 0.44898556524170286 0.45650094700335375
623 0.44826111520484213 7.510530995764492
624 0.44826111520484213 0.4557154857648698
625 0.44826111520484213 0.9743755458805243
626 0.44826111520484213 0.4555625026149452
627 0.44826111520484213 0.45589002599433043
628 0.44826111520484213 0.4553987629351758
629 0.44826111520484213 0.45545025119235666
630 0.44826111520484213 0.4547300324471417
631 0.44826111520484213 1.5055390481273754
632 0.44826111520484213 0.8282851120696034
633 0.44826111520484213 1.6898739847300226
634 0.44826111520484213 1.0184683666856298
635 0.44826111520484213 2.8656248516274183
636 0.44826111520484213 1.8013020016878019
637 0.44826111520484213 2.3026318859598733
638 0.44826111520484213 2.570115630277826
639 0.44826111520484213 3.649598266034697
640 0.44826111520484213 2.7334537426458776
641 0.44826111520484213 2.993156827324283
642 0.44826111520484213 3.864908353854205
643 0.44826111520484213 4.402145106816352
644 0.44826111520484213 5.573720864451166
645 0.44826111520484213 0.4529537621123009
646 0.44826111520484213 1.1548879599512074
647 0.44826111520484213 2.5073880999894884
648 0.44826111520484213 1.2623805130288297
649 0.44826111520484213 0.45224380938636044
650 0.44826111520484213 1.2563882045415817
651 0.44826111520484213 0.45292438173232547
652 0.44826111520484213 4.096499344587445
653 0.44826111520484213 2.1859104958930957
654 0.44826111520484213 3.488996914492011
655 0.44826111520484213 0.6864333759455842
656 0.44826111520484213 1.7720560906907636
657 0.44826111520484213 1.7842050455614404
658 0.44826111520484213 2.2808372518369797
659 0.44826111520484213 2.4475409425395496
660 0.44826111520484213 0.45329052184457785
661 0.44826111520484213 0.4532980655111713
662 0.44826111520484213 0.45346144033821933
663 0.44826111520484213 1.1714785793969849
664 0.44826111520484213 2.2635302927666427
665 0.44826111520484213 2.4827127535744484
666 0.44826111520484213 0.7619067016622323
667 0.44826111520484213 4.617322711706715
668 0.44826111520484213 0.452830741067104
669 0.44826111520484213 0.8845765859417467
670 0.44826111520484213 0.9279476761262505
671 0.44826111520484213 3.1984178221019963
672 0.44826111520484213 0.8712798689614231
673 0.44826111520484213 3.0874899831327722
674 0.44826111520484213 0.4531971257676332
675 0.44826111520484213 1.7799302542889677
676 0.44826111520484213 4.019158640794961
677 0.44826111520484213 3.182331349372593
678 0.44826111520484213 3.7976751070814116
679 0.44826111520484213 0.4530282832047798
680 0.44826111520484213 0.45284612657148815
681 0.44826111520484213 0.7169826937910968
682 0.44826111520484213 1.7293974244796595
683 0.44826111520484213 4.506372772556068
684 0.44826111520484213 1.275557477686762
685 0.44826111520484213 1.2372261279323404
686 0.44826111520484213 6.083113481329657
687 0.44826111520484213 0.4531225367443518
688 0.44826111520484213 1.9479101321636123
689 0.44826111520484213 0.68678787164284
690 0.44826111520484213 0.452777225665713
691 0.44826111520484213 1.9515907795325944
692 0.44826111520484213 1.5937973964429322
693 0.44826111520484213 2.8153270663460193
694 0.44826111520484213 1.3590574597931402
695 0.44826111520484213 0.9725530800536556
696 0.44826111520484213 1.3566337693214847
697 0.44826111520484213 4.645259125900207
698 0.44826111520484213 1.9145081877867398
699 0.44826111520484213 3.7255758784280086
700 0.44826111520484213 0.45138230633849263
701 0.44826111520484213 0.45149668991031355
702 0.44826111520484213 4.651678361329839
703 0.44826111520484213 0.4510016251577811
704 0.44826111520484213 2.9772422111021775
705 0.44826111520484213 1.1127952679690043
706 0.44826111520484213 1.3236476494221074
707 0.44826111520484213 3.2012551736581725
708 0.44826111520484213 0.7147987189313457
709 0.44826111520484213 0.45067730852323684
710 0.44826111520484213 0.45022068990060893
711 0.44826111520484213 2.2896037636492257
712 0.44826111520484213 2.060492509827161
713 0.44826111520484213 0.45041878571545285
714 0.44826111520484213 1.5548710725626465
715 0.44826111520484213 3.341290381304537
716 0.44826111520484213 1.5700727624785622
717 0.44826111520484213 2.6762586077766577
718 0.44826111520484213 1.313306599383181
719 0.44826111520484213 0.45027354973341416
720 0.44826111520484213 3.0996944583781643
721 0.44826111520484213 1.9623640048862923
722 0.44826111520484213 0.4503786765771855
723 0.44826111520484213 0.6903428010396402
724 0.44826111520484213 0.45113148408514414
725 0.44826111520484213 0.45060768300709614
726 0.44826111520484213 0.6787259748742969
727 0.44826111520484213 3.2801650451858597
728 0.44826111520484213 0.5705849233866024
729 0.44745241558895 0.9659119309300799
730 0.44745241558895 4.877452003083777
731 0.4467482077914732 0.45159875318005943
732 0.44599063900272606 0.45225759452714953
733 0.44526340397971154 0.4521112036532062
734 0.44526340397971154 0.45245624612674473
735 0.4447215679486701 2.531689454314867
736 0.4447215679486701 2.8758273358855124
737 0.4447215679486701 0.45244624462791433
738 0.4447215679486701 3.689072676215288
739 0.4447215679486701 0.4522544055611935
740 0.4447215679486701 0.6789201899323248
741 0.4447215679486701 1.6951997949659567
742 0.4447215679486701 2.6614521451586612
743 0.4447215679486701 3.8261515359274862
744 0.4447215679486701 0.45197620336970135
745 0.4447215679486701 3.141005615263333
746 0.4447215679486701 0.9737391899433928
747 0.4447215679486701 0.45210906380490923
748 0.4447215679486701 0.6921016485956238
749 0.4447215679486701 0.4523426140570227
750 0.4447215679486701 1.089769054258525
751 0.4447215679486701 4.55436922782329
752 0.4447215679486701 0.45253285259761644
753 0.4447215679486701 0.4532266314139929
754 0.4447215679486701 6.31796546351277
755 0.4447215679486701 1.585189210476051
756 0.4447215679486701 1.2946003530679264
757 0.4447215679486701 2.5480238096242385
758 0.4447215679486701 1.3710503372220941
759 0.4447215679486701 0.6839857720797479
760 0.4447215679486701 1.6061098264742992
761 0.4447215679486701 2.088260953281813
762 0.4447215679486701 0.45290302507099434
763 0.4447215679486701 2.1171140324570974
764 0.4447215679486701 1.718774693953355
765 0.4447215679486701 0.6896169826703878
766 0.4447215679486701 4.254399798679991
767 0.4447215679486701 1.7370679710157333
768 0.4447215679486701 0.4519808602718256
769 0.4447215679486701 1.357247983268653
770 0.4447215679486701 0.45168560280449094
771 0.4447215679486701 1.4179501423126064
772 0.4447215679486701 0.4514575674024538
773 0.4447215679486701 4.057939896869678
774 0.4447215679486701 2.9924561027469463
775 0.4447215679486701 0.4517408543380653
776 0.4447215679486701 2.096238730918297
777 0.4447215679486701 1.5842947897770623
778 0.4447215679486701 0.9090545609441629
779 0.4447215679486701 0.4511180250448558
780 0.4447215679486701 0.4509878753219428
781 0.4447215679486701 0.45054590859416627
782 0.4447215679486701 0.8861743537683631
783 0.4447215679486701 0.6773233308096596
784 0.4447215679486701 2.2073678659432385
785 0.4447215679486701 0.4498293725580654
786 0.4447215679486701 0.4498608302462889
787 0.4447215679486701 1.4370371681786565
788 0.4447215679486701 3.5507359553266564
789 0.4447215679486701 2.5083344882653544
790 0.4447215679486701 0.6900880464291004
791 0.4447215679486701 3.3923331772518153
792 0.4447215679486701 3.7693267889856314
793 0.4447215679486701 1.3452329425337484
794 0.4447215679486701 5.21455786654597
795 0.4447215679486701 1.3029482437051032
796 0.4447215679486701 0.45058894429865176
797 0.4447215679486701 1.838104388968513
798 0.4447215679486701 0.45047655443313905
799 0.4447215679486701 2.2173787132223577
800 0.4447215679486701 1.6566493191140805
801 0.4447215679486701 0.834052695283338
802 0.4447215679486701 4.869535933422679
803 0.4447215679486701 4.671938096059398
804 0.4447215679486701 0.45087141671366604
805 0.4447215679486701 1.7976103624978037
806 0.4447215679486701 0.6546091296353456
807 0.4447215679486701 1.0989511468614221
808 0.4447215679486701 0.4504665281469791
809 0.4447215679486701 1.8543929786773177
810 0.4447215679486701 0.45068925853812863
811 0.4447215679486701 0.4507778440628459
812 0.4447215679486701 3.400963604790873
813 0.4447215679486701 2.240392583228176
814 0.4447215679486701 2.7472853407723004
815 0.4447215679486701 2.106211613633675
816 0.4447215679486701 0.45094976512173346
817 0.4447215679486701 1.258428551343243
818 0.4447215679486701 1.74762017044142
819 0.4447215679486701 2.0829522176774526
820 0.4447215679486701 5.648798495690652
821 0.4447215679486701 2.394283273773537
822 0.4447215679486701 1.6608079183017352
823 0.4447215679486701 3.8397720370973594
824 0.4447215679486701 0.4502936671801498
825 0.4447215679486701 2.2445125751637955
826 0.4447215679486701 1.6975255012141994
827 0.4447215679486701 0.45051394716455734
828 0.4447215679486701 0.45080624242354694
829 0.4447215679486701 0.45064175132658446
830 0.4447215679486701 1.8442191306766602
831 0.4447215679486701 0.4509528693166795
832 0.4447215679486701 2.299628183486687
833 0.4447215679486701 3.1617324007837952
834 0.4447215679486701 2.1947825052974936
835 0.4447215679486701 0.45099570891515467
836 0.4447215679486701 5.6161123798412005
837 0.4447215679486701 0.7726152826904203
838 0.4447215679486701 0.7504561783956619
839 0.4447215679486701 1.0607291962479681
840 0.4447215679486701 1.4733175431878387
841 0.4447215679486701 2.504785584463892
842 0.4447215679486701 1.42804836299074
843 0.4447215679486701 1.1527597809874326
844 0.4447215679486701 2.634349576887893
845 0.4447215679486701 1.3550464026338604
846 0.4447215679486701 2.598636519021556
847 0.4447215679486701 2.171889116447581
848 0.4447215679486701 2.90050205692375
849 0.4447215679486701 0.969225457799359
850 0.4447215679486701 1.328701336820233
851 0.4447215679486701 2.0617530855884594
852 0.4447215679486701 8.473319457141699
853 0.4447215679486701 0.9614393755757866
854 0.4447215679486701 0.4503927182728973
855 0.4447215679486701 0.45025317319923525
856 0.4447215679486701 2.297944082339721
857 0.4447215679486701 0.4500582753171378
858 0.4447215679486701 3.5881310901791057
859 0.4447215679486701 2.7614296338487794
860 0.4447215679486701 2.752063250058541
861 0.4447215679486701 0.4503279744793601
862 0.4447215679486701 0.6776497071764075
863 0.4447215679486701 1.2369116133701612
864 0.4447215679486701 2.5188229526069144
865 0.4447215679486701 0.8863146552444376
866 0.4447215679486701 1.3544108812221631
867 0.4447215679486701 3.073380350243363
868 0.4447215679486701 2.7042611624053667
869 0.4447215679486701 3.5115241049173114
870 0.4447215679486701 0.4649749640972541
871 0.4447215679486701 1.5470494353509179
872 0.4447215679486701 2.8774880926380124
873 0.4447215679486701 2.2248868436018796
874 0.4447215679486701 2.547747842437422
875 0.4447215679486701 0.9277655441410944
876 0.4447215679486701 0.7595746995236855
877 0.4447215679486701 2.5408029375654637
878 0.4447215679486701 1.636799350650673
879 0.4447215679486701 0.6925780394800123
880 0.4447215679486701 0.4499841271595601
881 0.4447215679486701 2.6293893388635694
882 0.4447215679486701 1.5588607852381386
883 0.4447215679486701 0.4501104957128477
884 0.4447215679486701 1.4681094192513962
885 0.4447215679486701 1.3804918857140152
886 0.4447215679486701 0.8637348298721611
887 0.4447215679486701 1.541418616127146
888 0.4447215679486701 0.45015273320944355
889 0.4447215679486701 0.5780104868302027
890 0.4447215679486701 0.8486692311327496
891 0.4447215679486701 1.9399891482473595
892 0.4447215679486701 0.44943162522975505
893 0.4447215679486701 1.354511442670686
894 0.4447215679486701 0.449578410335559
895 0.4447215679486701 0.4491567678812054
896 0.4447215679486701 0.4490747027044915
897 0.4447215679486701 2.292364893550255
898 0.4447215679486701 0.44902928583458945
899 0.4447215679486701 0.9374386236658211
900 0.4447215679486701 0.44888993669591953
901 0.4447215679486701 2.754965317062862
902 0.4447215679486701 3.0692582436825626
903 0.4447215679486701 2.597072375661084
904 0.4447215679486701 0.4489717547070247
905 0.4447215679486701 2.2055170878413626
906 0.4447215679486701 1.8112804011600467
907 0.4447215679486701 1.471666046722687
908 0.4447122893116511 0.45839942346668083
909 0.4447122893116511 0.44787123555016395
910 0.4447122893116511 3.2674845822128136
911 0.4447122893116511 3.527163938570689
912 0.4447122893116511 1.1634399063561018
913 0.4447122893116511 2.464395016657775
914 0.4447122893116511 0.44855909375617675
915 0.4447122893116511 1.7767631048805523
916 0.4447122893116511 1.0562826319868526
917 0.4447122893116511 2.201671808341595
918 0.4447122893116511 0.4490220277818329
919 0.4447122893116511 2.6053068431624977
920 0.4447122893116511 1.1541308965411587
921 0.4447122893116511 1.1543415791722442
922 0.4447122893116511 4.02000025240211
923 0.4447122893116511 1.6450161088140758
924 0.4432265000884519 1.4996876179499086
925 0.4432265000884519 2.4954926542669122
926 0.4432265000884519 0.9646892671074465
927 0.4432265000884519 3.2088746359665645
928 0.4432265000884519 2.030770037637887
929 0.4432265000884519 0.9656072384049071
930 0.4432265000884519 1.6715902995365894
931 0.4432265000884519 2.2141262828096315
932 0.4432265000884519 4.421595152665446
933 0.4432265000884519 3.583288288508289
934 0.4432265000884519 2.8174421041638618
935 0.4432265000884519 3.9884523671988528
936 0.4432265000884519 2.6617683643421852
937 0.4432265000884519 0.7336302461060474
938 0.4432265000884519 3.36941730538411
939 0.4432265000884519 1.1973238478531605
940 0.4432265000884519 3.5124243462412146
941 0.4432265000884519 5.179397558744596
942 0.4432265000884519 2.3942083669436163
943 0.4432265000884519 0.4459471368917224
944 0.4432265000884519 4.362705890666223
945 0.4432265000884519 3.486673486816581
946 0.4432265000884519 1.4686829689750058
947 0.4432265000884519 2.3036269830398273
948 0.4432265000884519 3.2934778372380435
949 0.4432265000884519 4.757787109789826
950 0.4432265000884519 0.4462574396806173
951 0.4432265000884519 1.5241951641622022
952 0.4432265000884519 2.9129274244266465
953 0.4432265000884519 2.5141329865152664
954 0.4432265000884519 1.3909194992186664
955 0.4432265000884519 2.461710778861423
956 0.4432265000884519 2.2868012752192346
957 0.4432265000884519 1.1375458346156955
958 0.4432265000884519 1.4069791937465073
959 0.4432265000884519 2.4249071764816197
960 0.4432265000884519 0.8780564491230233
961 0.4432265000884519 0.4454733525035288
962 0.4432265000884519 0.44536873172919156
963 0.4432265000884519 0.44523398082467297
964 0.4432265000884519 0.44518037544995226
965 0.4432265000884519 0.9911140121237217
966 0.4432265000884519 4.314733853234495
967 0.4432265000884519 0.7002937387100906
968 0.4432265000884519 3.820248942959984
969 0.4432265000884519 0.8607557627739412
970 0.4432265000884519 2.3257879113592907
971 0.4432265000884519 4.840353062547845
972 0.4432265000884519 1.8746425040301862
973 0.4432265000884519 1.8623806698232062
974 0.4432265000884519 3.238796553294608
975 0.4432265000884519 1.9683998681779302
976 0.4432265000884519 2.066602387355887
977 0.4432265000884519 2.802225366841532
978 0.4432265000884519 7.695343471525379
979 0.4432265000884519 2.9723688174055303
980 0.4432265000884519 0.44483797676333603
981 0.4432265000884519 4.588588893287873
982 0.4432265000884519 5.409306929560005
983 0.4432265000884519 2.124730884311381
984 0.4432265000884519 3.8717430510405446
985 0.4432265000884519 6.442978284346026
986 0.4432265000884519 0.4451742337526723
987 0.4432265000884519 2.2609526914686207
988 0.4432265000884519 3.4343442830324222
989 0.4432265000884519 5.152182858454629
990 0.4432265000884519 3.114334867029483
991 0.4432265000884519 1.7112078803480777
992 0.4432265000884519 3.536614177591774
993 0.4432265000884519 2.4000880885513785
994 0.4432265000884519 2.0257536227715613
995 0.4432265000884519 3.5458897569639753
996 0.4432265000884519 1.8678941106693943
997 0.4432265000884519 1.8121334900120387
998 0.4432265000884519 2.015409675565645
999 0.4432265000884519 2.221052009085424
