# iteración mejor promedio
0 117.97649097983336 296.23182499268637
1 113.1091207442286 279.58376552765066
2 105.63248210289402 261.3743565796522
3 58.018929256639176 229.9175427662605
4 36.96228301222779 203.03953967690984
5 32.64568824790446 176.16091574876307
6 30.644585174479115 145.5935107607697
7 20.237018036501148 113.94019140910376
8 20.237018036501148 100.88877904493236
9 18.68723821010146 74.91489299535769
10 15.990896113022742 60.662883318469305
11 12.322618229975593 53.429019423453774
12 9.58056203737093 41.53079315054651
13 7.4339537144248755 30.928159809276366
14 7.4339537144248755 31.28907093209567
15 5.981010607665256 24.27633431843305
16 5.470703610347946 24.920534944626457
17 4.948020874887584 14.473966373199417
18 4.948020874887584 15.208916356394763
19 4.51828115255991 14.333231513691526
20 4.51828115255991 14.785492667970107
21 4.212850343394637 11.485510333191112
22 4.212850343394637 11.496483716827699
23 4.212850343394637 8.842099671097829
24 4.212850343394637 9.045742038775584
25 3.9323625534975215 11.278608045613385
26 3.635256079044482 11.39929828772731
27 3.146306319575957 7.422643868948171
28 3.146306319575957 9.947010371354597
29 3.146306319575957 8.451312366784473
30 3.146190779188034 9.252198491800273
31 2.3011540132613075 6.319705203267076
32 2.3011540132613075 8.164311245069166
33 2.3011540132613075 6.647732292695732
34 2.3011540132613075 4.709980488068484
35 2.3011540132613075 4.972318092886183
36 2.2859517223882255 5.029353620205932
37 2.249717316693663 6.0221977941080045
38 2.172569750770801 4.693311718876114
39 2.14052450013315 4.960952327184271
40 2.1133234809399406 4.728805327312644
41 2.1133234809399406 8.415965503993702
42 2.066601884540062 6.194513767702317
43 2.0635253340404907 4.729106437061492
44 2.0105864642830684 6.222485171011735
45 2.0105864642830684 2.619228929318877
46 2.003081533764284 5.720473556842791
47 1.9829546977728125 2.51867431671764
48 1.9829546977728125 2.455431135000374
49 1.9829546977728125 3.272834271263517
50 1.9829546977728125 3.2483111545814007
51 1.9803441498360201 4.431201579214332
52 1.9803441498360201 3.2396516417894015
53 1.9803441498360201 4.871145543322113
54 1.9803441498360201 9.778101792274732
55 1.9803441498360201 8.020364339886207
56 1.9803441498360201 7.350971045711051
57 1.9803441498360201 5.342457649074237
58 1.9757281536447475 4.653055306698536
59 1.9757281536447475 4.441792169565832
60 1.9757281536447475 4.04204710528116
61 1.9757281536447475 3.5845886865367937
62 1.9757281536447475 2.2744412533986473
63 1.9757281536447475 4.140424580639704
64 1.9757281536447475 4.30019123039927
65 1.9757281536447475 6.665720508303703
66 1.9757281536447475 3.498867567940351
67 1.9623847683450646 6.6262851764753625
68 1.9623847683450646 4.631666937348741
69 1.9584498431789146 4.899281126692933
70 1.9584498431789146 6.607463932052679
71 1.9584498431789146 4.652576839866731
72 1.9582479411807108 2.1931297973758563
73 1.9582479411807108 4.523642317493305
74 1.9582479411807108 4.676540720848797
75 1.9582479411807108 4.033231353666243
76 1.9582479411807108 4.060548484621204
77 1.9582479411807108 2.997796280036763
78 1.9582479411807108 3.7750990045396935
79 1.9582479411807108 2.1068823561409125
80 1.9582479411807108 5.211861702117215
81 1.9581950859249637 2.630469841649102
82 1.9581950859249637 7.192856455511741
83 1.9581950859249637 3.6509743408812922
84 1.9534529627063337 6.0183802248077765
85 1.9534529627063337 3.7976021237527147
86 1.9534529627063337 4.166138973178953
87 1.9516322222180178 2.9063944968728026
88 1.9516322222180178 2.065966135444951
89 1.9516322222180178 6.12277929370046
90 1.9516322222180178 2.9813306531311503
91 1.9516322222180178 5.129794352025597
92 1.9516322222180178 5.042480979989495
93 1.9516322222180178 4.636787629042635
94 1.9516322222180178 3.3640070298351272
95 1.9516322222180178 2.3484611686503603
96 1.9516322222180178 3.7688854885662124
97 1.9516322222180178 3.459359821186005
98 1.9516322222180178 4.308465647277916
99 1.9516322222180178 2.4242026112714803
100 1.9516322222180178 6.521029033977837
101 1.9516322222180178 2.0587721909661107
102 1.9516322222180178 3.2978791460877237
103 1.9516322222180178 2.5988110375609814
104 1.9516322222180178 4.5302600303705445
105 1.942610832618453 7.403816152154935
106 1.942610832618453 3.643525928039881
107 1.942610832618453 4.579251071130422
108 1.91929560810264 3.4595278195602934
109 1.907202218847674 4.738553634135609
110 1.88929328111431 3.1284758445631566
111 1.88929328111431 2.1422573448555333
112 1.660749668634713 4.182738249717554
113 1.660749668634713 2.7850117274928206
114 1.660749668634713 3.7437146452666137
115 1.6605780825124508 6.500155574981286
116 1.6605780825124508 3.5989798867956178
117 1.6605780825124508 1.9987518925528238
118 1.6605780825124508 3.893345319824318
119 1.6605780825124508 3.4895343687469893
120 1.6605780825124508 2.006036582432296
121 1.6605780825124508 2.674060534050379
122 1.6605780825124508 4.025499346744067
123 1.660565135558363 2.01706794808358
124 1.6605089218056257 3.142174218003301
125 1.6048859280511083 5.138922175721388
126 1.6048859280511083 3.4327911035253065
127 1.6025970830578764 4.766794449073949
128 1.6025970830578764 4.570395664481766
129 1.558360435992852 4.788746236815237
130 1.5434165184376714 1.9951528609232199
131 1.5434165184376714 1.9999548560018985
132 1.525758331959271 6.036990630868923
133 1.525758331959271 3.0690952195792107
134 1.525758331959271 5.138796193724886
135 1.5246426747407946 3.1465468835362778
136 1.5147484430462692 3.576869715249694
137 1.5147484430462692 5.410437850280101
138 1.5147484430462692 7.087398814368418
139 1.5108725056636878 3.8219052696831586
140 1.5108725056636878 2.5355299612682294
141 1.5103383033037754 2.612954886957874
142 1.5090564704463572 1.8494199632278492
143 1.5090564704463572 2.1827351723892043
144 1.507038412061259 3.742161738949483
145 1.507038412061259 5.556145578994671
146 1.507038412061259 5.029256961042237
147 1.5019537479817813 9.225338523083161
148 1.5019537479817813 4.183971412717443
149 1.5019537479817813 2.8788813647325178
150 1.5019537479817813 4.78664718289939
151 1.4951722413718624 3.226566163702458
152 1.4951722413718624 3.957285643838179
153 1.4877747760693565 3.3884216520427723
154 1.4877747760693565 6.172830020676121
155 1.487748395652841 3.3596007361309517
156 1.487748395652841 2.502713796278986
157 1.487748395652841 2.8127985555843056
158 1.487748395652841 1.606084331576756
159 1.487748395652841 1.6573972802066061
160 1.487748395652841 4.4805641043407345
161 1.487748395652841 2.5188951758754494
162 1.487748395652841 2.077760714661125
163 1.487748395652841 3.941155873932966
164 1.487748395652841 4.338388104036425
165 1.487748395652841 4.561371355023374
166 1.486992058690601 3.641975645750321
167 1.486992058690601 2.6592315738153944
168 1.486992058690601 5.630278154590902
169 1.4858396294233753 4.819746476994602
170 1.4858396294233753 1.956954484069806
171 1.4858396294233753 1.7958432919214544
172 1.4858396294233753 2.5086553843776938
173 1.4858396294233753 6.788461644122449
174 1.411407579225855 10.106203254295023
175 1.411407579225855 3.4008024525503875
176 1.411407579225855 1.9034040762628714
177 1.411407579225855 5.606048056711528
178 1.411407579225855 3.1674772319382574
179 1.4081487264011043 3.030237038044999
180 1.4081465848188337 3.2216466805132393
181 1.4081465848188337 1.7400970094328472
182 1.407480984187819 1.5486593853566317
183 1.407480984187819 1.8604898483609968
184 1.407480984187819 4.731965518757947
185 1.407480984187819 2.0728610078652183
186 1.365502884463569 1.9387683503329995
187 1.3510657077884447 2.3861869724714624
188 1.3510657077884447 3.715097550441657
189 1.3510657077884447 3.151187197783666
190 1.3510657077884447 1.6084643728466483
191 1.3510657077884447 3.0806965802389654
192 1.3510657077884447 1.7345198545940708
193 1.3510657077884447 2.449495223647828
194 1.3510657077884447 2.492978676514399
195 1.3510657077884447 7.302451276934953
196 1.3156615928332804 1.5547351107202636
197 1.3156615928332804 2.2460231745707064
198 1.2927936257631556 3.80603244414033
199 1.2927936257631556 2.2049061719230982
200 1.2871482261582599 1.5789686734226753
201 1.2871482261582599 1.8019058520989177
202 1.2871482261582599 2.3778971765448604
203 1.2863577277501579 2.832676330218312
204 1.2863577277501579 1.6879957508321608
205 1.2863577277501579 2.411293941813364
206 1.2863577277501579 1.7000307521380986
207 1.2863577277501579 1.5194148034277186
208 1.2863577277501579 3.951857432118118
209 1.2856816874107968 5.190424510067387
210 1.2740368826712483 2.5688074586216243
211 1.2740368826712483 2.8925372500821727
212 1.2730513338338323 2.154809105582305
213 1.2730513338338323 3.3630329639229677
214 1.2424708770151818 1.6836082951566922
215 1.2424708770151818 1.9803049668730752
216 1.2424708770151818 10.747410233939561
217 1.2408424339666304 4.726428147892184
218 1.2408424339666304 2.8735335167634024
219 1.235513687895681 5.950523432222777
220 1.235513687895681 4.792650736639384
221 1.2340575878558306 3.822218652765756
222 1.2340575878558306 3.661631079569462
223 1.2340575878558306 6.218178498910491
224 1.2340575878558306 2.4826867707782347
225 1.2340575878558306 1.847194860990581
226 1.2340575878558306 1.94254903170115
227 1.2340575878558306 2.2258848042568458
228 1.2340575878558306 3.6868900023546503
229 1.2340575878558306 4.407177852589036
230 1.2325553862623364 5.592309129331114
231 1.2325553862623364 1.731954681865139
232 1.2325553862623364 6.887310831848822
233 1.2184376464476014 4.764717226192923
234 1.2184376464476014 2.6870674663267646
235 1.2184376464476014 5.678973470041115
236 1.2184376464476014 6.730103703171287
237 1.2184376464476014 2.28498751137441
238 1.2184376464476014 4.7061115618468605
239 1.2184376464476014 4.110999301213699
240 1.2184376464476014 6.5050607649556165
241 1.2184376464476014 7.082256364255633
242 1.2184376464476014 6.876022344921369
243 1.2184376464476014 2.500247398562969
244 1.2184376464476014 1.390617260847035
245 1.2184376464476014 5.504563526411704
246 1.2184376464476014 7.835891499961832
247 1.2184376464476014 1.6609585080231022
248 1.2184376464476014 1.4947314275768133
249 1.2184376464476014 6.0023021019434
250 1.2184376464476014 3.707929980420874
251 1.2184376464476014 1.654177054984291
252 1.2184376464476014 2.856853270598626
253 1.2184376464476014 2.2923953281838214
254 1.2184376464476014 2.72036440782319
255 1.2184376464476014 1.779264233974176
256 1.2184376464476014 3.0505671951578455
257 1.2184376464476014 3.944559044980654
258 1.2095277842758954 7.308190292313529
259 1.2095277842758954 5.6903726666291075
260 1.2095277842758954 2.1776352036014583
261 1.2095277842758954 6.233460629480207
262 1.2095277842758954 4.13309456493203
263 1.2087124821538204 1.3256813843961328
264 1.2087124821538204 4.413229322273377
265 1.2087124821538204 2.7562701801691025
266 1.2057549827503617 2.6546394723350573
267 1.2019743887986232 4.036795386884869
268 1.1999071107053167 7.225328722828533
269 1.1999071107053167 5.040331251442526
270 1.1999071107053167 1.3210882409232514
271 1.1953227155034258 4.044920502228609
272 1.188895013877629 5.0934022885403705
273 1.188895013877629 2.148273692461794
274 1.1883067264838219 4.096248766268946
275 1.1883067264838219 4.499718224966755
276 1.1846041484050922 3.869933533445687
277 1.1846041484050922 2.022980420638128
278 1.1846041484050922 2.5696889525518976
279 1.1846041484050922 2.863423179159713
280 1.1846041484050922 2.195576398168912
281 1.1843119298250866 4.575627256202053
282 1.1843119298250866 1.3059222305100227
283 1.1843119298250866 1.3116458778247049
284 1.1843119298250866 1.3144084582022515
285 1.1843119298250866 1.3125128357700016
286 1.1832821732473144 3.115610654016091
287 1.1832821732473144 2.245295134906539
288 1.1832821732473144 2.8836510326715343
289 1.1832821732473144 1.3394612423134515
290 1.1832821732473144 2.1728844459248875
291 1.1832821732473144 2.565299697970299
292 1.1832821732473144 3.2905696928519057
293 1.1832821732473144 1.5047970855503234
294 1.1832821732473144 3.243315362547614
295 1.1832821732473144 3.329070177756945
296 1.1832821732473144 2.2254303718136477
297 1.1832821732473144 5.100117798082054
298 1.1832821732473144 1.3927201811006527
299 1.1832821732473144 2.975918520689379
300 1.1832821732473144 1.2872211189268472
301 1.1832821732473144 2.1669931242293026
302 1.1832821732473144 2.5560638958142503
303 1.1832821732473144 1.289299687195748
304 1.1832821732473144 1.5526519056843193
305 1.1832821732473144 2.8823876422232786
306 1.1832821732473144 2.889630721839589
307 1.1832821732473144 3.0410449764679486
308 1.1832821732473144 2.15737723885613
309 1.1832821732473144 4.463163879030683
310 1.1832821732473144 2.3856010227193027
311 1.1832821732473144 2.7150722339719353
312 1.1832821732473144 3.1096127731769854
313 1.1832821732473144 3.710802013336281
314 1.1832821732473144 2.5116455037078085
315 1.1832821732473144 1.287363748184331
316 1.1832821732473144 2.163029024844758
317 1.1832821732473144 2.0315294220155073
318 1.1832821732473144 6.9028721569319025
319 1.1832821732473144 1.4790367652009249
320 1.1832821732473144 3.0184605311710175
321 1.1832821732473144 1.6769128881200195
322 1.1832821732473144 2.487012149586453
323 1.1832821732473144 3.0073627920231614
324 1.1832821732473144 6.08286095009783
325 1.1832821732473144 3.7310497378262153
326 1.1827355978245722 1.4911050320857004
327 1.1827355978245722 2.5047991936502165
328 1.1827355978245722 4.192464992492997
329 1.1827355978245722 6.830034882383371
330 1.1827355978245722 2.8159820363676626
331 1.1827355978245722 5.957714493599411
332 1.1827355978245722 1.946718650055419
333 1.1827355978245722 1.6437920795793297
334 1.1827355978245722 2.223036141063531
335 1.1827355978245722 3.9245641424462696
336 1.1827355978245722 2.362557007984177
337 1.1827355978245722 1.2257244206833784
338 1.1827355978245722 2.1437823336893267
339 1.1826684496066162 1.2642520840456
340 1.1826684496066162 1.2306179322089754
341 1.1826684496066162 1.235187170856626
342 1.1826684496066162 3.2659805779269404
343 1.1826684496066162 3.2384445780923476
344 1.1826684496066162 2.143371426932714
345 1.1826684496066162 2.8136819938860986
346 1.1826684496066162 1.221543788604071
347 1.1826684496066162 1.218707708443595
348 1.1826684496066162 1.884569212131583
349 1.1826684496066162 1.2186361526130762
350 1.1826684496066162 1.2153966746420923
351 1.180527821260219 7.516014295884529
352 1.1804520881854754 3.5721067680397782
353 1.1804520881854754 1.2110254957258864
354 1.1804520881854754 1.4523030172075844
355 1.1804520881854754 2.335137474229398
356 1.1804520881854754 1.472789610041197
357 1.1802690829144522 3.7948067775757774
358 1.1787372062421833 1.2023055927407347
359 1.1787372062421833 1.1998745412813674
360 1.1786549244672768 1.201814017425817
361 1.1786549244672768 3.6272711224774814
362 1.1786549244672768 3.6765109717718913
363 1.1779263373386173 3.438941900071973
364 1.1779194257560515 3.775793311274419
365 1.1779159781126431 7.564660133998293
366 1.1779159781126431 5.836555469868517
367 1.1779159781126431 2.2947450654769646
368 1.1779159781126431 2.913171895857421
369 1.1779159781126431 2.0719248515329287
370 1.1779159781126431 1.196463642248151
371 1.1779159781126431 2.0153310145289876
372 1.1779159781126431 2.937310077569501
373 1.1779159781126431 1.1973166974874736
374 1.1779159781126431 1.199908559471516
375 1.1777097283670703 2.543362114027129
376 1.1777097283670703 2.0736132752284386
377 1.1777097283670703 2.0749292036024447
378 1.1777097283670703 3.4523349854126173
379 1.1777097283670703 2.3220523145331886
380 1.1777097283670703 3.180132526631128
381 1.1777097283670703 1.2028930768497335
382 1.1777097283670703 1.202483166670828
383 1.1777097283670703 1.2012023298665522
384 1.1777097283670703 1.1987704493695666
385 1.1777097283670703 2.294251236801253
386 1.1777066284136322 2.078031602326514
387 1.1777066284136322 1.2060707703268634
388 1.1777066284136322 6.704484283251145
389 1.1777066284136322 2.697273731612148
390 1.1777066284136322 1.6895822844911939
391 1.1777066284136322 1.6339397541782534
392 1.1777066284136322 3.904490341902197
393 1.1777066284136322 1.561387674079285
394 1.1777066284136322 1.4414919499178627
395 1.1777066284136322 3.5588455569241044
396 1.1777066284136322 1.2062089606279365
397 1.1777066284136322 1.21959976598498
398 1.1777066284136322 4.148935385008473
399 1.1777066284136322 1.432938261371885
400 1.1777066284136322 1.206168405373874
401 1.1777066284136322 2.1521038359229343
402 1.1777066284136322 3.082760321275877
403 1.1777066284136322 1.2052703262319084
404 1.1777066284136322 7.576371344545428
405 1.1777066284136322 1.4469221897627866
406 1.1777066284136322 4.704027258879761
407 1.1777066284136322 3.1843307619701857
408 1.1777066284136322 1.9220967186952604
409 1.1777066284136322 1.4049746436655304
410 1.1549381241753622 2.4243807529392005
411 1.1379351089600365 4.466521989460882
412 1.1379351089600365 2.571425029098092
413 1.1379351089600365 2.794398840487341
414 1.1379351089600365 5.425720766040978
415 1.1379351089600365 2.069269978743353
416 1.1379351089600365 2.5405493000986974
417 1.1379351089600365 1.7820634642392355
418 1.1144111958865854 1.4422309327092941
419 1.1144111958865854 1.3728775200276397
420 1.1144050040928917 4.0216074958005565
421 1.1144050040928917 4.335105249346895
422 1.1144050040928917 5.153769204061007
423 1.1144050040928917 5.029676322079228
424 1.1144050040928917 2.2654424046158153
425 1.1144050040928917 2.987983686680019
426 1.1143885835206422 1.4564803198776182
427 1.1143885835206422 5.099253649095367
428 1.1143885835206422 5.771129317037389
429 1.1143885835206422 4.442904297220284
430 1.1143885835206422 1.4101495646675044
431 1.1143885835206422 2.7823962046934865
432 1.1143885835206422 2.1767874021881775
433 1.1143885835206422 4.318836567688398
434 1.1143885835206422 2.0775754756590477
435 1.1143885835206422 3.1349537358861004
436 1.1143885835206422 1.6186516862284597
437 1.0931571724366187 4.317319447832301
438 1.0931571724366187 1.1883569474912468
439 1.0924462785552511 3.5701120098430414
440 1.0924462785552511 1.1820079874223932
441 1.0924462785552511 6.73009565588042
442 1.0924462785552511 4.5522833226310695
443 1.0924462785552511 2.2679809360998524
444 1.0924462785552511 1.6757689319090447
445 1.0924462785552511 5.496409252599303
446 1.0924462785552511 1.163846458595799
447 1.0924462785552511 2.0401217258286013
448 1.0924462785552511 2.143644317088647
449 1.0924462785552511 4.724496714744332
450 1.0924462785552511 2.4937811408470694
451 1.0924462785552511 1.167255174112076
452 1.0924462785552511 1.168762135754803
453 1.0924462785552511 1.877233639125302
454 1.0924462785552511 1.1645783609142275
455 1.0924462785552511 3.4958829538989944
456 1.0924462785552511 1.695800737578748
457 1.0924462785552511 6.5681942413013505
458 1.0924462785552511 4.461735756668963
459 1.0924462785552511 1.1573533261777147
460 1.0924462785552511 1.8735742228816188
461 1.0924462785552511 1.1513561640912646
462 1.0924462785552511 3.905619875828382
463 1.0924462785552511 4.20726736842559
464 1.0924462785552511 1.8351372407181445
465 1.0924462785552511 4.61200282875669
466 1.0924462785552511 2.066323422560712
467 1.0924462785552511 1.166864328940873
468 1.0924462785552511 4.725055335225469
469 1.0924462785552511 4.726812808902761
470 1.0924462785552511 1.170305736158842
471 1.0924462785552511 2.835328028995948
472 1.0924462785552511 1.1618300883391461
473 1.0924462785552511 1.1561308260559935
474 1.0924462785552511 1.3903550399067681
475 1.0924462785552511 1.549482088280454
476 1.0924462785552511 3.3443619775794575
477 1.0924462785552511 3.350854315358398
478 1.0924462785552511 2.3580421395938598
479 1.0924462785552511 4.84470579321353
480 1.0924462785552511 4.306343304012213
481 1.0924462785552511 1.6914457686210873
482 1.0924462785552511 4.426476531574425
483 1.0924462785552511 3.7742649659867133
484 1.0924462785552511 1.4083183788399274
485 1.0924462785552511 4.66623908334526
486 1.0924462785552511 2.296550694704688
487 1.0924462785552511 2.3133759867548833
488 1.0924462785552511 3.7211353278631076
489 1.0924462785552511 1.1259804543934278
490 1.0924462785552511 4.360577391953154
491 1.0924462785552511 1.6028653532170194
492 1.0924462785552511 3.0491862403548247
493 1.0924462785552511 1.9981904062476843
494 1.0924462785552511 1.3522650368553177
495 1.0924462785552511 4.258347910213172
496 1.0924462785552511 1.1122114903462494
497 1.0924462785552511 2.8278259923969067
498 1.0924462785552511 1.1082014563455176
499 1.0924462785552511 1.3916396941547138
500 1.0924462785552511 1.1071517114345684
501 1.0924462785552511 1.6285356206510178
502 1.0924462785552511 1.3668353351481677
503 1.0871725261307346 2.651231395014966
504 1.0871725261307346 5.535312037685404
505 1.0871725261307346 2.242217281102945
506 1.0871725261307346 7.294113434859594
507 1.0871725261307346 3.0767672425417256
508 1.0871725261307346 2.0766398320732855
509 0.9801900925294225 2.547754374610551
510 0.9801900925294225 4.988400967426624
511 0.9801900925294225 2.340955795412308
512 0.9801900925294225 9.904907322608683
513 0.9801900925294225 6.219630192656564
514 0.9622344426292757 2.818624739085992
515 0.9622344426292757 4.822097920091623
516 0.9622156956962298 1.0942706926847776
517 0.9622156956962298 1.8050731912441154
518 0.9622080731759972 2.8205168211169096
519 0.9622080731759972 1.815873277435748
520 0.9622080731759972 4.259948699615886
521 0.9621557421304731 1.5789819756590702
522 0.9621557421304731 1.7725288740317255
523 0.9621481192825889 4.374834637481619
524 0.9621481192825889 1.621506249931809
525 0.9621481192825889 1.9481546715751363
526 0.9621481192825889 4.801007561730027
527 0.9610723241388195 1.504606044663842
528 0.9595658330430186 1.3652386188966146
529 0.959471178296373 1.287089723351111
530 0.959471178296373 1.3049525743064467
531 0.959471178296373 1.3332260773242965
532 0.959471178296373 1.5345349783855426
533 0.959471178296373 2.423393446398226
534 0.959471178296373 1.2650229036030294
535 0.959471178296373 2.343400811259569
536 0.959471178296373 1.019705948219067
537 0.959471178296373 1.348342848119189
538 0.959471178296373 2.9024617422271013
539 0.959471178296373 9.720679787478366
540 0.959471178296373 1.26506982518255
541 0.959471178296373 1.0058987188648283
542 0.959471178296373 4.049849516723064
543 0.959471178296373 1.2525562862402875
544 0.959471178296373 1.0086837349380497
545 0.959471178296373 1.631451788458551
546 0.959471178296373 3.6263336402833874
547 0.959471178296373 2.1378102713869547
548 0.959450756488621 2.577104942149526
549 0.959450756488621 2.1420129677909894
550 0.9593637311443199 5.890937123724842
551 0.9593637311443199 4.06202923771087
552 0.9593637311443199 0.9806150698639687
553 0.9593637311443199 2.9176952040061748
554 0.9593637311443199 4.745901085283565
555 0.9593637311443199 0.9841083462023201
556 0.9593637311443199 1.7532025522558181
557 0.9593637311443199 2.1160525101417447
558 0.9593637311443199 2.3547859435695715
559 0.9593637311443199 0.9790485170219921
560 0.9593637311443199 3.470970054734535
561 0.9593637311443199 2.2522066365224376
562 0.9593637311443199 4.712182539690004
563 0.9593637311443199 4.428665664205776
564 0.9593637311443199 1.3396458704147098
565 0.9593637311443199 6.138603731462727
566 0.9593570419412959 1.344253046700305
567 0.9593570419412959 5.165725128143935
568 0.9593570419412959 4.240374615485195
569 0.9593570419412959 2.91410047692349
570 0.9593570419412959 7.548291234375757
571 0.9593570419412959 2.713632276622174
572 0.9593570419412959 3.4154428709482887
573 0.9593570419412959 5.263566672707472
574 0.9593570419412959 1.859631304261369
575 0.9593570419412959 0.9687877942280224
576 0.9593570419412959 3.461989187179782
577 0.9593570419412959 1.8679335189083413
578 0.9593570419412959 1.3375607822629616
579 0.9593570419412959 1.710910181062309
580 0.9593570419412959 1.1984386983441864
581 0.9593570419412959 3.5254036212661912
582 0.9593570419412959 2.686448331356077
583 0.9593570419412959 0.966659092469484
584 0.9593570419412959 2.30236792227114
585 0.9593570419412959 0.9662865075306231
586 0.9593570419412959 2.2761074635786507
587 0.9593570419412959 4.423572253389126
588 0.9593570419412959 1.8508328883604859
589 0.9593570419412959 2.1039431569808205
590 0.9593570419412959 4.199187460608137
591 0.9593570419412959 1.8437337834655503
592 0.9593570419412959 1.5735391784925694
593 0.9593570419412959 2.043231337564833
594 0.9593570419412959 1.9072367302026032
595 0.9593570419412959 3.5125756247439814
596 0.9593570419412959 1.7333931510106861
597 0.9593570419412959 0.962593338903188
598 0.9593570419412959 1.4538190660817225
599 0.9593570419412959 2.4589109905877877
600 0.9593570419412959 4.139959683560809
601 0.9593570419412959 8.467473614399394
602 0.9593570419412959 1.6243045198579689
603 0.9593570419412959 2.7116484472795497
604 0.9593570419412959 2.862941555138051
605 0.9593570419412959 1.7413278933624374
606 0.9593570419412959 0.9634381357894766
607 0.9593570419412959 3.2977877372694153
608 0.9593570419412959 2.027056517727271
609 0.9593570419412959 5.013704264421546
610 0.9593570419412959 2.3319999168895507
611 0.9593570419412959 4.207433066077764
612 0.9593570419412959 1.5700324674629151
613 0.9593570419412959 0.9612881257243708
614 0.9593570419412959 3.2125578760702656
615 0.9593570419412959 1.5401847444835353
616 0.9593570419412959 1.4601609705602823
617 0.9593570419412959 3.6172259238009667
618 0.9593570419412959 1.2156344707648903
619 0.9593570419412959 3.0849903718468106
620 0.9593570419412959 5.060891948040554
621 0.9593570419412959 2.2034540706146943
622 0.9593570419412959 3.774880535516329
623 0.9593570419412959 1.910869856734824
624 0.9593570419412959 5.9193157905105656
625 0.9593570419412959 2.6768924542359445
626 0.9593570419412959 0.9614328127709514
627 0.9593570419412959 0.9615243703943637
628 0.9593570419412959 0.9618715061051603
629 0.9593570419412959 3.1376622389018025
630 0.9593570419412959 2.6505738849304685
631 0.9593570419412959 1.7833364190987944
632 0.9593570419412959 0.9621433248175505
633 0.9593570419412959 2.2452970472976777
634 0.9593570419412959 0.9623092503428515
635 0.9593570419412959 2.410635469705684
636 0.9593570419412959 2.8144854501828216
637 0.9593570419412959 1.453947386761861
638 0.9593570419412959 5.0775180305597845
639 0.9593570419412959 0.9628386823897049
640 0.9593570419412959 3.7906270913076456
641 0.9593570419412959 1.4704696179702754
642 0.9593570419412959 1.8235800048673323
643 0.9593570419412959 0.9630853207469283
644 0.9593570419412959 2.3947004102139466
645 0.9593570419412959 0.9630222159512871
646 0.9593570419412959 3.0233693856167916
647 0.9593570419412959 1.75579623142549
648 0.9593570419412959 2.7532951781881723
649 0.9593570419412959 2.084459793118675
650 0.9593570419412959 2.3290664422292484
651 0.9593570419412959 5.864715147819277
652 0.9593570419412959 0.9614330315737422
653 0.9593570419412959 3.014138615557705
654 0.9593570419412959 3.550190238151689
655 0.9593570419412959 1.7553960694354507
656 0.9593570419412959 2.791116357017148
657 0.9593570419412959 2.7947606738055253
658 0.9593570419412959 2.76327844989744
659 0.9593570419412959 2.622309646098817
660 0.9593570419412959 3.1239713142426844
661 0.9593570419412959 0.964042913012738
662 0.9593570419412959 3.3934836722079185
663 0.9593570419412959 5.720087582683006
664 0.9593570419412959 1.0832124427285987
665 0.9593570419412959 2.3614512454882073
666 0.9593570419412959 4.624967779304231
667 0.9593570419412959 2.681678802095267
668 0.9593570419412959 0.9639770476563565
669 0.9593570419412959 0.9639880745826035
670 0.9593570419412959 1.4145488707148184
671 0.9593570419412959 5.459379357278835
672 0.9593570419412959 0.9629607282918138
673 0.9593570419412959 1.838973802372779
674 0.9593570419412959 2.07739395185049
675 0.9593570419412959 2.048567246125896
676 0.9593570419412959 2.5610707301333684
677 0.9593570419412959 2.2197396391904887
678 0.9593570419412959 1.7157284060814255
679 0.9593570419412959 1.8396678082825406
680 0.9593570419412959 0.962613434879669
681 0.9593570419412959 1.7781305468511803
682 0.9593570419412959 3.0225323147649554
683 0.9593570419412959 0.9622886889861428
684 0.9593570419412959 2.570497617393281
685 0.9593570419412959 1.9819131633588551
686 0.9593570419412959 8.275350325690185
687 0.9593570419412959 0.9620740396809689
688 0.9593570419412959 3.9937715611949227
689 0.9593570419412959 2.794431070062247
690 0.9537588982559873 1.8670614389131615
691 0.9537588982559873 3.5623192983198737
692 0.9535153141509872 1.6491609711820518
693 0.9467784775101591 4.192981246720704
694 0.9467784775101591 1.0159090247849958
695 0.9290249304887743 0.9707904954677697
696 0.8739527200005076 6.794561805497897
697 0.8719390869248576 0.9844051766157061
698 0.8296919213513121 2.3406778669454185
699 0.8296919213513121 0.9661720111660307
700 0.829647722386922 1.4966672654616235
701 0.829647722386922 2.6554810093415036
702 0.829647722386922 2.6446134933406995
703 0.829647722386922 1.6316056503841916
704 0.829647722386922 3.370532167014438
705 0.829647722386922 3.431317482290187
706 0.8295942519186692 1.7996472921343802
707 0.8295942519186692 1.3586898498919227
708 0.8295942519186692 1.1986384592662105
709 0.8295942519186692 0.943714243465694
710 0.8295942519186692 1.2365992246334179
711 0.8295942519186692 0.934971105675211
712 0.8295942519186692 1.1783047405359346
713 0.8295942519186692 3.089906000606382
714 0.8295942519186692 4.415685036814197
715 0.8295942519186692 5.536547119642551
716 0.8295942519186692 1.282095977996388
717 0.8295942519186692 2.314280867701517
718 0.8295942519186692 1.406531949825621
719 0.8295942519186692 1.4417279135436059
720 0.8295942519186692 5.714320049608794
721 0.8295942519186692 4.07815764051207
722 0.8295942519186692 1.6358759964753153
723 0.8295942519186692 4.209261896313396
724 0.8295942519186692 3.4013081163223706
725 0.8295942519186692 1.1036976516259396
726 0.8295942519186692 0.8582754363396181
727 0.8295942519186692 1.856318712045712
728 0.8295942519186692 1.1040489421097732
729 0.8295942519186692 3.1342703687320066
730 0.8295942519186692 2.3448599972037663
731 0.8295942519186692 1.0719788506305492
732 0.8295942519186692 2.6113775137199133
733 0.8295942519186692 0.8447812421767881
734 0.8295942519186692 8.025627389262098
735 0.8295942519186692 0.8446099332428645
736 0.8295942519186692 5.1850466558970165
737 0.8295942519186692 2.231873963679475
738 0.8295942519186692 5.670487999529416
739 0.8295942519186692 1.1023705823989536
740 0.8295942519186692 1.0654485550302037
741 0.8295942519186692 3.3203471855360327
742 0.8295942519186692 0.830285706213185
743 0.8295942519186692 1.7074689782112134
744 0.8295942519186692 5.041853340875442
745 0.8295942519186692 0.8300786894610808
746 0.8295942519186692 2.5816549880193067
747 0.8295942519186692 0.830098924603939
748 0.8295942519186692 2.1703023857185695
749 0.8295942519186692 2.467187616181116
750 0.8295942519186692 0.8300354134994922
751 0.8295942519186692 1.325913270525566
752 0.8295942519186692 1.3095001635436117
753 0.8295942519186692 1.2892464548813372
754 0.8295942519186692 0.8299200458576818
755 0.8295942519186692 1.5766927971744051
756 0.8295942519186692 1.658586609299054
757 0.8295942519186692 1.0692071041350424
758 0.8295942519186692 0.8298822408493658
759 0.8295942519186692 1.2060247619438038
760 0.8295942519186692 1.314680251090083
761 0.8295942519186692 1.7852658200236764
762 0.8295942519186692 0.8298294165024164
763 0.8295942519186692 2.1984024826517583
764 0.8295942519186692 2.2085999572988753
765 0.8295942519186692 2.65149611883469
766 0.8295942519186692 4.232257366992684
767 0.8295942519186692 3.342879086235584
768 0.8295942519186692 3.072037589229919
769 0.8295942519186692 0.8297753074981776
770 0.8295942519186692 2.672586741525052
771 0.8295942519186692 0.9498488997831995
772 0.8295942519186692 1.0312624950767322
773 0.8295942519186692 2.2577894835642787
774 0.8283224255480363 2.10833685705643
775 0.8283224255480363 1.1856633751979104
776 0.8283224255480363 2.9903948091968404
777 0.8283224255480363 0.8303347492192246
778 0.828315606114238 1.2912378933296205
779 0.828315606114238 0.8521576322677901
780 0.8272571113781647 2.6109237567154877
781 0.8272571113781647 5.427504245051859
782 0.8272571113781647 3.0968504106097328
783 0.8272571113781647 1.0684990665929193
784 0.8272571113781647 0.8299522018512501
785 0.827203332341913 1.770996565844402
786 0.8270804886778644 2.4423098111751425
787 0.8270804886778644 1.62639670451388
788 0.8270804886778644 1.0695833456135946
789 0.8270804886778644 1.9837134415735753
790 0.8270804886778644 2.5671177491076005
791 0.8270804886778644 0.8301168061233419
792 0.8270804886778644 0.8300459312503738
793 0.8270804886778644 1.7009229934635137
794 0.8270804886778644 2.085423454779488
795 0.8270804886778644 2.471314366281443
796 0.8270804886778644 2.878009583235596
797 0.8270804886778644 0.8299080750180353
798 0.8270804886778644 0.8298449378271178
799 0.8270804886778644 2.9841682727079
800 0.8270804886778644 2.8415670071112094
801 0.8270804886778644 4.482366441655697
802 0.8270736649854584 2.3527917009583494
803 0.8270736649854584 0.8296937804429579
804 0.8270736649854584 0.8296051986588608
805 0.8270736649854584 1.2793501743319369
806 0.8270736649854584 0.8295337375398393
807 0.8270736649854584 6.0399131261603065
808 0.8270736649854584 2.2875613952508926
809 0.8270736649854584 1.0741085775008221
810 0.8270736649854584 0.8293801442706288
811 0.8270736649854584 1.2790050142945228
812 0.8270736649854584 0.8294595030388169
813 0.8270736649854584 0.8294989992842001
814 0.8270736649854584 2.455315851742607
815 0.8270736649854584 2.1220749062512794
816 0.8270736649854584 1.7244713648847556
817 0.8270736649854584 1.0770445102344255
818 0.8270736649854584 5.0653301826832475
819 0.8270736649854584 4.290757337958413
820 0.8270736649854584 1.0097842397962038
821 0.8270736649854584 0.8321895348215612
822 0.8270736649854584 3.3574283426858424
823 0.8270736649854584 2.9517848306220293
824 0.8270736649854584 1.9654777602753832
825 0.8270736649854584 5.560971429255471
826 0.8270736649854584 5.549095578454463
827 0.8270736649854584 5.665482247868376
828 0.8270736649854584 3.528871606098845
829 0.8071252568471761 3.4784861591091665
830 0.8070688475375564 3.145455760884445
831 0.8070688475375564 3.5950547303149034
832 0.8064957429432646 1.9024241164890305
833 0.8064106089129903 7.80533569079794
834 0.8063915480987849 1.4959522083692716
835 0.8063915480987849 1.392357688221925
836 0.8063915480987849 1.3308074408631334
837 0.8029947972742919 1.4559685888085394
838 0.8029947972742919 1.6886561234012536
839 0.8029947972742919 2.771920098949123
840 0.8029947972742919 0.82766614678089
841 0.8029947972742919 0.8274963772806045
842 0.8029947972742919 2.8005845432098546
843 0.8011154377368073 2.2801122651115406
844 0.8011154377368073 1.6016956757013725
845 0.8011154377368073 0.825242891456707
846 0.8011154377368073 0.8254150295667675
847 0.8011154377368073 0.8255324015073348
848 0.8011154377368073 3.849148436686068
849 0.8011154377368073 2.2483173181585188
850 0.8011154377368073 2.1014287601160357
851 0.8011154377368073 2.046406775195464
852 0.8011154377368073 2.39124300377856
853 0.8011154377368073 0.8256085394186741
854 0.8011154377368073 3.15825074929072
855 0.8011154377368073 0.9811429411707698
856 0.8011154377368073 2.6704814322151633
857 0.8011154377368073 1.7118292821749883
858 0.8011154377368073 1.3616253798888571
859 0.8011154377368073 1.1767785913350466
860 0.8011154377368073 0.8253312561372548
861 0.8011154377368073 3.1483674598369515
862 0.8011154377368073 1.1162287521073475
863 0.8011154377368073 1.1361421413789474
864 0.8011154377368073 1.907571029005926
865 0.8011154377368073 0.8253078761613133
866 0.8011154377368073 1.6591531152361698
867 0.8011154377368073 3.7872353549489697
868 0.8011154377368073 2.866546974975775
869 0.8011154377368073 3.9337015904218218
870 0.8011154377368073 0.8216004979301574
871 0.8011154377368073 4.83444388203348
872 0.8011154377368073 1.3247174467189762
873 0.8011154377368073 2.0386746427861415
874 0.8011154377368073 0.8209307654031736
875 0.8011154377368073 1.2700319071514976
876 0.8011154377368073 1.3123352500042111
877 0.8011154377368073 1.2767098977981737
878 0.8011154377368073 4.1860304573194025
879 0.8011154377368073 0.8187774497759716
880 0.8011154377368073 2.42785126860123
881 0.8011154377368073 1.9414254740098102
882 0.8011154377368073 3.330712670580853
883 0.8011154377368073 0.8184486582384869
884 0.8011154377368073 2.209313746882828
885 0.8011154377368073 0.818235177260356
886 0.8011154377368073 1.6965842841786212
887 0.8011154377368073 1.2639793666167691
888 0.8011154377368073 0.820848399108159
889 0.8011154377368073 0.8207432058514615
890 0.8011154377368073 1.4114603039288744
891 0.8011154377368073 1.059862301019894
892 0.8011154377368073 0.8205551250591102
893 0.8011154377368073 5.821870965981596
894 0.8011154377368073 0.8191322800455311
895 0.8011154377368073 2.9949765965569606
896 0.8011154377368073 2.42610978400794
897 0.8011154377368073 0.820137307861198
898 0.8011154377368073 1.8104661838379121
899 0.8011154377368073 2.753360485363568
900 0.8011154377368073 2.670639088805487
901 0.8011154377368073 1.5966846681637108
902 0.8011154377368073 2.6672138920247903
903 0.8011154377368073 1.0583986187035734
904 0.8011154377368073 1.8223304055187495
905 0.8011154377368073 0.8190642434851014
906 0.8011154377368073 3.360380316256441
907 0.8011154377368073 0.8196149551695068
908 0.8011154377368073 1.2297909587888787
909 0.8011154377368073 0.8195683386585649
910 0.8011154377368073 4.526686590949722
911 0.8011154377368073 2.581359121586213
912 0.8011154377368073 4.941364277324604
913 0.8011154377368073 1.7252774769157333
914 0.8011154377368073 3.3397944234742103
915 0.8011154377368073 0.8184134950064759
916 0.8011154377368073 4.413058879075383
917 0.8011154377368073 3.2889022222094964
918 0.8011154377368073 1.6164724675076214
919 0.8011154377368073 2.5416494223971373
920 0.8011154377368073 0.8176440826921056
921 0.8011154377368073 0.8174079232919048
922 0.8011154377368073 0.8174401216391769
923 0.8011154377368073 0.8180355493703046
924 0.8011154377368073 0.8165623158354265
925 0.8011154377368073 3.233758006370853
926 0.8011154377368073 1.5857365587871248
927 0.8011154377368073 1.0927979722421481
928 0.8011154377368073 1.8795719384848295
929 0.8011154377368073 1.0581350792379292
930 0.8011154377368073 1.6943110225532372
931 0.8011154377368073 2.1612070153802376
932 0.8011154377368073 4.575053112115887
933 0.8011154377368073 5.090032030920891
934 0.8011154377368073 2.2184318045392253
935 0.8011154377368073 4.092767835847394
936 0.8011154377368073 3.059038507470167
937 0.8011154377368073 1.521889351671481
938 0.8011154377368073 0.817494251597854
939 0.8011154377368073 1.0565130412583315
940 0.8011154377368073 1.6931014870723968
941 0.8011154377368073 5.952551124224117
942 0.8011154377368073 3.3090422444116054
943 0.8011154377368073 4.804350746965921
944 0.8011154377368073 5.255215111026771
945 0.8011154377368073 1.5544388963726063
946 0.8011154377368073 2.2677754932615573
947 0.8011154377368073 1.7553294007745104
948 0.8011154377368073 0.8165292033949685
949 0.8011154377368073 0.8168114649226986
950 0.8011154377368073 4.409369331315439
951 0.8011154377368073 5.113106210859905
952 0.8011154377368073 3.897661834451684
953 0.8011154377368073 4.1732060590802895
954 0.8011154377368073 2.2071259988164926
955 0.8011154377368073 0.8163862131905385
956 0.8011154377368073 1.4879866633410201
957 0.8011154377368073 1.6974987819519292
958 0.8011154377368073 2.3701920879362506
959 0.8011154377368073 1.0402235110713793
960 0.8011154377368073 1.3217721762935672
961 0.8011154377368073 4.0157203125724745
962 0.8011154377368073 0.8127821974493523
963 0.8011154377368073 1.3693877554901663
964 0.8011154377368073 1.5465008609798931
965 0.8011154377368073 0.8133345516915358
966 0.8011154377368073 1.633007703109768
967 0.8011154377368073 4.457452923748915
968 0.8011154377368073 2.868436737375325
969 0.8011154377368073 0.8114626545988476
970 0.8011154377368073 6.012319075774269
971 0.8011154377368073 0.810601415631456
972 0.8011154377368073 1.8948766581537708
973 0.8011154377368073 3.4729371353204543
974 0.8011154377368073 3.3287585093846435
975 0.8011154377368073 4.360802064425413
976 0.8011154377368073 0.8109432323997762
977 0.8011154377368073 2.5090536464040154
978 0.8011154377368073 4.081844812454288
979 0.8011154377368073 4.7179672307478535
980 0.8011154377368073 0.8115905949078747
981 0.8011154377368073 0.8128417483426067
982 0.8011154377368073 0.8126190171995649
983 0.8011154377368073 0.8135792816308427
984 0.8011154377368073 2.5255220128068703
985 0.8011154377368073 0.8114186450815799
986 0.8011154377368073 2.9091608410063037
987 0.8011154377368073 1.0905808960903363
988 0.8011154377368073 1.4516168190501488
989 0.8011154377368073 3.077554879499396
990 0.8011154377368073 3.3784697583126255
991 0.8011154377368073 2.6475058873492214
992 0.8011154377368073 0.8084524356816956
993 0.8011154377368073 3.2070522924767415
994 0.8011154377368073 3.8213678821922077
995 0.8011154377368073 3.7942248479717056
996 0.8011154377368073 3.142364164981304
997 0.8011154377368073 1.283058879979987
998 0.8011154377368073 3.7750838372430735
999 0.8011154377368073 3.3142262731998
