# iteración mejor promedio
0 138.4794723425499 300.2601803845538
1 80.85449050159798 283.49276649194366
2 80.85449050159798 260.05818612142485
3 42.36318039635655 239.4814726087308
4 42.36318039635655 200.31853423542907
5 42.36318039635655 181.2246632167007
6 35.55849178792911 159.5287081881856
7 34.227174623961545 131.99956754192382
8 28.201168630666903 110.21412575867689
9 28.134764263448197 95.39461725407864
10 23.104221351385533 83.14436877387801
11 22.820119045158233 77.917727440851
12 20.57029500783043 60.9707968662195
13 18.466670652303268 55.91066464709899
14 18.27171866900195 49.2104025301599
15 18.172242604721028 42.12121641636762
16 16.068785094421738 34.1895527201776
17 15.980252500648641 30.45728389588891
18 13.213230263305043 32.7487584249247
19 13.213230263305043 30.54067320535166
20 12.84553428064982 32.90530921739794
21 11.823931817375477 30.049566041398283
22 11.17310260800646 26.529276224244708
23 11.17310260800646 27.048839492978008
24 10.938179751245709 29.199860809369174
25 9.429036437661736 27.620187393227358
26 8.73023758528701 23.189006750947637
27 8.297600368365412 19.73135740103502
28 6.6309194837580305 21.78135182335463
29 5.848568424493693 18.587526519135576
30 4.754211831794677 14.448757274884322
31 4.754211831794677 14.744587506919482
32 3.353430250280136 17.64702168789471
33 2.512098773101779 18.678088026812997
34 2.0697005915359536 14.907954522217535
35 1.8131299997762818 11.944217474070177
36 1.8131299997762818 7.310756165924886
37 1.7712072149855915 5.6799209632011785
38 1.7712072149855915 4.798782421084182
39 1.7712072149855915 9.534996625837751
40 1.7712072149855915 5.236870071434876
41 1.7349030892884303 5.994787787449781
42 1.7349030892884303 3.1889045909001394
43 1.7349030892884303 8.840018427010211
44 1.7349030892884303 6.338714196668518
45 1.611345720195074 4.748542445307293
46 1.611345720195074 7.861943426622886
47 1.6005751099950385 5.085973743968447
48 1.6005751099950385 8.809500514159337
49 1.6005751099950385 2.7759524251298755
50 1.5917815621705784 8.745138111465678
51 1.5917815621705784 6.464677076016203
52 1.5917815621705784 6.563953973781838
53 1.54437369854348 4.5947969257566506
54 1.54437369854348 5.628620216368891
55 1.5339384885518277 4.89986594342432
56 1.5339384885518277 6.895525818418934
57 1.5339384885518277 2.025010737911786
58 1.5339384885518277 5.668345017422077
59 1.5337981461273946 4.53241235344666
60 1.5337981461273946 4.6198667070361825
61 1.5337981461273946 4.546405858987817
62 1.5337981461273946 3.4605576914248224
63 1.5337981461273946 3.1268173335997536
64 1.5337981461273946 6.0903364668277336
65 1.5327853193718421 3.418780042944111
66 1.5314110642091554 4.186527286929756
67 1.5314110642091554 2.583172328845443
68 1.5129792748952493 4.384574393942952
69 1.5129792748952493 5.801502078093572
70 1.5091621968977316 3.291728476900764
71 1.5091621968977316 6.769906109004426
72 1.5091621968977316 3.6616928277027667
73 1.4979210814938109 3.7779042740426774
74 1.4979210814938109 3.8089300410232982
75 1.4979210814938109 2.652043174823049
76 1.4979210814938109 3.42651300693388
77 1.4593947298639751 8.864146038811857
78 1.4593947298639751 3.925883699602934
79 1.4593947298639751 5.893492120252107
80 1.4593947298639751 6.319674221849361
81 1.4593947298639751 9.556529475163714
82 1.4529762408349125 3.0122300803043305
83 1.4529762408349125 1.9392812213972652
84 1.4411684243081586 3.276986796693132
85 1.4411684243081586 1.890382414935639
86 1.4411684243081586 3.162628604648452
87 1.4396513184798143 2.820869776674831
88 1.415228645612592 2.13364531034285
89 1.415228645612592 2.0699260158484685
90 1.415228645612592 1.649511020810056
91 1.3982256207390578 1.6937086533918226
92 1.3982256207390578 4.636841170846175
93 1.3915667605085322 2.7755762688108097
94 1.3915667605085322 5.319291119233078
95 1.2476466486979916 1.7539633184912844
96 1.2476466486979916 3.26146906732252
97 1.2476466486979916 2.0861140343569806
98 1.2476466486979916 2.968873778856639
99 1.2476466486979916 5.5789236055657865
100 1.2476466486979916 4.0481578314738975
101 1.2476466486979916 2.167756410003295
102 1.2264167187342188 3.399309490324481
103 1.2264167187342188 2.4974655428786883
104 1.2264167187342188 3.1943048968560697
105 1.2264167187342188 3.9984527417316333
106 1.2201462711925055 1.591530925733669
107 1.2201462711925055 3.1148026414406345
108 1.2201462711925055 3.2634995841376577
109 1.2201462711925055 1.5986519627998044
110 1.2201462711925055 1.5999798758916504
111 1.2201462711925055 2.3009345756210333
112 1.2201462711925055 1.9205879052894599
113 1.2201462711925055 3.324366210029031
114 1.2201462711925055 1.598851420421316
115 1.2201462711925055 4.194844681218677
116 1.2201462711925055 4.866757826101417
117 1.1201460709863258 2.1951235852747546
118 1.1161070434443823 2.997542693792921
119 1.1161070434443823 1.7040792883993214
120 1.1157432734281598 1.570487567152468
121 1.1111484658360933 1.9247617296298085
122 1.1111484658360933 1.7913530129488322
123 1.095942836497809 4.509566973124637
124 1.095942836497809 1.957843885748661
125 1.095942836497809 3.6945048249165966
126 1.0924361021853688 4.257903083049228
127 1.0924361021853688 1.5388483195180351
128 1.0924361021853688 1.5296584465025547
129 1.0924361021853688 1.51963366189353
130 1.0924361021853688 3.3076628973563773
131 1.0924361021853688 3.3798464422780254
132 1.0924361021853688 3.402501609810605
133 1.0924361021853688 1.4943891183041558
134 1.0924361021853688 2.999050589189394
135 1.0924361021853688 6.823889130061566
136 1.0924361021853688 3.2581941659715468
137 1.0924361021853688 1.90144335189532
138 1.0924361021853688 3.9225517193419908
139 1.080099960336978 3.8020179784576764
140 1.080099960336978 1.9596347015714881
141 1.080099960336978 1.4527242579752864
142 1.043200548380618 4.132624364464421
143 1.043200548380618 1.436744977279718
144 1.043200548380618 3.0751262049863892
145 1.0224098608648196 1.4231815375017378
146 1.0224098608648196 3.515940258826058
147 1.0224098608648196 2.7621006680384563
148 1.0195537135551458 3.8830915980367195
149 1.0195537135551458 1.3739935088765167
150 1.018800570664595 2.6356829987207595
151 1.018800570664595 1.3532859548463734
152 1.0097575381190576 6.642983529057001
153 1.0097575381190576 3.5573330380920356
154 1.0097575381190576 3.1252423222666668
155 1.0017056003279117 2.3011734095699734
156 1.0015171814316364 1.7730405784789536
157 1.0015171814316364 2.5620305197467514
158 1.0007732675511147 3.1662074064691965
159 0.9985128331100694 2.3891023193034373
160 0.9985128331100694 1.340814862151125
161 0.9977525006068027 1.8974026415241625
162 0.9977525006068027 1.143034783120173
163 0.9977525006068027 3.709155829197851
164 0.9977525006068027 2.632431023062015
165 0.9977525006068027 4.044596618088937
166 0.9977525006068027 2.5358435008038374
167 0.9977525006068027 5.710724888835448
168 0.9977525006068027 1.3331846653708963
169 0.9967895702853028 1.662835153042517
170 0.9967895702853028 2.614774981294101
171 0.9967895702853028 6.531218175716873
172 0.9967895702853028 2.2475576745518886
173 0.9967895702853028 2.9517915621551696
174 0.9967895702853028 3.306973392734379
175 0.9967895702853028 1.0861635828655372
176 0.9967895702853028 1.5941001446307714
177 0.9967895702853028 2.6401971186996906
178 0.9967895702853028 1.7279511197252697
179 0.9967895702853028 1.3127417607372345
180 0.9967895702853028 3.465709246112216
181 0.9967670901581935 1.8045125641059183
182 0.9967595128641367 2.6454144644195225
183 0.9967595128641367 1.3031332389603743
184 0.9967595128641367 1.0540282873561275
185 0.9967595128641367 5.88835308149751
186 0.9967595128641367 2.591046778523139
187 0.9967595128641367 3.1827343129777965
188 0.9967595128641367 1.2721081501618048
189 0.9967595128641367 3.308855336413335
190 0.9967595128641367 1.04274703308766
191 0.9967595128641367 1.5585435659963174
192 0.9967595128641367 2.614305046851227
193 0.9967595128641367 1.0430952679718757
194 0.9967595128641367 1.044094230642955
195 0.9967595128641367 1.0414449498907674
196 0.9967595128641367 2.4583310699855687
197 0.9967595128641367 1.0417684260730053
198 0.9967595128641367 1.0422968132268928
199 0.9967595128641367 1.0421012022798126
200 0.9967595128641367 2.0494103561550934
201 0.9967595128641367 2.134810046999413
202 0.9967595128641367 2.763492831259204
203 0.9967595128641367 2.708332285388615
204 0.9967595128641367 2.345972393607781
205 0.9967595128641367 6.499540678786154
206 0.9967595128641367 1.0304631291774737
207 0.9967595128641367 1.0281136741417152
208 0.9967595128641367 1.03105434308917
209 0.9967595128641367 1.8176475669181602
210 0.9967595128641367 1.2443462120769249
211 0.9967595128641367 3.9383459235397877
212 0.9967595128641367 1.0157512442324679
213 0.9967595128641367 2.8723265622205827
214 0.9967595128641367 1.342526241169402
215 0.9967595128641367 1.0171649348063891
216 0.9967595128641367 1.0163904955215286
217 0.9967595128641367 3.100215745964826
218 0.9967595128641367 4.3493565811589345
219 0.9967595128641367 1.011554946034544
220 0.9967595128641367 1.9366125364387208
221 0.9967595128641367 2.9151710459629685
222 0.9967595128641367 1.0124382805312073
223 0.9967595128641367 1.009271159669545
224 0.9967595128641367 7.27045588315893
225 0.9967595128641367 2.82376079281942
226 0.9967595128641367 1.0051254300510555
227 0.9967595128641367 1.704091730464914
228 0.9967595128641367 3.2118790435966678
229 0.9967595128641367 1.803416801088055
230 0.9967595128641367 1.0059544932314395
231 0.9967595128641367 2.2703076528167125
232 0.9967595128641367 1.469973803813054
233 0.9967595128641367 1.5035514271023547
234 0.9967595128641367 2.446113541106943
235 0.9967595128641367 4.044022974275177
236 0.9967595128641367 2.132792981480295
237 0.9967595128641367 3.092009085124853
238 0.9967595128641367 3.204177628729755
239 0.9967595128641367 2.264880126281676
240 0.9967595128641367 5.8623039394322625
241 0.9967595128641367 1.0041525358767251
242 0.9967595128641367 4.6809014061108085
243 0.9967595128641367 2.1615660664827114
244 0.9967595128641367 2.110410630149906
245 0.9967595128641367 1.9019290880916615
246 0.9967595128641367 1.2348353692554879
247 0.9967595128641367 2.9941803253935446
248 0.9967595128641367 1.8920301860378796
249 0.9967595128641367 1.003397381783885
250 0.9967595128641367 3.4624402115629227
251 0.9593233343093733 7.515463940461561
252 0.9593233343093733 1.0056123716515593
253 0.8903752707443959 2.4132197349895095
254 0.8903752707443959 3.535256292710396
255 0.8903752707443959 4.541373053088755
256 0.8894353547995274 3.0446655617919545
257 0.8893275462894141 1.94360127335214
258 0.8755699882595266 1.9161168182887696
259 0.8715463263239185 4.516411052820041
260 0.8715463263239185 2.115479149840303
261 0.8715463263239185 3.1603062000662847
262 0.8715463263239185 4.8780264304838985
263 0.8683006758301168 1.453601845390041
264 0.8683006758301168 1.9345878868018895
265 0.8683006758301168 2.3685286670268955
266 0.8658506794353235 1.2226156571787075
267 0.8658506794353235 5.719533063872151
268 0.8658506794353235 2.1424643992694516
269 0.8658506794353235 1.6926308901864082
270 0.8658414078658734 2.583390112868271
271 0.8658414078658734 3.2812659465961196
272 0.8658414078658734 3.0698523823422925
273 0.8658414078658734 5.416764497720989
274 0.8658377250103089 2.0398657560590063
275 0.8658377250103089 4.048227503085216
276 0.8658377250103089 2.862624074615436
277 0.8658377250103089 0.9736903047066108
278 0.8658377250103089 3.1222753586073844
279 0.8658377250103089 5.015568114813916
280 0.8658377250103089 3.6095359940781786
281 0.8658377250103089 4.731407601208788
282 0.8658377250103089 1.7044675548927954
283 0.8658377250103089 4.093656309123895
284 0.8658377250103089 2.9082366592165294
285 0.8658377250103089 3.620812429681032
286 0.8658377250103089 3.224292806065193
287 0.8658377250103089 3.484180905326015
288 0.8658377250103089 3.876781455401748
289 0.8658118220656925 5.811021508032785
290 0.8658118220656925 3.961920953357144
291 0.8658118220656925 6.9168898461465185
292 0.865782173297354 3.232885582930103
293 0.865782173297354 3.14800644526316
294 0.865782173297354 3.392118348137067
295 0.865782173297354 1.4757186347399758
296 0.865782173297354 1.3877230658171955
297 0.865782173297354 3.2899693941974095
298 0.865782173297354 2.871545651337822
299 0.865782173297354 1.9729079896366768
300 0.8657650931850494 5.088271186794791
301 0.8657650931850494 2.8247777871545656
302 0.8657650931850494 4.647669318845002
303 0.8657650931850494 1.4406204489814494
304 0.8657650931850494 0.8829815887250956
305 0.8657650931850494 1.2901151154861927
306 0.8657650931850494 1.092432434200387
307 0.8657650931850494 0.9288650004834103
308 0.8657650931850494 2.0673352532433737
309 0.8657650931850494 0.8998791006851051
310 0.8657650931850494 1.392947913404913
311 0.8657650931850494 1.4494386263648784
312 0.8657633976295123 3.5377258626684154
313 0.8657633976295123 0.8789960535044227
314 0.8657558204434569 8.641819198294309
315 0.8657558204434569 0.8795283133239963
316 0.8657558204434569 1.6138804854139333
317 0.8657558204434569 5.165653832347544
318 0.8657558204434569 2.715749805941089
319 0.8657558204434569 2.3104522535856344
320 0.8657558204434569 0.8754433534904031
321 0.8657558204434569 1.102859698084621
322 0.8657517065100612 1.499195606210164
323 0.8657517065100612 1.9298977929476473
324 0.8657517065100612 1.7651132094671589
325 0.8657517065100612 2.070520505418507
326 0.8657517065100612 2.6416116682046877
327 0.8657517065100612 1.8861541115043943
328 0.8657517065100612 2.353603981317263
329 0.8657517065100612 1.0585830894608246
330 0.8657517065100612 1.112509665062262
331 0.8657517065100612 2.3316912047488154
332 0.8657517065100612 4.575239959174816
333 0.8655805188547526 1.7878775022289988
334 0.8652515775841221 4.383885112486362
335 0.8646755702196463 0.8790149358736983
336 0.8646631936897636 4.73135453096851
337 0.8646631936897636 4.762806212970789
338 0.8646631936897636 4.238654322690549
339 0.8646631936897636 1.2535345540407847
340 0.8646631936897636 4.348557640565887
341 0.8424291788905703 1.6300318884583305
342 0.8411177784273989 4.061046523445334
343 0.8411177784273989 1.0997277189876704
344 0.8411177784273989 0.8726232512531371
345 0.8411177784273989 0.872474735099039
346 0.8411177784273989 1.3450866149904155
347 0.8411177784273989 3.1554174723900332
348 0.8401586454979588 1.4141366474023567
349 0.8401586454979588 0.8714615479187928
350 0.8397342655022986 3.180610970621613
351 0.8397342655022986 1.3276546521181507
352 0.8397342655022986 1.330385311974116
353 0.8332332118496442 3.6327082978435543
354 0.8332332118496442 2.268069926264842
355 0.8332332118496442 1.6700577599513273
356 0.8332332118496442 1.7636532291385378
357 0.8329696362584011 2.1987476429129647
358 0.8329696362584011 0.8697558244036603
359 0.8329696362584011 2.731391591374373
360 0.8329696362584011 2.1785744582988458
361 0.8305487936550565 1.7029941195714422
362 0.8305487936550565 1.4371844982174877
363 0.8305487936550565 1.7937316119337903
364 0.8305487936550565 6.322889927228866
365 0.8305487936550565 5.635714807920519
366 0.8305272305709422 1.6358268252117798
367 0.8305272305709422 3.0847656157062664
368 0.8305272305709422 4.320543549187433
369 0.8305272305709422 3.8599741682550497
370 0.8305272305709422 0.8717041532074404
371 0.8305272305709422 1.3545797197345795
372 0.8305272305709422 2.287843375073731
373 0.830388446087361 1.3781258943878567
374 0.8301813430469035 0.8713803038663045
375 0.8301813430469035 0.8698258022588824
376 0.8301813430469035 2.4992633517991565
377 0.8301813430469035 2.0820277353178183
378 0.8301813430469035 0.8787658236844531
379 0.8301813430469035 1.7257746843469663
380 0.8301813430469035 1.7401717976352606
381 0.8301813430469035 2.475756156146637
382 0.830087994578061 0.8687734332145887
383 0.830087994578061 0.8781224905270207
384 0.8246671013688579 0.8722620654424719
385 0.8246671013688579 0.9927005328963143
386 0.8246671013688579 2.0639465053647275
387 0.8246671013688579 4.238597440591274
388 0.8235760185584851 3.3382305878505902
389 0.8230169395683189 0.8644072021817532
390 0.8230169395683189 1.5165767171591384
391 0.8230169395683189 1.8305433759533563
392 0.8230169395683189 1.5065696326787006
393 0.8230169395683189 1.270411279905304
394 0.8230129971656437 0.8625211382003394
395 0.8230129971656437 7.284695805312029
396 0.8225794493532681 1.083171500518938
397 0.8225794493532681 2.3294084230290037
398 0.8225794493532681 1.1052329690382912
399 0.818168727834745 4.516303151639541
400 0.8174257350199382 1.4094225485365812
401 0.8172289467341101 1.1300211355694625
402 0.8172289467341101 1.2207040298155096
403 0.8171973356099601 1.1161165275874065
404 0.8171973356099601 4.197667908291831
405 0.8167686285127636 1.310183127089446
406 0.8167686285127636 1.7291962054820582
407 0.8167686285127636 1.0794845673660147
408 0.816253973812867 1.2077950149732033
409 0.816253973812867 0.87476772401937
410 0.816253973812867 4.1130737687333
411 0.8156085268755477 1.9716451891261904
412 0.8156085268755477 3.4499625202816238
413 0.8156085268755477 5.493709103013909
414 0.8156085268755477 0.8943607860047972
415 0.8156085268755477 3.3862753025064105
416 0.8156085268755477 1.4016390079046783
417 0.8156085268755477 1.838855840011201
418 0.8156085268755477 4.497295240585969
419 0.8156085268755477 3.2202196971853736
420 0.8156085268755477 0.8717495718735977
421 0.8156085268755477 1.5662538111374926
422 0.8156085268755477 0.8611112551267311
423 0.8156085268755477 2.260094432653523
424 0.8156085268755477 1.3359988518463206
425 0.8156085268755477 2.9215607039738685
426 0.8155216562844201 5.167357004746436
427 0.8155216562844201 2.29436361014867
428 0.8155216562844201 1.7136780453718403
429 0.8155216562844201 3.7971553903955266
430 0.8154510415606566 0.8736182700877642
431 0.8154510415606566 1.828278518485537
432 0.8149825922237823 0.8453324394259645
433 0.8149825922237823 2.4564885121094813
434 0.8146232864195825 0.8611613880629996
435 0.8145700927697079 1.3128796078606095
436 0.8145700927697079 2.6263602127246894
437 0.8145700927697079 1.075471177850863
438 0.8145551086190186 1.35636097082352
439 0.8145551086190186 1.9128291924497713
440 0.8145551086190186 2.2963541116593826
441 0.8145551086190186 0.8341692934617677
442 0.8145551086190186 1.3526613825684097
443 0.8145031455679842 1.72891547465183
444 0.8144999448219005 2.03054727816282
445 0.8144999448219005 1.063090496005447
446 0.8144999448219005 2.3137487046130176
447 0.8144999448219005 1.020594251610448
448 0.8144999448219005 2.399988187330773
449 0.8144999448219005 0.825301627421135
450 0.8144999448219005 0.8649631507968835
451 0.8144999448219005 1.1043462105150312
452 0.8144999448219005 1.2560793038709577
453 0.8144999448219005 0.8245558544028682
454 0.8144999448219005 1.7364363902075652
455 0.8144999448219005 3.6996535022621244
456 0.8144999448219005 1.76519226801317
457 0.8144999448219005 8.473586768763433
458 0.8144999448219005 4.275188381695966
459 0.8144997449078205 0.8250447509704614
460 0.8144997449078205 1.2519677898619819
461 0.8144997449078205 3.1512583606578026
462 0.8144997449078205 1.287483539333646
463 0.8144997449078205 1.5457029832892937
464 0.8144997449078205 0.8467140737808326
465 0.8144997449078205 2.4768526722545974
466 0.8144997449078205 6.242192700090179
467 0.8144997449078205 4.117857398497702
468 0.8144997449078205 1.7228319923530215
469 0.8144997449078205 0.8223591502395082
470 0.8144997449078205 2.263827762220748
471 0.8144997449078205 1.18177956170885
472 0.8144997449078205 2.1734870381807094
473 0.8144997449078205 2.7274308029597076
474 0.8144997449078205 2.176686593432013
475 0.8144997449078205 1.0219919174021705
476 0.8144997449078205 2.3969015314952995
477 0.8144997449078205 0.8251570769428725
478 0.8144997449078205 4.244303956628263
479 0.8144997449078205 3.003908671113237
480 0.8144997449078205 0.864281113463816
481 0.8144997449078205 3.7738826133708665
482 0.8144997449078205 3.2299696315257065
483 0.8144997449078205 0.8309289885464411
484 0.8144997449078205 0.8284443015860213
485 0.8144997449078205 1.0556061102669627
486 0.8144997449078205 5.313496160501478
487 0.8144997449078205 1.2645639174662637
488 0.8144997449078205 3.295312018402298
489 0.8144997449078205 0.9790990972203925
490 0.8144997449078205 2.2823615020936208
491 0.8144997449078205 0.8296648350821964
492 0.8144997449078205 1.500734916599766
493 0.8144997449078205 4.281944505801608
494 0.8144997449078205 0.8287412777622286
495 0.8144997449078205 1.482128251626402
496 0.8144997449078205 3.4361344688056006
497 0.8144997449078205 1.6286627772314737
498 0.8144997449078205 2.5663975358099655
499 0.8144997449078205 2.5455833926019267
500 0.8144997449078205 3.628907122987844
501 0.8144997449078205 1.35502025365587
502 0.8144997449078205 2.68001629308076
503 0.8144997449078205 1.6840653244816317
504 0.8144997449078205 0.8299439199367395
505 0.8144997449078205 0.8239381285662194
506 0.8144997449078205 1.0775198861131343
507 0.8144997449078205 1.79551625123641
508 0.8144997449078205 2.310374815088956
509 0.8144997449078205 0.8231114825435835
510 0.8144997449078205 4.638960345032974
511 0.8144997449078205 0.8221661956925383
512 0.8144997449078205 0.8209471326224878
513 0.8144997449078205 1.5495324369857564
514 0.8144997449078205 1.8530062623574795
515 0.8144997449078205 2.8890865773678907
516 0.8144997449078205 0.8202031505349184
517 0.8144997449078205 6.713780348688473
518 0.8144997449078205 3.862159672120193
519 0.8144997449078205 4.243690580032098
520 0.8144997449078205 1.1917174294645947
521 0.8144997449078205 5.818131039322827
522 0.8144997449078205 4.1546058636939
523 0.8144997449078205 2.5336617460978332
524 0.8144997449078205 1.7362830636863722
525 0.8144997449078205 4.047931774336928
526 0.8144997449078205 0.8206115213022784
527 0.8144997449078205 4.168763754471041
528 0.8144997449078205 1.7195624851037263
529 0.8144997449078205 0.8262893821665486
530 0.8144997449078205 2.107010781118943
531 0.8144997449078205 3.6295597813724965
532 0.8144997449078205 4.467161813987484
533 0.8144997449078205 3.8606956020693253
534 0.8144997449078205 1.252699123463492
535 0.8144997449078205 4.196348410392924
536 0.8144997449078205 1.5778762935782824
537 0.8144997449078205 1.3587461767517608
538 0.8144997449078205 0.8197787511935363
539 0.8144997449078205 2.145578807661829
540 0.8144997449078205 0.8200072715194696
541 0.8144997449078205 2.219372280443196
542 0.8144997449078205 1.7195658131427713
543 0.8144997449078205 1.9561655545169083
544 0.8144997449078205 0.8196947428911265
545 0.8144997449078205 1.6865926479720355
546 0.8144997449078205 1.3040594176106328
547 0.8144997449078205 2.6092047700475307
548 0.8144997449078205 4.317090957035844
549 0.8144997449078205 2.61659380162917
550 0.8144997449078205 0.820348843248058
551 0.8144997449078205 2.3315086529767353
552 0.8144997449078205 1.5708099337036987
553 0.8144997449078205 0.8198833530419007
554 0.8144997449078205 1.6710573592211828
555 0.8144997449078205 2.0826913016617006
556 0.8144997449078205 6.021437238630292
557 0.8144997449078205 4.342458491093164
558 0.8144997449078205 1.844920032954968
559 0.8144997449078205 2.6516399780799453
560 0.8144997449078205 3.830420122490409
561 0.8144997449078205 0.8177364653474016
562 0.8144997449078205 1.3868171650478005
563 0.8144997449078205 1.7751982082608686
564 0.8144997449078205 4.590842472793976
565 0.8144997449078205 3.377188581863606
566 0.8144997449078205 1.4219582073435126
567 0.8144997449078205 0.817565181901443
568 0.8144997449078205 1.7232087711728503
569 0.8144997449078205 6.054121462105482
570 0.8144997449078205 4.217759002158634
571 0.8144997449078205 5.955853770703528
572 0.8144997449078205 1.4428346754029593
573 0.8144997449078205 0.8173562614549644
574 0.8144997449078205 0.8170214219352293
575 0.8144997449078205 1.3348626698857387
576 0.8144997449078205 0.8168650558760454
577 0.8144997449078205 1.871445887665802
578 0.8144997449078205 3.5013315309384296
579 0.8144997449078205 0.8163418799363875
580 0.8144997449078205 0.8162591455761589
581 0.8144997449078205 1.3334171160527462
582 0.8144997449078205 0.8164546424861142
583 0.8144997449078205 1.3336205270477892
584 0.8144997449078205 1.2423257459715231
585 0.8144997449078205 1.619645341531959
586 0.8144997449078205 2.222007581234772
587 0.8144997449078205 2.9790309495734726
588 0.8144997449078205 2.357239669402248
589 0.8144997449078205 3.223021025006683
590 0.8144997449078205 0.8163529320699007
591 0.8144997449078205 1.7203934667709466
592 0.8144997449078205 0.8161737335641063
593 0.8144997449078205 4.373214320953625
594 0.7988323289983383 4.254232633272198
595 0.7988323289983383 0.8157406482046258
596 0.7988323289983383 4.4303095569333735
597 0.7987493098726018 2.8015260804121946
598 0.7987493098726018 2.1449423349757373
599 0.7987493098726018 6.315207277696488
600 0.7987493098726018 1.9147691511108054
601 0.7987493098726018 2.234197834092388
602 0.7987493098726018 0.8157239622966904
603 0.7987493098726018 0.8157389505705679
604 0.7987493098726018 1.3375981237903678
605 0.7987464592942546 3.79807387799444
606 0.7987464592942546 1.6345834751474684
607 0.7987464592942546 1.9751643959644225
608 0.7987464592942546 1.733670800741913
609 0.7987464592942546 0.8190785331675942
610 0.7987464592942546 1.4026557176722587
611 0.7987464592942546 1.9572126465279385
612 0.7987464592942546 1.3356647345852073
613 0.7987464592942546 2.3251864034585306
614 0.7987464592942546 2.297592834089634
615 0.7987464592942546 6.916862098248187
616 0.7987464592942546 1.779561042308882
617 0.7987464592942546 0.8184040657375
618 0.7987244843309139 2.015598185336288
619 0.7987244843309139 0.8146414207124687
620 0.7823796156933872 0.8141825335813395
621 0.7823796156933872 1.4791342784599342
622 0.7818234049346859 2.48162001469796
623 0.7818234049346859 0.8128477804202422
624 0.7818234049346859 0.8130970746653939
625 0.7818234049346859 2.1333584269003567
626 0.7729792186237754 1.7170988721154237
627 0.7641245005236981 3.6723407798518712
628 0.7641245005236981 2.2901958317297093
629 0.7641245005236981 3.3436056809816863
630 0.7641245005236981 3.7158479047964734
631 0.7641245005236981 1.929147492320366
632 0.7636453513076512 0.8110111906082156
633 0.7636347666108222 0.8124491293023219
634 0.763522816067923 0.8124190604297763
635 0.763522816067923 0.8122177697780303
636 0.763522816067923 1.9107477310883387
637 0.763522816067923 2.7502574694990742
638 0.7633616709194653 1.2958256293283434
639 0.7633616709194653 2.2489519976059973
640 0.7633616709194653 5.512637436724915
641 0.7633616709194653 0.814283300522138
642 0.7633616709194653 1.0441818855729972
643 0.7633616709194653 3.1734011366915764
644 0.7633616709194653 1.511583043829473
645 0.7633616709194653 2.4719014995408126
646 0.7633580502188505 3.526399107644295
647 0.7633580502188505 1.6934819200364353
648 0.7633580502188505 2.9164081571896485
649 0.7633580502188505 2.1530008194684025
650 0.7633580502188505 1.6507574780149548
651 0.7633580502188505 0.7925129948717309
652 0.7633580502188505 1.6229312723002838
653 0.7633580502188505 5.763458613473494
654 0.7633580502188505 2.612884285573972
655 0.7633580502188505 2.1125898262983536
656 0.7633580502188505 1.3780798254756763
657 0.7633580502188505 0.7816935775980162
658 0.7633580502188505 0.7868824931221168
659 0.7633580502188505 0.7881207160169967
660 0.7633580502188505 1.4879212885303559
661 0.7633580502188505 1.3004252475086135
662 0.7633580502188505 1.5148505505009964
663 0.7633580502188505 2.388342708502665
664 0.7633580502188505 4.831976526071834
665 0.7633580502188505 0.7869210457393914
666 0.7633580502188505 1.8497681631715925
667 0.7633580502188505 0.7876452476884782
668 0.7633580502188505 0.7750671622104796
669 0.7633580502188505 1.881960993478593
670 0.7633580502188505 0.7720186679642889
671 0.7633580502188505 2.739045860012605
672 0.7633580502188505 1.3109211045656017
673 0.7633580502188505 0.7744564649917091
674 0.7633580502188505 4.28354938637302
675 0.7633580502188505 3.7266165734116163
676 0.7633580502188505 1.7792487421539613
677 0.7633580502188505 1.6740886622029456
678 0.7633580502188505 1.4992624062560447
679 0.7633580502188505 2.2751735467001346
680 0.7633580502188505 2.6983885230292386
681 0.7633580502188505 1.9029562814651066
682 0.7633580502188505 1.000604797934837
683 0.7633580502188505 0.7663189697291009
684 0.7633580502188505 1.1338962592367643
685 0.7633580502188505 1.1983391059444748
686 0.7633580502188505 4.176137698720436
687 0.7633580502188505 1.7519833244790142
688 0.7633580502188505 0.7657379080042996
689 0.7633580502188505 1.0680780583060672
690 0.7633580502188505 3.0830805861098822
691 0.7633580502188505 0.7641725412695383
692 0.7633580502188505 0.7639339010724002
693 0.7633580502188505 0.7639695936846828
694 0.7633580502188505 4.0936531320935385
695 0.7633580502188505 1.644299298592902
696 0.7633580502188505 1.416121855623753
697 0.7633580502188505 2.796826668661967
698 0.7633580502188505 4.69563344008103
699 0.7633580502188505 1.8787092088947113
700 0.7633580502188505 3.6248325188175623
701 0.7633580502188505 2.1622957004988814
702 0.7633580502188505 1.824926967980607
703 0.7633580502188505 0.990585346949752
704 0.7633580502188505 2.181450744030231
705 0.7633580502188505 2.356385408440478
706 0.7633580502188505 2.133928781223126
707 0.7633580502188505 1.932150497319303
708 0.7633580502188505 2.2277536680817174
709 0.7633580502188505 4.724481618914654
710 0.7633580502188505 2.798583750811909
711 0.7633580502188505 2.1576775282928264
712 0.7633580502188505 0.7639275269513628
713 0.7633580502188505 0.7639498192798804
714 0.7633580502188505 3.324783737956326
715 0.7633580502188505 1.0078095771643465
716 0.7633580502188505 3.7508798877734524
717 0.7633580502188505 2.238876401851659
718 0.7633580502188505 0.7638540408155385
719 0.7633580502188505 0.9938752054971378
720 0.7633580502188505 0.7638874492508699
721 0.7633580502188505 1.2507800139662744
722 0.7633580502188505 6.105487508780069
723 0.7633580502188505 1.8344097558148997
724 0.7633580502188505 2.392491904184136
725 0.7633580502188505 4.134054884611896
726 0.7633580502188505 2.511588126692565
727 0.7633580502188505 3.371922369616834
728 0.7633580502188505 3.7831197439845066
729 0.7633580502188505 0.7638898389026579
730 0.7633580502188505 3.543700998341697
731 0.7633580502188505 2.1239537819426286
732 0.7633580502188505 4.8771704683027925
733 0.7633580502188505 2.5213210512629045
734 0.7633580502188505 0.7639626103559113
735 0.7633580502188505 1.899176717402603
736 0.7633580502188505 2.535154762427073
737 0.7633580502188505 1.5239316019724851
738 0.7633580502188505 0.7640053629493334
739 0.7633580502188505 1.3033256706177487
740 0.7633580502188505 0.7641107979862422
741 0.7633580502188505 5.6339868674985425
742 0.7633580502188505 2.783566289189922
743 0.7633580502188505 1.015979708094665
744 0.7633580502188505 2.074559257010767
745 0.7633580502188505 0.7640261345944804
746 0.7633580502188505 0.7640088425477418
747 0.7633580502188505 4.40107049811765
748 0.7633580502188505 3.6167839574099827
749 0.7633580502188505 4.512417783276047
750 0.7633580502188505 1.029605831239728
751 0.7633580502188505 0.7640100330053037
752 0.7633580502188505 1.6203264399555877
753 0.7633580502188505 1.0221949749990604
754 0.7633580502188505 4.549949734080532
755 0.7633580502188505 1.520814295491336
756 0.7633580502188505 3.066495719930844
757 0.7633580502188505 0.7640363307456459
758 0.7633580502188505 0.764074730527921
759 0.7633580502188505 1.1117569839235495
760 0.7633580502188505 2.1454467075250485
761 0.7633580502188505 3.525993339213733
762 0.7633580502188505 1.018785110476764
763 0.7633580502188505 2.275778467138693
764 0.7633580502188505 4.499677271395947
765 0.7633580502188505 4.865261106932289
766 0.7633580502188505 1.9992374812110136
767 0.7633580502188505 2.5244388675552547
768 0.7633580502188505 4.307131597082974
769 0.7633580502188505 0.9912073695506514
770 0.7633580502188505 0.7639609744984917
771 0.7633580502188505 1.3125040008195028
772 0.7633580502188505 1.2814829147507485
773 0.7633580502188505 2.2274196009043488
774 0.7633580502188505 0.763965068568046
775 0.7633580502188505 1.273474812876743
776 0.7633580502188505 0.7639478088024745
777 0.7633580502188505 0.7639704051739098
778 0.7633580502188505 1.8384621248344748
779 0.7633580502188505 0.7639938079172339
780 0.7633580502188505 4.386074316152796
781 0.7633580502188505 2.5624707612933366
782 0.7633580502188505 0.8142913150541362
783 0.7633580502188505 1.251963741033993
784 0.7633580502188505 0.7644863980242509
785 0.7633580502188505 0.7648463986874379
786 0.7633580502188505 3.3950094680003717
787 0.7633580502188505 0.7647659882181714
788 0.7633580502188505 1.4539581412285232
789 0.7633580502188505 0.7663878910272264
790 0.7633580502188505 0.7663635090778094
791 0.7633580502188505 1.2051575970589719
792 0.7633580502188505 1.9456449740573745
793 0.7633580502188505 0.7653684044087299
794 0.7633580502188505 0.7647884098403769
795 0.7633580502188505 4.8505325634645144
796 0.7633580502188505 3.8675279303920393
797 0.7633580502188505 2.3949083618933416
798 0.7633580502188505 0.7646936938112002
799 0.7633580502188505 1.3554545807963843
800 0.7633580502188505 0.7639414362887161
801 0.7633580502188505 3.2477031859099905
802 0.7633580502188505 0.7639297067364241
803 0.7633580502188505 1.4747642749731056
804 0.7633580502188505 1.0029214615768285
805 0.7633580502188505 4.405567282160876
806 0.7633580502188505 2.3897274900194443
807 0.7633580502188505 0.8838620757185842
808 0.7633580502188505 3.778116467179055
809 0.7633580502188505 0.7639745369891513
810 0.7633580502188505 3.057144416343516
811 0.7633580502188505 4.101844986742534
812 0.7633580502188505 5.533926435239507
813 0.7633580502188505 0.7639205479283926
814 0.7633580502188505 1.8885168643783612
815 0.7633580502188505 0.7639365746102854
816 0.7633580502188505 1.9649208101135398
817 0.7633580502188505 0.7640449457243532
818 0.7633580502188505 0.7640799960511484
819 0.7633580502188505 1.2326236661160803
820 0.7633580502188505 0.7641591379760406
821 0.7633580502188505 1.39052205069329
822 0.7633580502188505 0.7641085357115074
823 0.7633580502188505 3.3502338749233203
824 0.7633580502188505 1.8443948816585694
825 0.7633580502188505 3.3163746745741918
826 0.7633580502188505 0.7640325762732961
827 0.7633580502188505 5.3841833367815335
828 0.7633580502188505 2.165173166168836
829 0.7633580502188505 1.8203398266993693
830 0.7633580502188505 1.701772377051274
831 0.7633580502188505 2.786014374256415
832 0.7633580502188505 4.136675914030026
833 0.7633580502188505 1.2757068331616976
834 0.7633580502188505 0.7639094882205647
835 0.7633580502188505 4.48850406853936
836 0.7633580502188505 0.7639549253383388
837 0.7633580502188505 3.4080912134537766
838 0.7633580502188505 1.9704642549140468
839 0.7633580502188505 3.9672351414158213
840 0.7633580502188505 1.7991880662305852
841 0.7633580502188505 5.404351566780988
842 0.7633580502188505 2.017120879382188
843 0.7633580502188505 0.7639002717825132
844 0.7633580502188505 2.1133944362053545
845 0.7633580502188505 0.7639405080826428
846 0.7633580502188505 1.119395661487002
847 0.7633580502188505 4.135728228098258
848 0.7633580502188505 4.916819570288199
849 0.7633580502188505 0.7640115993177221
850 0.7633580502188505 0.7639385078333906
851 0.7633580502188505 1.7027964186347029
852 0.7633580502188505 0.7639312692230034
853 0.7633580502188505 3.3294753822026384
854 0.7633580502188505 0.7638797927071697
855 0.7633580502188505 1.7369427164342575
856 0.7633580502188505 1.259148025747236
857 0.7633580502188505 0.7639387715779857
858 0.7633580502188505 1.4588493693209603
859 0.7633580502188505 2.671102295961576
860 0.7633580502188505 1.0430426210128985
861 0.7633580502188505 0.7638504215394711
862 0.7633580502188505 0.763801389260988
863 0.7633580502188505 2.97874133730721
864 0.7633580502188505 2.8050123987894358
865 0.7633580502188505 0.7638359118486672
866 0.7633580502188505 3.7511848562073986
867 0.7633580502188505 1.6740827295540577
868 0.7633580502188505 0.7639182629969504
869 0.7633580502188505 2.6106607052262154
870 0.7633580502188505 6.482374127537346
871 0.7633580502188505 5.478668732444215
872 0.7633580502188505 1.1253551797160168
873 0.7633580502188505 1.0016547317998405
874 0.7633580502188505 0.7638626765803781
875 0.7633580502188505 0.763824847837361
876 0.7633580502188505 4.561707918521954
877 0.7633580502188505 1.8374388639342913
878 0.7633580502188505 3.693209238333966
879 0.7633580502188505 2.76680963603928
880 0.7633580502188505 1.922736260837066
881 0.7633580502188505 3.718136839806355
882 0.7633580502188505 1.3725005102905634
883 0.7633580502188505 0.7639296508343437
884 0.7633580502188505 0.7639200503753125
885 0.7633580502188505 1.6666939814357715
886 0.7633580502188505 1.4811352461814173
887 0.7633580502188505 6.861868500542909
888 0.7633580502188505 1.2170451777001998
889 0.7633580502188505 2.765727791047176
890 0.7633580502188505 0.7639676889563793
891 0.7633580502188505 3.2812153144001526
892 0.7633580502188505 0.7639582362475911
893 0.7633580502188505 2.1107730907382627
894 0.7633580502188505 4.874755440372112
895 0.7633580502188505 1.0849249766767084
896 0.7633580502188505 0.7639927591090467
897 0.7633580502188505 0.9969074263801015
898 0.7633580502188505 1.6803804524650652
899 0.7633580502188505 2.236419415259049
900 0.7633580502188505 0.7638486197674945
901 0.7633580502188505 2.1221904091004866
902 0.7633580502188505 4.672217888557947
903 0.7633580502188505 1.8708558596726792
904 0.7633580502188505 2.528421207108393
905 0.7633580502188505 1.5966143155660029
906 0.7633580502188505 2.220445159338756
907 0.7633580502188505 0.7637932124238453
908 0.7633580502188505 3.0231177368249944
909 0.7633580502188505 3.7693740238685756
910 0.7633580502188505 0.7638720165585908
911 0.7633580502188505 1.1175318923030568
912 0.7633580502188505 2.8893863422928403
913 0.7633580502188505 3.5033487349154204
914 0.7633580502188505 0.7638688651717428
915 0.7633580502188505 1.4362810902408727
916 0.7633580502188505 0.7638606384051231
917 0.7633580502188505 0.7638687426185696
918 0.7633580502188505 0.7639070058807909
919 0.7633580502188505 1.8661461830899992
920 0.7633580502188505 3.2952786216291985
921 0.7633580502188505 0.7639419912914697
922 0.7633580502188505 0.7639105219103045
923 0.7633580502188505 0.763883716938377
924 0.7633580502188505 1.573688376296943
925 0.7633580502188505 5.380484421919142
926 0.7633580502188505 0.7638748705451293
927 0.7633580502188505 1.4190856526408595
928 0.7633580502188505 0.7638895528603356
929 0.7633580502188505 1.8130606063234698
930 0.7633580502188505 0.7638209893795076
931 0.7633580502188505 2.623834537074622
932 0.7633580502188505 0.7637832022800528
933 0.7633580502188505 1.6562409190709324
934 0.7633580502188505 4.103102207028584
935 0.7633580502188505 0.763723134211065
936 0.7633580502188505 2.297914630179526
937 0.7633580502188505 1.5619753544285402
938 0.7633580502188505 1.2231437286484275
939 0.7633580502188505 0.7636853869954585
940 0.7633580502188505 0.7637151153895282
941 0.7633580502188505 1.445744197446575
942 0.7633580502188505 7.2074235724624245
943 0.7633580502188505 2.2297897902196886
944 0.7633580502188505 1.4028066479105725
945 0.7633580502188505 4.974638511619701
946 0.7633580502188505 2.984367469104267
947 0.7633580502188505 1.7099916882620563
948 0.7633580502188505 0.7636654191882043
949 0.7633580502188505 4.72047266578666
950 0.7633580502188505 3.075328493591726
951 0.7633580502188505 2.095267308410018
952 0.7633580502188505 2.573251091505183
953 0.7633580502188505 4.33014826102712
954 0.7633580502188505 3.7751288797812292
955 0.7633580502188505 0.7637194892024927
956 0.7633580502188505 3.5270239098551275
957 0.7633580502188505 2.026970531182343
958 0.7633580502188505 2.6195807145453216
959 0.7633580502188505 2.6599511194000325
960 0.7633580502188505 4.115897575352899
961 0.7633580502188505 5.833089323790269
962 0.7633580502188505 0.7636339182590126
963 0.7633580502188505 1.353080171111458
964 0.7633580502188505 0.7635755243091589
965 0.7633580502188505 0.7635784545932703
966 0.7633580502188505 0.7635897306137506
967 0.7633580502188505 2.6452285815548384
968 0.7633580502188505 0.9921405990469553
969 0.7633580502188505 1.6160073672517625
970 0.7633580502188505 0.7635459397724514
971 0.7633580502188505 4.064390304242091
972 0.7633580502188505 1.5020636935865337
973 0.7633580502188505 0.7635193698184882
974 0.7633580502188505 1.6332372793716998
975 0.7633580502188505 3.316801522333661
976 0.7633580502188505 3.6325071123295856
977 0.7633580502188505 1.9214852451304234
978 0.7633580502188505 1.8790642971809346
979 0.7633580502188505 0.7635428030652185
980 0.7633580502188505 1.4724352996810828
981 0.7633580502188505 0.9966899521490046
982 0.7633580502188505 0.7635317331518869
983 0.7633580502188505 1.3267111539330614
984 0.7633580502188505 3.1285269258683046
985 0.7633580502188505 6.0706976698409525
986 0.7633580502188505 2.636213845263673
987 0.7633580502188505 1.785164818044273
988 0.7631767070363353 1.5390503800638677
989 0.7631767070363353 3.9186956129953496
990 0.7631767070363353 3.3160313089410365
991 0.7631767070363353 1.3297441987402912
992 0.7615787807618326 0.7635057701071148
993 0.7615787807618326 2.830674598089087
994 0.7615787807618326 1.2140574500098722
995 0.7615787807618326 0.7634808741013914
996 0.7603341607478769 3.8108894528055326
997 0.7602219637175052 1.6029351522959154
998 0.644028532008915 0.9554479841100695
999 0.644028532008915 0.7616465505739599
