# iteración mejor promedio
0 93.17736830938088 298.20459400361057
1 49.50341055307708 273.01464013908895
2 49.50341055307708 241.3326435413224
3 49.50341055307708 201.92343225000644
4 18.980953930048333 165.8647937394415
5 14.737661770762314 138.75545596601611
6 14.737661770762314 98.21655597639125
7 6.418800232045766 80.47082877101593
8 6.370456314506307 64.32495863788189
9 6.370456314506307 48.41787313126509
10 5.379286596557884 31.411490203528633
11 4.984973824227995 22.00792853208593
12 4.718402437230372 14.310806762172293
13 4.478387146331563 13.961945558867388
14 3.478029330242461 17.476205185545645
15 3.478029330242461 10.42658801968501
16 3.2634890978657576 11.058295096163443
17 3.093134810785765 9.799447235864045
18 3.093134810785765 11.71146512734324
19 3.093134810785765 9.537505488673968
20 3.093134810785765 11.127810351114682
21 3.093134810785765 13.455446731656973
22 2.8256393355934213 9.133237430908903
23 2.296750283090517 8.280915058879815
24 2.296750283090517 9.126283065806984
25 2.129804285360292 7.30590673096792
26 2.1191941350468357 6.064439987052747
27 1.9276827932738256 6.507848508200353
28 1.9276827932738256 8.741309887877655
29 1.9276827932738256 7.14891580604423
30 1.9276827932738256 7.187568925353325
31 1.9276827932738256 6.960224094027847
32 1.8910966024014104 7.138112641522553
33 1.8910966024014104 6.795890521064973
34 1.885647062059831 6.105153400066438
35 1.885647062059831 6.660084287153494
36 1.885647062059831 4.372940567239807
37 1.885647062059831 5.9919629725337415
38 1.8357425655829829 7.600740143699223
39 1.8357425655829829 8.049104896879575
40 1.7671082120142776 5.245489855396504
41 1.7671082120142776 6.03782740051083
42 1.7671082120142776 4.011631602071624
43 1.7671082120142776 3.225482730290835
44 1.7671082120142776 5.211580407931565
45 1.7671082120142776 4.356788242488346
46 1.7326148799367627 5.164780427795864
47 1.7326148799367627 4.683012339131008
48 1.7322548186229574 6.011878251421902
49 1.7322548186229574 6.438893375997403
50 1.7322548186229574 4.445073510524295
51 1.7310202511033275 6.139617605053769
52 1.7310202511033275 9.00826436246912
53 1.7255882838557401 4.370794416426743
54 1.7255882838557401 4.8283880411400215
55 1.7255882838557401 8.606018645799482
56 1.7200080974086234 4.499358559418559
57 1.7200080974086234 4.050468488429722
58 1.7200080974086234 1.9716817325511444
59 1.7200080974086234 1.9357389504369065
60 1.6791602388418227 3.097130691446968
61 1.6791602388418227 2.9692235653413785
62 1.6791602388418227 1.909990606475954
63 1.6791602388418227 2.3546699293578417
64 1.6791602388418227 2.4214888862862107
65 1.6791602388418227 3.3882910120582816
66 1.6791602388418227 5.292596974171118
67 1.6791602388418227 2.5778606774408566
68 1.6783288270689447 3.248929263581443
69 1.6783288270689447 6.289161820711348
70 1.6609678641691479 3.3865055812595966
71 1.6500969034686859 1.890620977161561
72 1.6211070080700551 6.94413877865555
73 1.6211070080700551 1.8538453246269375
74 1.6211070080700551 2.669617766401846
75 1.6200954559259135 3.320570159038269
76 1.6200954559259135 2.8562114126094262
77 1.6200954559259135 2.5988453377538296
78 1.6200954559259135 2.276224128454402
79 1.6200954559259135 3.9606458404878797
80 1.6200954559259135 2.623172470511264
81 1.6200954559259135 4.495632185012132
82 1.6200954559259135 2.401706822510058
83 1.6200954559259135 2.6066414994018334
84 1.6200954559259135 2.6815158894224513
85 1.6200954559259135 2.086609360559551
86 1.6200954559259135 5.789841554638839
87 1.6200954559259135 6.858964695495704
88 1.6200954559259135 2.4233765404741217
89 1.6200954559259135 2.2139553175780393
90 1.6157782039477109 4.332997309004086
91 1.6157782039477109 3.0789882198653995
92 1.6157782039477109 2.866999897679803
93 1.6157782039477109 2.209823614977999
94 1.6157782039477109 4.544263741672603
95 1.6157782039477109 2.5642205931785607
96 1.6157782039477109 5.639752320380422
97 1.6157782039477109 2.7125072378916553
98 1.6154943519144986 3.46669135156841
99 1.6154943519144986 1.7648470601761597
100 1.6148755325190498 5.254507871462543
101 1.6148755325190498 4.442096156340293
102 1.6148755325190498 2.848065122594586
103 1.6139742805662638 2.389832121475767
104 1.6136798879477638 2.440947694320582
105 1.6136798879477638 1.7467097402770013
106 1.6136798879477638 3.4649419015955156
107 1.6136798879477638 3.119133353121423
108 1.6136798879477638 5.247799386465399
109 1.6136798879477638 2.612892275978025
110 1.6136798879477638 4.671976821965039
111 1.6136798879477638 2.7674167363543285
112 1.6136798879477638 1.7330528782512513
113 1.6136798879477638 2.8581574075649963
114 1.6136798879477638 3.125421122943658
115 1.6136798879477638 5.063444073861636
116 1.6136798879477638 3.9820688701183484
117 1.6136798879477638 2.2859087373752884
118 1.6136798879477638 1.7190112989282733
119 1.605251299130178 1.7172865446768777
120 1.605251299130178 1.7102498268729136
121 1.605251299130178 3.5973091388443037
122 1.605251299130178 1.7045733167088415
123 1.605251299130178 7.37154131285414
124 1.605251299130178 1.8251017783299366
125 1.605251299130178 1.6983395743385001
126 1.605251299130178 2.2392870438491435
127 1.605251299130178 3.4522078408520867
128 1.605251299130178 4.127666328652783
129 1.605251299130178 2.1689784420024107
130 1.605251299130178 1.6964473382495233
131 1.605251299130178 3.7610054409493023
132 1.605251299130178 2.381721549415662
133 1.6026732400631654 2.9201486711633935
134 1.5869389818438975 2.364817690864348
135 1.5869389818438975 3.446225953438195
136 1.5869389818438975 2.0610642021527763
137 1.5869389818438975 2.870588713500244
138 1.5869389818438975 1.926315977495805
139 1.5869389818438975 5.897300269991056
140 1.5869389818438975 5.395597516844792
141 1.5869389818438975 3.460389321946711
142 1.5869389818438975 2.547081843607036
143 1.5827081880513485 3.523662960462858
144 1.5827081880513485 2.20396350901061
145 1.5827081880513485 2.0370752884057834
146 1.5827081880513485 2.8853442422651416
147 1.5827081880513485 1.6738660457787609
148 1.5827081880513485 6.0353018731511145
149 1.5827081880513485 3.2195497350364604
150 1.5827081880513485 3.876010019682817
151 1.558462082083326 3.649246291272427
152 1.558462082083326 1.9113643726039746
153 1.558462082083326 1.675571684401723
154 1.558462082083326 2.951201603180463
155 1.558462082083326 2.744505535211263
156 1.558462082083326 2.015780634604347
157 1.558462082083326 4.896816340240391
158 1.558462082083326 3.0465749401194557
159 1.5182727316680311 2.1858666965343505
160 1.435631554819916 2.5500657822975272
161 1.435631554819916 4.97345582522141
162 1.435631554819916 1.6602877425887104
163 1.435631554819916 2.1571340441794846
164 1.435628576802972 2.7236589766391064
165 1.3856719330299998 5.571025305270271
166 1.382142102509842 2.9996356791641663
167 1.382142102509842 3.957873119251768
168 1.3543237959423524 1.6827584662296535
169 1.349798762546562 2.725292876196101
170 1.342216989527888 1.71784730460029
171 1.342216989527888 1.6527442608946898
172 1.342216989527888 1.6627392502087366
173 1.3420622205129848 2.5102887814579287
174 1.3420622205129848 7.687571426297313
175 1.341321486910256 2.713267200407089
176 1.2491912169217034 1.6730738576302162
177 1.2491912169217034 2.6795066052631995
178 1.2491912169217034 2.3448200831849246
179 1.2491912169217034 2.306371789864593
180 1.241566539717939 4.1786699352030645
181 1.241566539717939 3.883456505841595
182 1.2267684686276104 2.3300664314049864
183 1.2267684686276104 7.525957733977918
184 1.2140311512282886 2.5645036215181585
185 1.190861729981398 1.9428214927596614
186 1.190861729981398 6.102974463382175
187 1.190861729981398 5.2749776658523455
188 1.186119169108016 6.605517074137049
189 1.1129247517934397 4.979999029334259
190 1.1129247517934397 3.460637407440933
191 1.1129247517934397 3.2212656882335704
192 1.1129247517934397 2.3797017876905118
193 1.1129247517934397 1.6703240327133069
194 1.1045895582927043 1.8496876229180037
195 1.1045895582927043 4.939364153362284
196 1.1045895582927043 2.7915795853526832
197 1.1045895582927043 3.529303136438765
198 1.1045895582927043 2.3971704729919643
199 1.1045895582927043 5.75324672415748
200 1.1045895582927043 2.761940440571045
201 1.1045895582927043 3.77970381685987
202 1.1045895582927043 2.736754736699828
203 1.1017129991898529 1.3448030206487602
204 1.1017129991898529 3.7144512677766777
205 1.1017129991898529 1.6659422769394825
206 1.0999260053902702 4.089725540911056
207 1.0999260053902702 3.343333173938255
208 1.098125477173407 2.3359027781607598
209 1.098125477173407 2.579779042496347
210 1.097990570500282 2.100273315346057
211 1.0973478817483433 2.645146913347733
212 1.0973478817483433 4.141193938673744
213 1.0973478817483433 1.6140827690738047
214 1.0973478817483433 4.970000276922005
215 1.0973478817483433 2.5579536713867
216 1.0973478817483433 1.634568472964862
217 1.0973478817483433 2.629151073320004
218 1.0973478817483433 3.2711387318622074
219 1.0973478817483433 2.904147386887014
220 1.0973478817483433 2.962425893025816
221 1.0971372467373388 2.084458408546187
222 1.0971372467373388 2.7950982131546516
223 1.0971372467373388 1.1868257136049387
224 1.0971372467373388 1.176917395931249
225 1.0971372467373388 1.1689002154050157
226 1.0971372467373388 7.005778087478678
227 1.0971372467373388 7.561334506572407
228 1.0971366155248203 5.594018021458797
229 1.0971366155248203 1.3925589027807916
230 1.0971366155248203 4.936063529319852
231 1.0966669158678137 1.1643860897589737
232 1.0966669158678137 3.727703484987704
233 1.0966669158678137 1.394602539800208
234 1.0966669158678137 2.7726744293146437
235 1.0966669158678137 1.165803511975005
236 1.0966669158678137 1.6318380810518511
237 1.0966669158678137 1.4532528543062389
238 1.0966669158678137 3.0663406702930813
239 1.0966669158678137 2.8405452573717374
240 1.0966669158678137 1.6592511863750012
241 1.0966669158678137 6.197355196234894
242 1.0966669158678137 2.721192634353279
243 1.0966669158678137 6.346597886747571
244 1.0966669158678137 2.613205499192442
245 1.0953454903003361 2.048830254352772
246 1.0953454903003361 1.1498128385111415
247 1.0953454903003361 2.8384599324668414
248 1.0941270600431965 6.524394056818969
249 1.0941270600431965 4.130913616027741
250 1.0941270600431965 1.1500024535231521
251 1.0941270600431965 3.970148094776931
252 1.0941270600431965 5.271863122532268
253 1.0941270600431965 7.052971765965809
254 1.0937025261077589 2.0135408427672976
255 1.0937025261077589 2.849698954274805
256 1.0937007860530767 3.8382661639549216
257 1.0924298826137357 3.2010973199669324
258 1.0924298826137357 1.6551349735994045
259 1.0900806780894319 2.1169879418979263
260 1.0900806780894319 1.1437066270166085
261 1.0900806780894319 1.4308669395974514
262 1.0900806780894319 3.6074948257678803
263 1.0899332488284152 3.606660926092756
264 1.0899332488284152 1.3595113280698354
265 1.0899332488284152 1.1356524455319779
266 1.0899332488284152 1.1357796320433382
267 1.0899332488284152 1.133906558444524
268 1.0899332488284152 2.115498016289658
269 1.0899332488284152 3.141883632662558
270 1.0898119891269653 3.832876028769472
271 1.0898119891269653 3.7444343043886135
272 1.0883589349104443 1.8595483941613258
273 1.0883589349104443 4.288804630887447
274 1.0883589349104443 1.62620378766381
275 1.0883589349104443 1.1250573611923222
276 1.0883589349104443 5.471167576267313
277 1.0883589349104443 2.0253817308916613
278 1.088232374819318 2.550458360687731
279 1.088232374819318 3.1900082149398092
280 1.088232374819318 1.1257699004304724
281 1.088232374819318 1.1245407297689363
282 1.0866710405337414 1.1225395731347898
283 1.0866710405337414 2.4019328435389284
284 1.0866710405337414 1.5558716226879863
285 1.0866710405337414 1.1210711451214659
286 1.0866710405337414 4.157563332180369
287 1.0866710405337414 4.216704621464308
288 1.0866710405337414 2.8203000677662544
289 1.0866710405337414 2.8316858933842615
290 1.0866710405337414 3.088893734406811
291 1.0866710405337414 1.801244708738682
292 1.0866710405337414 1.1179983171496248
293 1.0866710405337414 8.017818740119642
294 1.0866710405337414 3.159661497420603
295 1.0866710405337414 1.2294707456292568
296 1.0866710405337414 1.1145290795896086
297 1.0866710405337414 1.6248394572215634
298 1.0866611755094913 2.567473109364104
299 1.0865347397698286 3.353491252462947
300 1.0865347397698286 8.201175468425848
301 1.0865347397698286 2.8927822087449315
302 1.0865347397698286 3.8644242008299057
303 1.0865347397698286 4.047474734443538
304 1.0865347397698286 4.582046203230709
305 1.0865347397698286 4.278827694884234
306 1.0865347397698286 3.8868445991618783
307 1.0865347397698286 2.088472381252492
308 1.0865347397698286 5.099298888010908
309 1.0865347397698286 2.1104466161805306
310 1.0865347397698286 2.728929201270434
311 1.0865347397698286 3.880987965508707
312 1.0865347397698286 3.2170159854526488
313 1.0865347397698286 2.323175004925265
314 1.0865347397698286 1.4066756193549657
315 1.0865347397698286 2.2380671896924995
316 1.0865347397698286 3.9292898117642765
317 1.0865347397698286 1.3371958018883376
318 1.0865347397698286 1.1102316709804476
319 1.086522361198549 8.096061090574757
320 1.086522361198549 4.852074297613251
321 1.0863481075817132 5.410676477823814
322 1.0863481075817132 3.736736189548119
323 1.0863481075817132 4.279891712045225
324 1.0863402406621603 1.3364113714864319
325 1.0863402406621603 2.2864719611237483
326 1.071165143322581 1.537241410232429
327 1.071165143322581 1.3852520366913632
328 1.0619927125573234 3.381468363306131
329 1.0619927125573234 1.9526591559366786
330 1.0619927125573234 2.020467975981228
331 1.0619927125573234 3.4723311347779715
332 1.0619927125573234 3.7657061407704555
333 1.0619927125573234 1.8115792711657663
334 1.0619927125573234 1.56773756640923
335 1.0619927125573234 1.3101893289586348
336 1.0619927125573234 4.196201830848175
337 1.061557332252321 1.851938200800289
338 1.061557332252321 1.3002359966711006
339 1.061557332252321 3.4816368845249035
340 1.061557332252321 2.959912057840558
341 1.061557332252321 2.945435966875188
342 1.061557332252321 1.9459931808360114
343 1.060718699205988 4.155215736788759
344 1.060718699205988 5.9732253737856595
345 1.060718699205988 3.4963506870192465
346 1.0596589667526108 2.3626747752206883
347 1.0596589667526108 4.965475696251965
348 1.0596589667526108 6.018747415475249
349 1.0596589667526108 4.179971467979461
350 1.0596520612431333 3.83215520402868
351 1.0596520612431333 3.9854546499113095
352 1.0596520612431333 3.336717227468845
353 1.0596520612431333 2.180665365553918
354 1.0596520612431333 4.431784781391178
355 1.0596520612431333 3.6827973735880692
356 1.0596520612431333 2.084495544018265
357 1.0596520612431333 2.8400212342344764
358 1.0596520612431333 2.586818588565177
359 1.0196693280739413 1.1480459358910517
360 0.9910588174462654 1.9915795905068208
361 0.990795248783766 4.832702618505542
362 0.990795248783766 4.09440591684457
363 0.9873865072844629 3.2708356450740577
364 0.9873865072844629 2.1066868556344325
365 0.9863158388801395 2.131040041002361
366 0.9863082322907875 2.8236281014393088
367 0.9799477176091795 2.387756713763624
368 0.9799477176091795 1.7866777780420051
369 0.9799477176091795 4.477760189871849
370 0.9799477176091795 4.52232385913413
371 0.9760133533828841 2.122907072466148
372 0.973860434763158 3.1156367360099186
373 0.9729770170052672 1.8035473821279115
374 0.9729770170052672 1.9790276973490646
375 0.9729770170052672 2.5114893705997012
376 0.9729770170052672 3.919831136885114
377 0.9729770170052672 1.241695763480702
378 0.9729770170052672 1.6359229190729918
379 0.9729662347861547 4.204816180752268
380 0.9729662347861547 3.962410575066335
381 0.9729662347861547 4.600270903282055
382 0.9729662347861547 1.0349337698058039
383 0.972575169245074 2.182549306677165
384 0.972575169245074 1.8688475891909502
385 0.972575169245074 1.4935869217336981
386 0.972575169245074 1.4515454280684934
387 0.9717340734854517 1.6626347128208314
388 0.9717340734854517 1.4962524046403312
389 0.9717337284158765 1.678558235017993
390 0.9717315800781624 2.466034093699979
391 0.9717315800781624 3.0902060750726936
392 0.9717315800781624 1.011647826345116
393 0.9717315800781624 1.0079373211487315
394 0.9717315800781624 7.672166592215584
395 0.9717315800781624 5.7247759991511575
396 0.9717315800781624 1.0071982993194124
397 0.9716768767510104 3.8038494814738333
398 0.9716768767510104 2.5244381840911787
399 0.9716768767510104 3.034035408700017
400 0.9716768767510104 1.2229676378130758
401 0.9716768767510104 2.610141968886079
402 0.9716768767510104 2.3620429408854675
403 0.9716768767510104 4.698716574158883
404 0.9716768767510104 5.17777626904232
405 0.9716768767510104 3.086843577573104
406 0.9716768767510104 4.1261838095415015
407 0.9716768767510104 1.5465370981437736
408 0.9716768767510104 3.610889330725208
409 0.9716768767510104 3.2273472935024823
410 0.9712224398464567 1.8348031700191623
411 0.9712224398464567 3.290409114672374
412 0.9712224398464567 0.9843277511280142
413 0.9712224398464567 2.89507802064872
414 0.9712224398464567 2.4084605244248842
415 0.9712224398464567 0.9839444881769853
416 0.9712224398464567 1.649019079613656
417 0.971218833724956 3.42494549313689
418 0.971218833724956 1.4913611193041048
419 0.971218833724956 3.6751211135577018
420 0.971218833724956 1.3531265619641297
421 0.971218833724956 2.1413129984285084
422 0.971218833724956 2.102702270885078
423 0.971218833724956 0.9843634604565232
424 0.971218833724956 2.7633743499269103
425 0.971218833724956 1.4636003356142573
426 0.971218833724956 3.5232580392080046
427 0.971218833724956 1.1237817362714109
428 0.952668130039011 2.3867903136022104
429 0.952668130039011 4.3697747171932
430 0.952668130039011 3.7244072201056566
431 0.952668130039011 0.9906568506874979
432 0.952668130039011 3.2335972899736403
433 0.9472729334363216 0.9828210890697349
434 0.9472729334363216 0.9831928008047298
435 0.9470689877104308 3.0944846457100708
436 0.9303949487276216 4.7248603829252085
437 0.9303949487276216 3.348905966235504
438 0.9303949487276216 0.9829896027511837
439 0.9303949487276216 0.9834553602212498
440 0.9303949487276216 0.983008780221712
441 0.9303949487276216 0.981892251193393
442 0.9303949487276216 1.827198885624089
443 0.9018691541779139 1.2142379217316168
444 0.9018691541779139 0.9790782205111167
445 0.89807859415276 0.9789581200425735
446 0.89807859415276 1.2546702466066464
447 0.89807859415276 1.739681880756926
448 0.89807859415276 3.786462986620255
449 0.8980769809054376 4.018166470929983
450 0.8980766981382258 3.919701446713055
451 0.8980756296242086 3.4266473575054692
452 0.8980756296242086 0.973640161363422
453 0.8980756296242086 0.9704403945850436
454 0.8980756296242086 2.6828166677055365
455 0.8980756296242086 1.5236935786002328
456 0.8980756296242086 1.589678242239111
457 0.8980756296242086 1.0819600517947554
458 0.8980743589790434 0.964019868253626
459 0.8980743589790434 3.3762079871404036
460 0.8980737610160859 1.1774769068561362
461 0.8974035812811196 5.395290820010109
462 0.8974035812811196 2.1825883495852394
463 0.8974035812811196 1.8484006780265503
464 0.8974035812811196 3.8741609326008604
465 0.8974035812811196 3.93492257234335
466 0.8974035812811196 1.1784186719282619
467 0.8974035812811196 0.9517983146131016
468 0.8974035812811196 2.675662017042612
469 0.8974035812811196 1.804055011789764
470 0.8974035812811196 2.0695473719900135
471 0.8974014457661106 1.843367285342954
472 0.8965818930485296 0.9493081585323984
473 0.896579964307745 3.921571910066942
474 0.896579964307745 2.5547659163660574
475 0.8965793476728511 4.5006597728110345
476 0.8965708850238158 2.8444647956127422
477 0.8965694529159878 0.9311358935318783
478 0.8965694529159878 0.9248840843120221
479 0.8965694529159878 0.92275997983102
480 0.896566476934477 2.7972114777163624
481 0.896566476934477 7.284067381126023
482 0.896566476934477 0.9292765525985974
483 0.8959981428381361 0.9250158752754399
484 0.8959962075459854 2.043924915460502
485 0.8958481122804545 1.5892406453663108
486 0.8958481122804545 2.58630961492916
487 0.8958481122804545 2.1602313762859358
488 0.8958481122804545 2.3505298225359024
489 0.8958466739178809 1.1733849756616324
490 0.8958466739178809 1.4732381239872572
491 0.8958466739178809 1.4254994730936932
492 0.8958466739178809 0.9167819369467185
493 0.8958466739178809 3.7768737061334225
494 0.8958466739178809 4.33163002036701
495 0.8958466739178809 1.200211644252672
496 0.89528621968144 1.3347926810858268
497 0.89528621968144 1.1913976158623365
498 0.89528621968144 2.5279281429837255
499 0.8952806207282387 2.624178656057046
500 0.8952806207282387 1.8072762293129299
501 0.8952806207282387 3.572986908233804
502 0.8952806207282387 0.9064055020005151
503 0.8952806207282387 2.789981767870019
504 0.8952799873973517 4.440458264333852
505 0.8952799873973517 0.9056505865190917
506 0.8952799873973517 2.8456620357583393
507 0.8952799873973517 1.7564754381732737
508 0.8952799873973517 1.4139582539493691
509 0.8952799873973517 6.67600246761192
510 0.8952799873973517 3.7641843679713856
511 0.8952799873973517 2.3399686894838734
512 0.8952799873973517 0.9032619107899044
513 0.8952799873973517 3.105666070086384
514 0.8952799873973517 2.96423333954677
515 0.8952799873973517 1.8838818202847631
516 0.8946859363449359 0.9030032123484064
517 0.8946859363449359 0.9032412459006358
518 0.8946859363449359 1.2575659109684474
519 0.8946859363449359 1.419684674921915
520 0.8946859363449359 5.307269647097192
521 0.8946859363449359 0.90406179373162
522 0.8946769139935813 0.9038396856176872
523 0.8946769139935813 7.419341772818036
524 0.8946769139935813 1.6357973455736345
525 0.8946769139935813 3.687905241312886
526 0.8946769139935813 1.3294774354506307
527 0.8946769139935813 3.8253836204389557
528 0.8946769139935813 1.8008189720973997
529 0.8946769139935813 3.155282816145984
530 0.8946769139935813 0.9030196896169871
531 0.8946769139935813 2.080912779232714
532 0.8946769139935813 3.00635132998339
533 0.8946769139935813 1.820212230606721
534 0.8946769139935813 1.199408149369083
535 0.8946769139935813 0.9025010145897966
536 0.8946769139935813 0.9029694546861023
537 0.8946769139935813 0.9031011104399347
538 0.8946769139935813 3.7489234018318633
539 0.8946765084293068 3.369509362767241
540 0.8946765084293068 3.4495614787414826
541 0.8946765084293068 3.1214499593119958
542 0.8946765084293068 6.537281868615894
543 0.8946765084293068 0.903986773259758
544 0.8946765084293068 1.7189431773427828
545 0.8946765084293068 1.7788056659436011
546 0.8946765084293068 2.132866040483316
547 0.8946765084293068 1.7503006798923453
548 0.8945390858064962 0.9035810247327899
549 0.8945371791784906 1.7300316763868708
550 0.8945371791784906 1.4664369545655722
551 0.8945371791784906 0.9033238402381714
552 0.8945371791784906 0.9030776413582372
553 0.8945371791784906 3.146491658010486
554 0.8945371791784906 2.3243462141706344
555 0.8945371791784906 1.8037109963659166
556 0.8945371791784906 0.9030731391917657
557 0.8945371791784906 1.772000327220929
558 0.8945371791784906 5.066885313647187
559 0.8945371791784906 0.9026512854372025
560 0.8945371791784906 1.4862805106813854
561 0.8945371791784906 2.6600754305299397
562 0.8945371791784906 0.9024248215943577
563 0.8945371791784906 2.220137644010365
564 0.8945371791784906 1.3912430614360511
565 0.8945371791784906 3.900780740387559
566 0.8945371791784906 2.2636995341168564
567 0.8945371791784906 3.6360913729664635
568 0.8945371791784906 0.902000620938363
569 0.8945371791784906 2.153251434860496
570 0.8945371791784906 1.5277294959121415
571 0.8945371791784906 3.4696795689273188
572 0.8945371791784906 3.044182248371988
573 0.8945371791784906 2.22781533983228
574 0.8945371791784906 3.4779249687604876
575 0.8945371791784906 2.6614419992565574
576 0.8945371791784906 1.6536050584527606
577 0.8945371791784906 1.0469188270083623
578 0.8945371791784906 4.761166764300403
579 0.8945371791784906 1.9536354741284958
580 0.8945371791784906 2.718980791519275
581 0.8945371791784906 0.9011615814875238
582 0.8945371791784906 1.3681244185082397
583 0.8945371791784906 1.941297468277147
584 0.8945371791784906 2.681588079710258
585 0.8945371791784906 1.2548003778782015
586 0.8945371791784906 2.343459071508751
587 0.8945371791784906 0.901997111550517
588 0.8945371791784906 2.3218753700431236
589 0.8945371791784906 0.9020402574780126
590 0.8945371791784906 1.2551501019395357
591 0.8945371791784906 4.484832216116438
592 0.8945371791784906 4.09542418866797
593 0.8945371791784906 1.1551633433778639
594 0.8945371791784906 0.9012504962952731
595 0.8945371791784906 3.448402326746382
596 0.8945371791784906 1.802017562903871
597 0.8945371791784906 2.98301615991625
598 0.8945371791784906 4.208416471619287
599 0.8945371791784906 1.3407511134419963
600 0.8945371791784906 0.9004527381034406
601 0.8945371791784906 1.3518682136314562
602 0.8945371791784906 1.4016732869529511
603 0.8945371791784906 1.7474789115519294
604 0.8945371791784906 0.9008740914661327
605 0.8945371791784906 0.9008144901218591
606 0.8945371791784906 0.9004788956820262
607 0.8945371791784906 2.654038927265042
608 0.8945371791784906 2.7020521440876872
609 0.8945371791784906 0.9004492840994416
610 0.8945371791784906 0.9000926452061782
611 0.8945371791784906 3.4449497361986623
612 0.8945371791784906 0.9001209682773579
613 0.8945371791784906 4.100526259877736
614 0.8945371791784906 0.8998022034535712
615 0.8945371791784906 0.8999138850177577
616 0.8945371791784906 1.7465832180611367
617 0.8945371791784906 1.1720364228711764
618 0.8945371791784906 2.1098337188041625
619 0.8945371791784906 4.672085235661051
620 0.8945371791784906 0.8998762611462344
621 0.8945371791784906 0.8996855409515783
622 0.8945371791784906 4.560323828915583
623 0.8945371791784906 0.899996492981582
624 0.8945371791784906 1.1265879323231263
625 0.8945371791784906 3.78555186094933
626 0.8945371791784906 1.8153493168729877
627 0.8945371791784906 3.675544966072674
628 0.8945371791784906 0.8997917191637269
629 0.8945371791784906 5.338828354154027
630 0.8945371791784906 0.9003726224008852
631 0.8945371791784906 2.1013170700425805
632 0.8945371791784906 1.1255905685780492
633 0.8945371791784906 3.6769288583667925
634 0.8945371791784906 2.4065503216500703
635 0.8945371791784906 0.9004767845829265
636 0.8945371791784906 0.900336094110137
637 0.8945371791784906 3.9156294674673107
638 0.8945371791784906 2.353315165886199
639 0.8945371791784906 2.69391216151332
640 0.8945371791784906 2.323129239928569
641 0.8945371791784906 0.899963411994826
642 0.8945371791784906 1.3865362619038066
643 0.8945371791784906 2.463530386275699
644 0.8945371791784906 2.4081534443404227
645 0.8945371791784906 2.257324938795902
646 0.8945371791784906 7.163809756153316
647 0.8945371791784906 0.9000647421433179
648 0.8945371791784906 1.800312740798702
649 0.8945371791784906 3.2846646870407614
650 0.8945371791784906 3.657074772066149
651 0.8945371791784906 2.999242839928256
652 0.8945371791784906 2.751147963032542
653 0.8945371791784906 1.4079212392157254
654 0.8945371791784906 3.9586490658158744
655 0.8945371791784906 3.0753376654731874
656 0.8945371791784906 1.6992991189115891
657 0.8945371791784906 0.8982807524496487
658 0.8945371791784906 0.8978296677602318
659 0.8945371791784906 1.9672307890164635
660 0.8945371791784906 0.8979580799402135
661 0.8945371791784906 0.8980695978785649
662 0.8945371791784906 2.998543826586868
663 0.8945371791784906 0.8978215719860656
664 0.8945371791784906 3.3025970523749275
665 0.8945371791784906 1.6270337821666936
666 0.8945371791784906 3.7761402369416754
667 0.8945371791784906 7.890165201606999
668 0.8945371791784906 2.1691303419112136
669 0.8945371791784906 0.8981272667693532
670 0.8945371791784906 0.8986392179525127
671 0.8945371791784906 0.89808524934432
672 0.8945371791784906 2.048610106462426
673 0.8945371791784906 0.8985292807591972
674 0.8945371791784906 0.8985429929335542
675 0.8945371791784906 2.610850171592483
676 0.8945371791784906 0.8978779644464925
677 0.8945371791784906 0.8979780511860631
678 0.8945371791784906 2.3538327451303243
679 0.8945371791784906 4.976714496615142
680 0.8945371791784906 1.1349339665491245
681 0.8945371791784906 2.270586073055834
682 0.8945371791784906 1.659222477922877
683 0.8945371791784906 0.8976410567976713
684 0.8945371791784906 2.4364672718317912
685 0.8945371791784906 4.038142676927428
686 0.8945371791784906 2.311680283770723
687 0.8945371791784906 2.02317776629055
688 0.8945371791784906 1.4642395818266127
689 0.8945371791784906 0.897749877641148
690 0.8945371791784906 4.689192666771369
691 0.8945371791784906 2.330610593101802
692 0.8945371791784906 4.04104795338448
693 0.8945371791784906 0.8995206636744879
694 0.8945371791784906 1.975331468506256
695 0.8945371791784906 0.8991256283658021
696 0.8945371791784906 0.8993005515632909
697 0.8945371791784906 3.559236018698036
698 0.8945371791784906 3.132502901744108
699 0.8945371791784906 4.461310990173068
700 0.8945371791784906 2.0701162578308723
701 0.8945371791784906 2.002693218569624
702 0.8945371791784906 6.7332825769875955
703 0.8945371791784906 2.312312615060797
704 0.8945371791784906 0.8980362253219483
705 0.8945371791784906 3.8762892464491823
706 0.8945371791784906 2.4322558863782255
707 0.8945371791784906 1.8420535943756522
708 0.8945371791784906 7.278055452391299
709 0.8945371791784906 2.6857656653186037
710 0.8945371791784906 1.1233167863647306
711 0.8945371791784906 0.8977769113184894
712 0.8945371791784906 1.7709476080049291
713 0.8945371791784906 2.817865356983037
714 0.8945371791784906 1.635877312030462
715 0.8945371791784906 1.3252752488544408
716 0.8945371791784906 3.559369314342069
717 0.8945371791784906 0.8975414967692354
718 0.8945371791784906 0.8979156010588053
719 0.8945371791784906 2.749720943980015
720 0.8945371791784906 0.897449149376377
721 0.8945371791784906 0.8971856135976711
722 0.8945371791784906 3.478262234651369
723 0.8945371791784906 2.5047016959477717
724 0.8945371791784906 3.780736159605632
725 0.8945371791784906 2.5924505837770524
726 0.8945371791784906 1.865246358006302
727 0.8945371791784906 0.8973696071300415
728 0.8945371791784906 3.539010851903908
729 0.8945371791784906 3.0901940812261284
730 0.8945371791784906 4.711889961087334
731 0.8945371791784906 0.8979280573471279
732 0.8945371791784906 1.912636855431926
733 0.8945371791784906 2.843844079399606
734 0.8945371791784906 3.7973121916575163
735 0.8945371791784906 2.316504643401452
736 0.8945371791784906 1.3114082862074776
737 0.8945371791784906 1.154654926877612
738 0.8945371791784906 3.5386448949250267
739 0.8945371791784906 0.8972295136950771
740 0.8945371791784906 2.6336613872320105
741 0.8945371791784906 2.124444607163149
742 0.8945371791784906 1.8017938385368404
743 0.8945371791784906 3.9457938510275468
744 0.8945371791784906 3.2655585452450215
745 0.8945371791784906 2.0498517152803366
746 0.8945371791784906 1.3929775166214464
747 0.8945371791784906 2.353537424858227
748 0.8945371791784906 2.2823256678465054
749 0.8945371791784906 5.744283171897417
750 0.8945371791784906 2.965526736645939
751 0.8945371791784906 2.825984237953717
752 0.8945371791784906 2.026629374801627
753 0.8945371791784906 0.8975933198524173
754 0.8945371791784906 1.8152195157324895
755 0.8945371791784906 2.998135781644089
756 0.8945371791784906 2.7665497063220665
757 0.8945371791784906 0.8974075841080917
758 0.8945371791784906 2.869086002111858
759 0.8945371791784906 3.8225507282353313
760 0.8945371791784906 0.897838332613295
761 0.8945371791784906 1.9564381739033856
762 0.8945371791784906 1.3030320586411879
763 0.8945371791784906 0.9117620636502628
764 0.8945371791784906 1.4060024695894087
765 0.8945371791784906 2.8865874429375036
766 0.8945371791784906 2.1277995294458605
767 0.8945371791784906 2.320473499029184
768 0.8945371791784906 0.8965966602943206
769 0.8945371791784906 4.435197192375591
770 0.8945371791784906 0.8966304349551671
771 0.8945371791784906 1.2574291948877063
772 0.8945371791784906 3.661920756419147
773 0.8945371791784906 4.621559505199406
774 0.8945371791784906 3.0937956042014623
775 0.8945371791784906 0.8959284484898414
776 0.8945371791784906 2.0677526879719594
777 0.8945371791784906 2.18873384897894
778 0.8945371791784906 2.835644970013902
779 0.8945371791784906 3.116450900509879
780 0.8945371791784906 4.72418582020665
781 0.8945371791784906 1.2483637234330798
782 0.8945371791784906 5.8330222321022465
783 0.8945371791784906 1.889842791301222
784 0.8945371791784906 2.5359236032000463
785 0.8945371791784906 2.7555819156302697
786 0.8945371791784906 3.221644273242723
787 0.8945371791784906 1.7705145506551951
788 0.8945371791784906 0.8962359648183714
789 0.8945371791784906 2.67512966295141
790 0.8945371791784906 0.8961845301637992
791 0.8945371791784906 1.7822925864934753
792 0.8945371791784906 0.896277752599373
793 0.8945371791784906 3.803818191648115
794 0.8945371791784906 1.3489738615029268
795 0.8945371791784906 1.457116577308107
796 0.8945371791784906 1.4029433820264634
797 0.8945371791784906 3.5973080259530774
798 0.8945371791784906 0.8962672206013107
799 0.8945371791784906 3.257946763673417
800 0.8945371791784906 0.8963600494699533
801 0.8945371791784906 5.052799696779201
802 0.8945371791784906 5.87177249993439
803 0.8945371791784906 1.20331634448016
804 0.8945371791784906 0.8961601343068014
805 0.8945371791784906 2.6740954600863347
806 0.8945371791784906 1.767263236194958
807 0.8945371791784906 4.395430491482075
808 0.8945371791784906 1.4046107756967252
809 0.8945371791784906 2.118629555756988
810 0.8945371791784906 4.445468170148084
811 0.8945371791784906 2.849340260271414
812 0.8945371791784906 1.4194260625267248
813 0.8945371791784906 2.5710825698919506
814 0.8945371791784906 2.899629124417371
815 0.8945371791784906 2.6950718195720884
816 0.8945371791784906 1.406420069257458
817 0.8945371791784906 2.9079874175154714
818 0.8945371791784906 1.6070282461487182
819 0.8945371791784906 1.4957123345896186
820 0.8945371791784906 1.791669420260427
821 0.8945371791784906 1.4660844350119513
822 0.8945371791784906 0.8971256100758289
823 0.8945371791784906 1.860334345546792
824 0.8945371791784906 2.607959343782586
825 0.8945371791784906 0.8969724542503488
826 0.8945371791784906 2.097292926062592
827 0.8945371791784906 0.8967368563068568
828 0.8945371791784906 2.2912563113251383
829 0.8945371791784906 0.896860760885712
830 0.8945371791784906 6.8111847546394335
831 0.8945371791784906 1.7978443234908161
832 0.8945371791784906 1.6899531520869513
833 0.8945371791784906 4.1327296812991134
834 0.8945371791784906 0.8964975646749228
835 0.8945371791784906 1.9229101383843294
836 0.8945371791784906 0.8967134125917685
837 0.8945371791784906 1.7194436197419523
838 0.8945371791784906 1.1510312367178492
839 0.8945371791784906 2.2532705656862375
840 0.8945371791784906 2.550703925542626
841 0.8945371791784906 0.8967154612786592
842 0.8945371791784906 0.8963388712271988
843 0.8945371791784906 0.8962461386031438
844 0.8945371791784906 1.7973156612394094
845 0.8945371791784906 0.8964050695573158
846 0.8945371791784906 2.4732911681335477
847 0.8945371791784906 1.5409741568365072
848 0.8945371791784906 2.6971188248793068
849 0.8945371791784906 0.896743342784854
850 0.8945371791784906 3.0619102503376188
851 0.8945371791784906 0.8965415614313482
852 0.8945371791784906 0.8967193404183585
853 0.8945371791784906 1.3041759927000345
854 0.8945371791784906 2.8893690550080646
855 0.8945371791784906 1.1217210199099972
856 0.8945371791784906 3.5794104701713576
857 0.8945371791784906 7.320241525710519
858 0.8945371791784906 2.347822957290512
859 0.8945371791784906 1.6314897483399227
860 0.8945371791784906 3.4649312464903175
861 0.8945371791784906 0.8961199313339769
862 0.8945371791784906 2.3197213440113957
863 0.8945371791784906 2.239997710831694
864 0.8945371791784906 4.271107297074803
865 0.8945371791784906 1.8133089450388706
866 0.8945371791784906 3.7739981726510483
867 0.8945371791784906 3.9726598304103344
868 0.8945371791784906 0.8966045227051861
869 0.8945371791784906 0.8965965511600715
870 0.8945371791784906 3.024366862361585
871 0.8945371791784906 2.1568364887879725
872 0.8945371791784906 2.2810273450742806
873 0.8945371791784906 1.7040702823027456
874 0.8945371791784906 3.110042395438412
875 0.8945371791784906 5.138568507745886
876 0.8945371791784906 5.670799633987194
877 0.8945371791784906 4.2553564328461935
878 0.8945371791784906 1.9864431533811118
879 0.8945371791784906 1.8011298400354496
880 0.8945371791784906 1.503489332862351
881 0.8945371791784906 2.975367434420339
882 0.8945371791784906 0.8972896098718743
883 0.8945371791784906 2.4960779611865926
884 0.8945371791784906 3.9269032408231204
885 0.8945371791784906 5.52402526717955
886 0.8945371791784906 2.1743591844310655
887 0.8945371791784906 3.973006417349327
888 0.8945371791784906 2.5529574925348295
889 0.8945371791784906 0.8979828785614
890 0.8945371791784906 1.9944119073467907
891 0.8945371791784906 1.0289624595455795
892 0.8945371791784906 2.3377763044682114
893 0.8945371791784906 1.4047984899607295
894 0.8945371791784906 0.8978711433091696
895 0.8945371791784906 1.8446357380637284
896 0.8945371791784906 2.805930167822487
897 0.8945371791784906 1.406877500176713
898 0.8945371791784906 1.7444477234070592
899 0.8945371791784906 0.8979789018048331
900 0.8945371791784906 0.8980873354370571
901 0.8945371791784906 1.7974583466660383
902 0.8945371791784906 0.8976260234099523
903 0.8945371791784906 4.994091018622413
904 0.8945371791784906 0.8974621883469159
905 0.8945371791784906 3.044729723847784
906 0.8945371791784906 0.8970871290692053
907 0.8945371791784906 2.1485839907478903
908 0.8945371791784906 2.5804010992260755
909 0.8945371791784906 0.8967039081421629
910 0.8945371791784906 0.8966477828723848
911 0.8945371791784906 2.709165117036574
912 0.8945371791784906 3.9649274999690785
913 0.8945371791784906 3.0572348800102453
914 0.8945371791784906 0.8967796193619102
915 0.8945371791784906 0.8969162398997793
916 0.8945371791784906 1.7436450795126526
917 0.8945371791784906 4.698386677353332
918 0.8945371791784906 1.1245896528564059
919 0.8945371791784906 0.8973900386235621
920 0.8945371791784906 2.287795058741415
921 0.8945371791784906 1.4017200156241238
922 0.8945371791784906 5.418856027343254
923 0.8945371791784906 2.7391500492202447
924 0.8945371791784906 1.3632418647857005
925 0.8945371791784906 2.455956058709184
926 0.8945371791784906 6.0808800489672885
927 0.8945371791784906 2.393873565798082
928 0.8945371791784906 2.5617272405499882
929 0.8945371791784906 1.8730848726875222
930 0.8945371791784906 4.3934006628407944
931 0.8945371791784906 4.046819258113953
932 0.8945371791784906 0.8964195286505209
933 0.8945371791784906 3.387409350079622
934 0.8945371791784906 0.8961801459050837
935 0.8945371791784906 0.8960100144107609
936 0.8945371791784906 0.8959765855875662
937 0.8945371791784906 0.8959307372927732
938 0.8945371791784906 1.7882006360535618
939 0.8945371791784906 2.6808787793032085
940 0.8945371791784906 1.4049901948676662
941 0.8945371791784906 0.8958679450507363
942 0.8945371791784906 2.250865803165783
943 0.8945371791784906 3.010887566827554
944 0.8945371791784906 3.026945795136491
945 0.8945371791784906 0.8958328118873702
946 0.8945371791784906 5.1089623039716106
947 0.8945371791784906 4.532853786355794
948 0.8945371791784906 1.8074359293104936
949 0.8945371791784906 4.293675925248213
950 0.8945371791784906 1.2621083506190802
951 0.8945371791784906 2.0603580340608034
952 0.8945371791784906 2.149429099539468
953 0.8945371791784906 7.51704941314669
954 0.8945371791784906 1.5833721742106421
955 0.8945371791784906 3.515281537280232
956 0.8945371791784906 3.1696174505548766
957 0.8945371791784906 1.4271775942435414
958 0.8945371791784906 3.6215102179458296
959 0.8945371791784906 1.354510548459087
960 0.8945371791784906 2.0876295281146953
961 0.8945371791784906 1.2485987944968868
962 0.8945371791784906 3.392756459797642
963 0.8945371791784906 1.9146070030922226
964 0.8945371791784906 0.8960694639837776
965 0.8945371791784906 1.7968515751453418
966 0.8945371791784906 0.8960036532942179
967 0.8945371791784906 2.0233536483442522
968 0.8945371791784906 2.7258082096948666
969 0.8945371791784906 1.8106655438088795
970 0.8945371791784906 0.8959312350728937
971 0.8945371791784906 1.7967418255729235
972 0.8945371791784906 1.5908372524836452
973 0.8945371791784906 1.825122921426405
974 0.8945371791784906 0.8958971152977441
975 0.8945371791784906 1.4772082990893514
976 0.8945371791784906 2.3052556488478717
977 0.8945371791784906 2.433112207816785
978 0.8945371791784906 0.8956540756850024
979 0.8945371791784906 1.9995434559975362
980 0.8945371791784906 0.8956082156812947
981 0.8945371791784906 5.63205300458034
982 0.8945371791784906 3.033379752425382
983 0.8945371791784906 0.8954215061953795
984 0.8945371791784906 1.24736511683411
985 0.8945371791784906 1.7792062394649995
986 0.8945371791784906 2.9228153625692848
987 0.8945371791784906 1.7975173995712854
988 0.8945371791784906 2.302190148203403
989 0.8945371791784906 0.895449054562949
990 0.8945371791784906 0.8954341026802309
991 0.8945371791784906 2.2115493945506475
992 0.8945371791784906 0.8955097773959079
993 0.8945371791784906 0.895492234948212
994 0.8945371791784906 2.1366991452695747
995 0.8945371791784906 3.3067821092617122
996 0.8945371791784906 0.8954243429015929
997 0.8945371791784906 1.8606065217162808
998 0.8945371791784906 2.302064855871384
999 0.8945371791784906 1.4030744657922702
