# iteración mejor promedio
0 110.05667803102989 184.10105898716637
1 109.07403633831984 178.4424761936452
2 105.23163337057956 172.64225434643552
3 96.64616114048539 170.06730794721648
4 74.52416415647313 163.54067407746896
5 66.37298970279673 156.72317913028186
6 66.37298970279673 149.49315102106513
7 59.18903996317749 144.4482278835944
8 42.30253298085935 130.52061752129407
9 42.30253298085935 126.20465323113415
10 42.30253298085935 119.48076810160819
11 40.25527469252757 114.5767745217291
12 40.25527469252751 111.03342086377917
13 40.25527469252751 105.7902672463828
14 40.25527469252751 102.76555744427013
15 37.31291311147731 96.32687139032043
16 37.31291311147731 98.78886819637317
17 37.31291311147731 95.92138503039801
18 37.31291311147731 91.48879013639174
19 37.31291311147731 89.67165968656661
20 23.622461519383993 88.8242122728193
21 23.622461519383993 82.25444695528034
22 22.98283523017449 77.24295726231811
23 19.754794207881453 75.94888537381847
24 19.754794207881453 72.228573208565
25 18.464032928090642 69.96939930449533
26 18.464032928090642 69.14812939490676
27 18.464032928090642 64.11998945437382
28 18.464032928090642 59.63153563932937
29 15.725516562839317 55.19977199455989
30 14.57190870853988 55.3409150068574
31 14.2795798127565 54.18775185983947
32 14.2795798127565 53.01095183902478
33 13.918578350885126 50.84742735638716
34 13.918578350885126 48.66066222443183
35 9.888203071390718 44.8333900449859
36 9.888203071390718 43.296966108415205
37 9.888203071390718 42.323473262913055
38 9.888203071390718 38.6419148228013
39 9.66076449288627 40.2110019069814
40 9.66076449288627 39.29534372850111
41 9.66076449288627 39.04423716590633
42 9.66076449288627 36.16049105766285
43 9.66076449288627 30.34693575455951
44 9.181744170458797 26.561543063117306
45 8.570272491176212 21.614111949090066
46 8.044380936848397 17.964503414070307
47 8.044380936848397 16.527022707614513
48 8.044380936848397 16.662479019136832
49 7.935720866527044 15.900533844754356
50 7.410487658189835 15.167490994364368
51 7.410487658189835 15.04949035271694
52 7.410487658189835 13.696842005088957
53 7.12056089223695 13.277661606682644
54 6.796794853492353 12.139790136942686
55 6.796794853492353 12.470656459329918
56 6.796794853492353 12.029423814846645
57 6.796794853492353 12.168466643125534
58 6.788278121148132 11.34059848443981
59 6.788278121148132 12.639366969336402
60 6.788278121148132 11.141278091051586
61 6.636715195307259 10.832005719691574
62 6.636715195307259 10.563435053493897
63 6.424400502531903 9.548620141666216
64 6.424400502531903 9.947166014239146
65 6.423637684022092 9.439909135680958
66 6.0175781606198555 10.030413740893835
67 6.0175781606198555 10.349392630387173
68 6.0175781606198555 8.964069397226194
69 6.0175781606198555 8.843536213359553
70 5.809999815776834 9.529796373997124
71 5.809999815776834 9.311244529346686
72 5.666505999210036 8.019560523429632
73 5.666505999210036 8.22738912743541
74 5.666178845315631 8.123244798159698
75 5.413094888789756 8.185366569830691
76 5.413094888789756 8.332828285686137
77 5.413094888789756 7.977943492956192
78 5.413094888789756 7.271412384089928
79 5.413094888789756 7.305912934539132
80 5.413094888789756 7.158775726009959
81 5.412609046455017 8.400487872428904
82 5.356896524437348 8.244041440049912
83 5.356896524437348 7.576112265161928
84 5.356896524437348 8.03621303985293
85 5.135617301802331 8.003386446797618
86 5.135617301802331 6.966619959397641
87 5.135617301802331 7.006081824158816
88 5.135617301802331 6.672579115336688
89 5.135617301802331 7.304309334905046
90 5.135617301802331 6.593487351551886
91 5.135617301802331 7.226036375805432
92 5.135617301802331 8.237983356554292
93 5.135617301802331 7.578632184918424
94 5.135617301802331 7.52130379470533
95 5.129873965475323 7.607546119787026
96 5.127954664786902 6.293757553286138
97 5.127954664786902 6.110960464645955
98 5.127954664786902 5.985024131634242
99 5.127954664786902 6.767313131698869
100 5.092880376868248 6.274923953522856
101 5.092880376868248 8.453316573278927
102 5.092880376868248 6.791738391341613
103 5.092880376868248 6.2630404156602815
104 5.092880376868248 5.92580802384913
105 5.092880376868248 5.567524695160712
106 5.092880376868248 7.423496158548902
107 5.092880376868248 6.2035779442528
108 5.0832166826283345 6.539998007551206
109 5.08321668262834 6.897003599220624
110 5.08321668262834 6.967210167313359
111 5.08321668262834 6.325159875614227
112 5.08321668262834 7.038295457069259
113 5.08321668262834 7.250793899979616
114 5.08321668262834 7.4222278101801304
115 5.08321668262834 6.439977365325255
116 5.08321668262834 6.514697363957489
117 5.08321668262834 6.1819541109622484
118 5.08321668262834 6.464214530201562
119 5.08321668262834 6.238990317723482
120 5.08321668262834 6.558401748212496
121 5.08321668262834 5.979660943533032
122 5.08321668262834 5.5039145618350975
123 5.08321668262834 7.235539307207504
124 5.08321668262834 7.10153620092878
125 5.08321668262834 7.382290417659001
126 5.08321668262834 6.513028528174333
127 5.08321668262834 6.241576507489714
128 4.745062546973287 6.898955354762458
129 4.557085950461353 7.14418777896604
130 4.554165044583236 5.844537226550497
131 4.554165044583236 5.416788908086879
132 4.554165044583236 6.364196487785099
133 4.554165044583236 5.854594641057449
134 4.554165044583236 6.063306738124414
135 4.554165044583236 7.853767234258283
136 4.546349194448387 5.850082639077538
137 4.546349194448387 5.286610567977473
138 4.546349194448387 6.3727571867802775
139 4.546349194448387 5.2747028618417575
140 4.546349194448387 5.297433254272249
141 4.546349194448387 7.386074161961318
142 4.531791685795003 7.413458404701077
143 4.531791685795003 6.486367413878728
144 4.510913603660821 6.636668667973916
145 4.510913603660821 7.342217781332728
146 4.506279294868618 5.581946696026043
147 4.501689908333864 6.192326508449386
148 4.501689908333864 5.596089417965461
149 4.501689908333864 6.3233117376002905
150 4.501689908333864 6.419488226915376
151 4.496739940742904 6.046705449746454
152 4.496739940742904 6.292098505724615
153 4.496739940742904 5.641651633220829
154 4.496739940742904 5.557888672059497
155 4.496739940742904 5.23539827226199
156 4.496739940742904 5.777101945238891
157 4.496733051505592 6.152276000251338
158 4.496733051505592 5.14843105281725
159 4.496733051505592 5.2556812114905025
160 4.496733051505592 5.144974096470533
161 4.494854730905027 5.381020173252108
162 4.494854730905027 5.2419179990543485
163 4.4948499614187 7.212040231683683
164 4.4920873911009735 5.260455655309853
165 4.491331496706168 4.973539981726701
166 4.491331496706168 6.6198165724648
167 4.48075793489801 6.498501982572919
168 4.48075793489801 6.219655525085559
169 4.48075793489801 4.996229033288397
170 4.48075793489801 4.958410762551345
171 4.48075793489801 6.0032788749287205
172 4.48075793489801 5.923905781271169
173 4.48075793489801 5.288279819548397
174 4.48075793489801 5.083797884360794
175 4.48075793489801 4.822725880052307
176 4.48075793489801 5.992092202342016
177 4.48075793489801 5.47530589449261
178 4.479195320840601 5.28775154424066
179 4.479195320840601 6.199977977028383
180 4.478954453270939 4.71141807507044
181 4.478954453270939 5.664947287946883
182 4.478954453270939 7.512710647516198
183 4.4764072752884 7.1298194056174236
184 4.4764072752884 6.8991305098462385
185 4.4764072752884 5.469143428487587
186 4.47618399980116 5.389986333504783
187 4.469996235725404 4.947138510190612
188 4.469996235725404 4.877374995277258
189 4.4698473405242005 5.357609518762509
190 4.460236199562464 6.795292595328533
191 4.460236199562464 6.951732620864184
192 4.460236199562464 5.6428736347333315
193 4.458255016989618 5.497695377859315
194 4.4549019368968175 5.053363064487062
195 4.4549019368968175 6.282954433542633
196 4.454872358059385 4.785404275808713
197 4.454872358059385 5.703728016964225
198 4.454872358059385 5.955953948182054
199 4.454872358059385 5.865471837917429
200 4.454872358059385 5.132362725673723
201 4.454872358059385 6.148567550568755
202 4.454872358059385 5.614173500313014
203 4.450825075618988 4.818739725439399
204 4.450825075618988 5.460227712061271
205 4.449829236850457 5.583807113742094
206 4.449829236850457 5.667860747512964
207 4.449829236850457 5.9310134416279645
208 4.449829236850457 4.599992618587296
209 4.449829236850457 4.583186587636372
210 4.449829236850457 5.02711906695762
211 4.447155178261413 5.798598114697723
212 4.447155178261413 5.3864397444617795
213 4.447155178261413 4.970084453168875
214 4.447155178261413 6.093452206467263
215 4.447155178261413 5.563891932763423
216 4.447155178261413 5.807853011999073
217 4.447155178261413 6.28629791123762
218 4.447155178261413 5.575386126543453
219 4.447133245630381 6.100632044876149
220 4.447133245630381 5.911531222319732
221 4.447133245630381 5.4614294252315085
222 4.447133245630381 5.200474233032565
223 4.446364977107285 5.76584914852391
224 4.446364977107285 5.985701325245266
225 4.446364977107285 5.539500881653424
226 4.446364977107285 5.6566569033965495
227 4.446364977107285 7.460595705218436
228 4.446364977107285 6.019634479880867
229 4.446364977107285 8.0647874062911
230 4.446364977107285 8.300125348329194
231 4.446124109537616 5.5485733873649785
232 4.430822440409855 7.2808046689060575
233 4.430822440409855 5.277906609981908
234 4.430822440409855 5.3425239793737935
235 4.430822440409855 6.55210801251991
236 4.430822440409855 5.582317141904574
237 4.430822440409855 5.317988370835369
238 4.430822440409855 4.823350448047028
239 4.413066315661865 6.043981959392232
240 4.4130618487627835 5.9230127740287655
241 4.4130618487627835 8.022053725103346
242 4.4130618487627835 4.881515552585756
243 4.4130618487627835 5.727464638677131
244 4.4130618487627835 6.1111901774900055
245 4.4130618487627835 4.898640678611824
246 4.4130618487627835 6.374988885182667
247 4.4130618487627835 5.020825233992727
248 4.4130618487627835 6.113185057592631
249 4.4130618487627835 5.849693690804528
250 4.412972761480452 5.723730236659779
251 4.412972761480452 8.163980211846882
252 4.412972761480452 4.785687492939475
253 4.410832328231475 5.028959443373795
254 4.410828712447113 5.6008849645596275
255 4.406517528714959 4.964028936987051
256 4.406517528714959 4.707031384623637
257 4.406471897799914 6.177276591424916
258 4.406471897799914 4.530822750720096
259 4.406471897799914 4.772923996643666
260 4.406471897799914 6.321076401488961
261 4.406471897799914 5.762903795978136
262 4.406471897799914 7.067866906061317
263 4.406471897799914 4.969417589623446
264 4.406471897799914 6.561091153520752
265 4.406043291023774 6.074724768604222
266 4.405588862728601 6.150224217425749
267 4.405588862728601 5.623796895647068
268 4.405588862728601 6.945796830492838
269 4.405474230734278 6.4737466979230325
270 4.405474230734278 5.8753091053212385
271 4.405474230734278 6.326173875297087
272 4.405474230734278 6.237015030437469
273 4.405459498059834 8.199840084957161
274 4.4054155270142505 6.434397952219748
275 4.4049920560041524 6.141772996039565
276 4.403229412416366 5.483683133572619
277 4.403229412416366 4.494488390155214
278 4.403229412416366 5.496274501159718
279 4.403229412416366 7.542390399831767
280 4.402887020192532 7.831352923523417
281 4.402887020192532 5.66203624992012
282 4.365927008719352 5.157467969755028
283 4.365708305575902 5.657890767771253
284 4.365708305575902 5.047999468614217
285 4.363721773208926 4.5593221289367305
286 4.363721773208926 5.229214096617644
287 4.363721773208926 5.34661340221827
288 4.362406055573182 5.99860956297078
289 4.362406055573182 5.076211481086209
290 4.362406055573182 4.8622586469869375
291 4.362406055573182 6.170696954951608
292 4.362406055573182 6.852382098965711
293 4.3618780839775795 6.23997226259834
294 4.3618780839775795 6.146033589135332
295 4.3618780839775795 5.37377470565523
296 4.3618780839775795 5.3151003719888195
297 4.3618780839775795 5.85545218450338
298 4.3618780839775795 7.58982014678726
299 4.3618780839775795 6.276226250170923
300 4.3618780839775795 7.812551939473803
301 4.3618780839775795 6.373095585014023
302 4.3618780839775795 7.2097557341497165
303 4.3618780839775795 4.847009081353261
304 4.3618780839775795 6.1618845105595765
305 4.3618780839775795 5.2622091041678996
306 4.3618780839775795 5.058537470038374
307 4.3618780839775795 5.622929954705613
308 4.3618780839775795 4.696334908034762
309 4.3618780839775795 5.712307552531896
310 4.3618780839775795 5.399361591830845
311 4.3618780839775795 5.198082336742401
312 4.3618780839775795 5.317853920589463
313 4.3618780839775795 5.541496499021565
314 4.3617109045793665 5.136729925629695
315 4.3617109045793665 6.3358831498345065
316 4.3617109045793665 5.6329760091267405
317 4.3617109045793665 4.738846779308693
318 4.3617109045793665 5.189463296990055
319 4.36171015960123 4.485345234780184
320 4.361709416988086 5.981810171340632
321 4.361709416988086 7.434705331442936
322 4.361709416988086 5.141763584336694
323 4.361709416988086 5.629888826700256
324 4.361709416988086 5.232119152611445
325 4.361709416988086 4.858997520320517
326 4.361413323888478 5.348778451145445
327 4.361413323888478 5.143835216981475
328 4.361413323888478 4.8745049630855
329 4.361413323888478 5.365374705465083
330 4.3614121674049215 6.52100489154019
331 4.3614121674049215 5.515083756147374
332 4.361402092677743 5.4264513552316
333 4.361402092677743 6.857619868347853
334 4.361402092677743 5.470330111502462
335 4.361402092677743 6.089776021655511
336 4.361402092677743 4.940584820311546
337 4.361402092677743 4.778683014800946
338 4.361402092677743 5.675609568410494
339 4.361402092677743 5.448929613708997
340 4.361402092677743 5.780826283853814
341 4.361402092677743 5.107394997499719
342 4.361402092677743 5.357137822187144
343 4.361402092677743 5.629976769220158
344 4.361402092677743 7.167408400318546
345 4.361402092677743 5.395948750127877
346 4.361402092677743 5.705944315801454
347 4.361284516418015 7.577260569232482
348 4.361284516418015 6.348438217474852
349 4.361233940699954 5.114609744683919
350 4.361233940699954 5.156576563632383
351 4.359766055456795 5.217731957006297
352 4.359766055456795 4.7410410098720455
353 4.359766055456795 5.40276643952858
354 4.359766055456795 5.229563005580976
355 4.359766055456795 4.733528956288687
356 4.359766055456795 5.004909987992622
357 4.359766055456795 5.864178656608399
358 4.359766055456795 7.100615052741671
359 4.359766055456795 5.858537319728087
360 4.3587692345639795 5.523822428686479
361 4.3587692345639795 4.603581431011628
362 4.3587692345639795 5.99945908990873
363 4.3587692345639795 5.3244974633129285
364 4.3587692345639795 6.980233533646432
365 4.3587692345639795 5.97147234746942
366 4.356746261756031 5.678698382899633
367 4.351685417964255 5.030797246040304
368 4.351685417964255 5.712190826974506
369 4.350067725513632 5.025837662424953
370 4.350067725513632 5.642430867410342
371 4.350067725513632 6.22678959140142
372 4.350067725513632 6.3490787782557865
373 4.350067725513632 6.273099189634061
374 4.350067725513632 6.9634140256201
375 4.350067725513632 5.1248869558380115
376 4.350067725513632 6.1923223711328
377 4.350067725513632 5.755942594763634
378 4.350067725513632 4.7368872248796645
379 4.350067725513632 5.65854736692609
380 4.349289051365382 4.607123940538418
381 4.349289051365382 5.169878586920528
382 4.349289051365382 4.9215845533903995
383 4.349289051365382 5.945976934462099
384 4.349289051365382 5.241366964989369
385 4.349289051365382 5.468513737932041
386 4.349289051365382 5.182098410186625
387 4.349289051365382 6.189484602851164
388 4.349289051365382 5.895655486075685
389 4.349289051365382 5.27162447715853
390 4.349217382456006 5.699096087978691
391 4.349217382456006 4.776750297972901
392 4.34902860396663 4.787110864614752
393 4.34902860396663 5.544911291490316
394 4.34902860396663 4.613821493918891
395 4.34902860396663 5.073282141127309
396 4.34902860396663 5.0993594649926655
397 4.34902860396663 4.736611118492247
398 4.34902860396663 6.358218396275933
399 4.34902860396663 4.8991406717472845
400 4.34902860396663 5.615992497723187
401 4.34902860396663 5.461062807748636
402 4.34902860396663 5.291787277327506
403 4.34902860396663 5.478149543907527
404 4.34902860396663 4.936291331384894
405 4.34902860396663 5.195585416015818
406 4.34902860396663 6.177946751801698
407 4.34902860396663 5.502177747585799
408 4.34902860396663 6.266095417429151
409 4.347429736886298 5.730940726542242
410 4.332091895149587 5.817999310958903
411 4.332091895149587 5.59624550006887
412 4.332091895149587 4.751526792002627
413 4.332091895149587 6.032666986323635
414 4.332091895149576 5.254301378335895
415 4.329685428010141 5.30689391426131
416 4.328554242647115 5.544223105543425
417 4.328554242647115 6.648156810512063
418 4.328554242647115 6.341430448311623
419 4.328554242647115 5.710878284495153
420 4.328554242647115 5.819148812466778
421 4.328554242647115 5.699240061381164
422 4.328540589817578 9.078711269462424
423 4.3222232061342964 6.746609861559009
424 4.3215184070704 4.999879436794202
425 4.312324795541144 5.917758330041348
426 4.312324795541144 6.418566477048464
427 4.309885444375695 6.720451073676279
428 4.309885444375695 4.974676760193086
429 4.309885444375695 5.161207477730097
430 4.309885444375695 5.552364341503485
431 4.309885444375695 5.845781045917146
432 4.309037451155177 4.570811818370042
433 4.309037451155177 5.021848889117776
434 4.309037451155177 6.2335357429981135
435 4.309037451155177 5.2876885563722915
436 4.309037451155177 4.934527671136589
437 4.309037451155177 6.037072189879742
438 4.309037451155177 5.0743375025026145
439 4.309037451155177 6.332913115256824
440 4.3089050826570165 5.90721425472554
441 4.308664215087347 5.188918032248783
442 4.308664215087347 5.103794100820971
443 4.308664215087347 5.196539290763262
444 4.308664215087347 6.5134685502552365
445 4.308664215087347 6.693208864705907
446 4.308664215087347 5.262900340630232
447 4.308664215087347 4.707058871450181
448 4.308664215087347 6.407931269151289
449 4.308664215087347 4.400961267872916
450 4.308664215087347 5.019590799630777
451 4.308664215087347 6.771454506528191
452 4.308664215087347 5.362305257190051
453 4.308664215087347 6.367884488853625
454 4.308664215087347 7.195083140188026
455 4.308664215087347 5.755178606947409
456 4.308664215087347 5.28379735826309
457 4.308664215087347 4.97819223017352
458 4.308664215087347 4.974496365434987
459 4.308664215087347 4.386740313983078
460 4.308664215087347 4.980505166817168
461 4.308664215087347 6.383443610623492
462 4.308664215087347 5.4865475202373934
463 4.308664215087347 6.035692532938124
464 4.308664215087347 5.31012575387505
465 4.308664215087347 4.9478908094556395
466 4.308664215087347 5.142363103154059
467 4.308664215087347 5.622875691866387
468 4.308663035791071 4.763319987629753
469 4.308663035791071 5.629998470755989
470 4.308663035791071 5.454987855348259
471 4.308663035791071 6.178215175316253
472 4.308663035791071 4.836024906672613
473 4.308663035791071 5.209927436101916
474 4.308663035791071 5.854970788025278
475 4.308663035791071 4.932369928845954
476 4.308663035791071 4.383745494787041
477 4.308663035791071 5.248271522801015
478 4.308663035791071 5.542611059239671
479 4.308663035791071 5.3167166082816975
480 4.30863901089036 5.5461568970517074
481 4.30863901089036 6.8935014356224995
482 4.30863901089036 7.825301131482061
483 4.30863901089036 4.911770741729479
484 4.30863901089036 4.608681895510663
485 4.30863901089036 5.669160102936477
486 4.30863901089036 5.732832489354257
487 4.30863901089036 5.432368720262763
488 4.30863901089036 6.545718841742133
489 4.30863901089036 5.029467980940515
490 4.30863901089036 5.072906837707639
491 4.30863901089036 6.57612669452491
492 4.30863901089036 5.426210760626888
493 4.30863901089036 4.559690265645842
494 4.30863901089036 6.051507700448598
495 4.308624209117806 6.394965693436663
496 4.308012967351438 5.024114406940151
497 4.308012967351438 5.870335369898373
498 4.308012967351438 4.951568825843502
499 4.308012967351438 6.0526946698014505
500 4.308012967351438 5.481589891249141
501 4.308012967351438 5.4308052218796625
502 4.305562184221834 5.19366195545676
503 4.305562184221834 6.993155489828067
504 4.305562184221834 4.994383375938817
505 4.305562184221834 4.939806587997526
506 4.305562184221834 5.383180983686004
507 4.305562184221834 4.666717225710109
508 4.30556218422182 4.37468411233539
509 4.30556218422182 5.866078770305905
510 4.30556218422182 6.260362927594038
511 4.30556218422182 6.106877085923804
512 4.30556218422182 6.003914476875842
513 4.30556218422182 4.51692752246997
514 4.30556218422182 7.936934457080939
515 4.30556218422182 6.729762128806587
516 4.30556218422182 6.2560410711621595
517 4.30556218422182 5.0447440535773005
518 4.30556218422182 4.8054263589685755
519 4.30556218422182 5.04090577400228
520 4.30556218422182 5.783680465212189
521 4.30556218422182 6.555476960341407
522 4.30556218422182 6.721419501120107
523 4.30556218422182 5.010176729854232
524 4.30556218422182 5.005526703367842
525 4.30556218422182 5.2827300254275205
526 4.30556218422182 5.574279474499454
527 4.30556218422182 5.432871412346142
528 4.30556218422182 4.441574670905458
529 4.30556218422182 5.176291245598394
530 4.30556218422182 5.39921876549382
531 4.30556218422182 4.940636227482035
532 4.30556218422182 4.367055597248673
533 4.30556218422182 4.362820407566353
534 4.30556218422182 4.663303094439951
535 4.30556218422182 5.478863546381257
536 4.30556218422182 5.7884402226282585
537 4.30556218422182 5.6500902931136485
538 4.30556218422182 6.725301867390896
539 4.30556218422182 5.552730175016561
540 4.30556218422182 7.055754219586821
541 4.30556218422182 5.185916590421125
542 4.30556218422182 6.123199081490733
543 4.30556218422182 6.29173591349304
544 4.30556218422182 5.491427725335259
545 4.30556218422182 5.531744175843944
546 4.30556218422182 6.978579143904925
547 4.30556218422182 5.0178157344384
548 4.30556218422182 5.1783175279325135
549 4.30556218422182 5.1422406883386484
550 4.30556218422182 4.546669002128166
551 4.30556218422182 5.899554737219171
552 4.30556218422182 5.475447400799539
553 4.30556218422182 5.273674290277554
554 4.30556218422182 5.866122517186462
555 4.30556218422182 5.357365174420995
556 4.30556218422182 4.638847935105314
557 4.30556218422182 4.348885288022325
558 4.30556218422182 4.774314543529947
559 4.30556218422182 7.473497409645663
560 4.30556218422182 5.808763703053457
561 4.30556218422182 5.16037791965165
562 4.30556218422182 5.261750069635017
563 4.30556218422182 4.928312824179199
564 4.30556218422182 5.007446094935268
565 4.30556218422182 4.983446886765832
566 4.30556218422182 6.239123149485266
567 4.30556218422182 4.584297267272527
568 4.30556218422182 5.4114247780494615
569 4.30556218422182 5.788374780853767
570 4.30556218422182 4.980683269412258
571 4.30556218422182 5.249332141451486
572 4.30556218422182 4.615147537509805
573 4.30556218422182 6.552977249929463
574 4.30556218422182 5.8217771803196205
575 4.30556218422182 6.561623216004612
576 4.30556218422182 6.1036014571562145
577 4.30556218422182 7.4368570420078735
578 4.30556218422182 4.484606905178787
579 4.30556218422182 7.013090604315052
580 4.30556218422182 6.134020865548839
581 4.30556218422182 5.85852461255736
582 4.30556218422182 5.129315094826982
583 4.30556218422182 5.062911176953931
584 4.30556218422182 4.959053235358539
585 4.30556218422182 7.402082930179667
586 4.30556218422182 6.054338729177805
587 4.30556218422182 5.9545097106862555
588 4.30556218422182 5.918845562596873
589 4.30556218422182 5.247133104905624
590 4.30556218422182 5.6144588993610505
591 4.30556218422182 6.781617857633505
592 4.30556218422182 5.385092516997932
593 4.30556218422182 5.913119642242288
594 4.30556218422182 5.689702522235745
595 4.30556218422182 5.171555308694849
596 4.30556218422182 4.798819372090192
597 4.30556218422182 6.115956111104437
598 4.30556218422182 5.659049085224265
599 4.30556218422182 5.0436668776575155
600 4.30556218422182 5.013503384871147
601 4.30556218422182 4.63403956071163
602 4.30556218422182 6.826081162334026
603 4.30556218422182 6.278462752714159
604 4.30556218422182 7.032451497862683
605 4.30556218422182 5.42423217858424
606 4.30556218422182 5.383312696487692
607 4.30556218422182 6.246285845034014
608 4.30556218422182 5.924290422638051
609 4.30556218422182 6.207468128315348
610 4.30556218422182 5.487373476947322
611 4.30556218422182 5.407532203952742
612 4.30556218422182 6.032488973678319
613 4.30556218422182 6.181832939388017
614 4.30556218422182 5.514202876920638
615 4.30556218422182 5.307572887973751
616 4.30556218422182 4.880748326132258
617 4.30556218422182 6.09485031173123
618 4.30556218422182 4.334900889600175
619 4.30556218422182 5.787958793494469
620 4.30556218422182 6.363277478425838
621 4.30556218422182 6.737860817726141
622 4.30556218422182 5.509693095987468
623 4.30556218422182 5.397529216369758
624 4.30556218422182 7.080943803951431
625 4.30556218422182 5.24894723182412
626 4.30556218422182 6.6542859116546955
627 4.30556218422182 6.046541931976936
628 4.30556218422182 6.494033201423024
629 4.30556218422182 4.605382283345283
630 4.30556218422182 4.334510641903809
631 4.30556218422182 4.8433661066048215
632 4.30556218422182 4.51311891489647
633 4.30556218422182 5.310182016753109
634 4.30556218422182 5.210605163572878
635 4.30556218422182 5.154602725548531
636 4.30556218422182 5.0054122702875254
637 4.30556218422182 6.404874777041747
638 4.30556218422182 5.7816522104422825
639 4.30556218422182 5.515303126908967
640 4.30556218422182 6.364600793021453
641 4.30556218422182 4.646967356958814
642 4.30556218422182 5.264218504966822
643 4.30556218422182 5.590989007154008
644 4.30556218422182 7.1475137092281305
645 4.30556218422182 4.8263846328956745
646 4.30556218422182 7.4745306333973724
647 4.30556218422182 4.90807291382355
648 4.30556218422182 6.807435885594104
649 4.30556218422182 6.839263736885758
650 4.30556218422182 4.9065510621755966
651 4.30556218422182 5.5571269208001555
652 4.30556218422182 5.999345364578591
653 4.30556218422182 5.677185992802334
654 4.30556218422182 7.555693547623564
655 4.30556218422182 5.932553979888777
656 4.30556218422182 6.491944249534559
657 4.30556218422182 6.013783712791582
658 4.30556218422182 5.31946122132499
659 4.30556218422182 6.6095794983594836
660 4.30556218422182 6.142454946812926
661 4.30556218422182 4.746426737195183
662 4.30556218422182 6.351845866854892
663 4.30556218422182 5.742316954202014
664 4.30556218422182 5.809196289118144
665 4.30556218422182 5.24854069092677
666 4.30556218422182 5.13038463646527
667 4.30556218422182 6.802134111358639
668 4.30556218422182 5.70707952017329
669 4.30556218422182 5.119093976224828
670 4.30556218422182 5.9117374436920285
671 4.30556218422182 5.914459385795099
672 4.30556218422182 4.706209369345293
673 4.30556218422182 5.593399266440733
674 4.30556218422182 6.264435254517761
675 4.30556218422182 5.417174793744347
676 4.30556218422182 5.376907733890765
677 4.30556218422182 5.685204319384587
678 4.30556218422182 4.820992149211399
679 4.30556218422182 5.813319641153356
680 4.30556218422182 5.731600211131267
681 4.30556218422182 6.237629059268508
682 4.30556218422182 5.234263580504102
683 4.30556218422182 7.72676241121634
684 4.30556218422182 4.95198284368949
685 4.30556218422182 6.506645950596228
686 4.30556218422182 5.8437319607015805
687 4.30556218422182 6.572406345418389
688 4.30556218422182 5.060372470282198
689 4.30556218422182 4.419752081458479
690 4.30556218422182 5.490520667771454
691 4.30556218422182 5.154887651002425
692 4.30556218422182 5.8769200312964935
693 4.30556218422182 5.757573710164641
694 4.30556218422182 6.408348359571455
695 4.30556218422182 4.99259783672757
696 4.30556218422182 5.801890564271577
697 4.30556218422182 5.2131835794639905
698 4.30556218422182 4.754394684983698
699 4.30556218422182 6.630923476540093
700 4.30556218422182 5.736321417688877
701 4.30556218422182 5.150331256906578
702 4.30556218422182 6.184853778099365
703 4.30556218422182 5.472840681690774
704 4.30556218422182 6.634743086664013
705 4.30556218422182 5.233977397970267
706 4.30556218422182 4.928082459887515
707 4.30556218422182 5.643911633548371
708 4.30556218422182 6.061032337341577
709 4.30556218422182 6.654759947858679
710 4.30556218422182 5.544502683298346
711 4.30556218422182 5.33066584291207
712 4.30556218422182 5.199916627990584
713 4.30556218422182 4.510082039391164
714 4.30556218422182 5.027266958791026
715 4.30556218422182 5.36217948278113
716 4.30556218422182 5.565023577783444
717 4.30556218422182 6.734845277943136
718 4.30556218422182 6.2789213410497755
719 4.30556218422182 5.544706380204088
720 4.30556218422182 5.495466875654595
721 4.30556218422182 5.240125441494908
722 4.30556218422182 4.328214422949203
723 4.30556218422182 5.114774194871364
724 4.30556218422182 4.3279535155155076
725 4.30556218422182 6.104319237512833
726 4.30556218422182 5.2493718166183205
727 4.30556218422182 5.402932281386558
728 4.30556218422182 5.505322523670299
729 4.30556218422182 5.377669499817465
730 4.30556218422182 5.212989649585171
731 4.30556218422182 4.831350303479713
732 4.30556218422182 5.769555995940968
733 4.30556218422182 6.373853072384609
734 4.30556218422182 4.327609172441944
735 4.30556218422182 4.900288987723631
736 4.30556218422182 5.28977670951928
737 4.30556218422182 4.801358018854378
738 4.30556218422182 5.631061430920102
739 4.30556218422182 5.855047320273596
740 4.30556218422182 5.764881561701227
741 4.30556218422182 5.7203058282409565
742 4.30556218422182 6.131831060286112
743 4.30556218422182 4.327863585361341
744 4.30556218422182 5.2841949103641355
745 4.30556218422182 5.744989931699074
746 4.30556218422182 5.083095911033391
747 4.297140297129712 5.001950989574148
748 4.296876254510746 6.22001010163711
749 4.296876254510746 5.031700495112066
750 4.296876254510746 8.221225264538608
751 4.296462219172163 5.718019845277199
752 4.296462219172163 6.013044200459096
753 4.290947331763853 5.766227263758798
754 4.290947331763853 4.454989175858118
755 4.290925100883648 6.631427206292982
756 4.290925100883648 4.955385105080131
757 4.290925100883648 5.7948648806969505
758 4.261527496764003 4.61965817313963
759 4.245100115092811 4.694248529034127
760 4.07936405058145 5.221884128918767
761 4.07936405058145 4.812167753396599
762 4.07936405058145 5.163585434521136
763 4.010353273873839 5.065692517132045
764 4.010353273873839 4.312396612985577
765 3.992000245834042 5.071504439129631
766 3.991571902212442 5.5982396816028235
767 3.991571902212442 4.383786867952184
768 3.991571902212442 5.555551147662291
769 3.991571902212442 4.681432210021274
770 3.991571902212442 5.51162337398592
771 3.991571902212442 5.436697008570935
772 3.991571902212442 5.072469714170027
773 3.991571902212442 4.79964301822068
774 3.991571902212442 5.405895266447041
775 3.991571902212442 5.075474802245158
776 3.991571902212442 5.591637600337955
777 3.991571902212442 5.388125713992675
778 3.991571902212442 4.617355007914719
779 3.991571902212442 5.4141704692592905
780 3.991571902212442 4.455969201735101
781 3.991571902212442 4.401489737625505
782 3.991571902212442 4.2926895834833525
783 3.991571902212442 5.061577611898681
784 3.991571902212442 5.004859757926812
785 3.991571902212442 5.211879896505101
786 3.991571902212442 4.4249508405880125
787 3.991571902212442 5.191012782469187
788 3.991571902212442 4.587354151515297
789 3.991571902212442 4.869151760435899
790 3.991571902212442 5.341258524302803
791 3.991571902212442 5.071579765222311
792 3.991571902212442 4.8251951673204765
793 3.991571902212442 5.369383588554956
794 3.991571902212442 4.989327227571773
795 3.991571902212442 4.375010442055347
796 3.991571902212442 5.022144863715314
797 3.991571902212442 5.174632579678775
798 3.991571902212442 4.708966946485519
799 3.991571902212442 4.515009603885819
800 3.991571902212442 6.595319959569309
801 3.991571902212442 6.108164300238177
802 3.991571902212442 4.1955045891134
803 3.991571902212442 4.579973302574017
804 3.991571902212442 4.175477429091734
805 3.991571902212442 4.1649437773539155
806 3.991571902212442 5.815874042573586
807 3.991571902212442 4.69273340465183
808 3.991571902212442 4.362277192727655
809 3.991571902212442 5.126051140803222
810 3.991571902212442 4.40123386001
811 3.991571902212442 5.032908889178993
812 3.991571902212442 5.588564907254672
813 3.991571902212442 4.312321458603334
814 3.991571902212442 4.586277831094795
815 3.991571902212442 4.5987645210319315
816 3.991571902212442 4.196019825019926
817 3.991571902212442 4.244305049990531
818 3.991571902212442 5.040105715555434
819 3.991571902212442 4.192078469453005
820 3.991571902212442 4.660453836107887
821 3.991571902212442 4.9063167822040334
822 3.991571902212442 4.595595472889133
823 3.991571902212442 4.20623582937131
824 3.991571902212442 4.918907561554176
825 3.991571902212442 5.184364306516071
826 3.9912334604142714 4.508411202435561
827 3.9912334604142714 5.04550686873811
828 3.9912334604142714 5.5628992514501965
829 3.9912334604142714 5.45852464116623
830 3.9912334604142714 4.5701606453084285
831 3.9912334604142714 4.168713472683911
832 3.9912334604142714 4.343399777952198
833 3.9912334604142714 4.417141828613068
834 3.9912334604142714 5.351926239784023
835 3.9912334604142714 4.141566881951894
836 3.9912334604142714 5.52300690134231
837 3.9912334604142714 4.437196221538251
838 3.9912334604142714 4.270508621216208
839 3.9912334604142714 4.77256991957617
840 3.9912334604142714 5.194199126170684
841 3.9912334604142714 4.4099134538516935
842 3.9912334604142714 6.157936274840389
843 3.9912334604142714 4.988268247793854
844 3.991167934292882 4.089208385711295
845 3.991167934292882 5.511371007012587
846 3.991167934292882 4.466394225101479
847 3.991167934292882 4.392816555615763
848 3.991167934292882 4.453038753383395
849 3.991167934292882 4.5752800077456515
850 3.991167934292882 4.184626765261967
851 3.991167934292882 3.999044370116629
852 3.991167934292882 5.4668544682274565
853 3.991167934292882 4.55959805089706
854 3.991167934292882 4.961059004197158
855 3.991167934292882 3.9988029520956245
856 3.991167934292882 3.998947957747013
857 3.991167934292882 5.203894146986585
858 3.991167934292882 6.7087606287210235
859 3.991167934292882 5.693997471461942
860 3.991167934292882 7.353405632563289
861 3.991167934292882 4.6948690610666945
862 3.991167934292882 3.9989603189113683
863 3.991167934292882 6.127127837413562
864 3.991167934292889 4.245077896385567
865 3.991167934292889 5.158371923737142
866 3.991167934292882 4.618080998706599
867 3.991167934292882 7.073016814384547
868 3.990844597112144 4.908279072130771
869 3.990844597112144 4.739548564123294
870 3.990844597112144 6.186795216463473
871 3.990844597112144 4.824999612615815
872 3.990844597112144 5.95007152019169
873 3.990844597112144 5.902681815176959
874 3.990844597112144 4.67105292844913
875 3.990844597112144 4.561293666957522
876 3.9908417401696994 4.216829857450636
877 3.9908417401696994 4.092135231425654
878 3.9908417401696994 4.848509953468683
879 3.9908417401696994 5.093714530573268
880 3.9908417401696994 4.164010758091565
881 3.9908417401696994 4.641121719878387
882 3.9908417401696994 4.27596596530453
883 3.9908417401696994 3.9947211952312944
884 3.9908417401696994 5.9953621302836835
885 3.9908417401696994 3.9944919319156322
886 3.9908417401696994 4.190950957431383
887 3.9908417401696994 3.994913134814784
888 3.9908417401696994 5.071676908949752
889 3.9908417401696994 3.995081306446957
890 3.9908417401696994 4.541868851299628
891 3.9908417401696994 5.267988142191204
892 3.9908417401696994 5.6852374828560555
893 3.9908417401696994 4.551868364815333
894 3.9908417401696994 5.7199961083369955
895 3.9908417401696994 4.582141316259534
896 3.9908417401696994 3.994996577987511
897 3.9908417401696994 4.395083149212323
898 3.9908417401696994 3.994772110719448
899 3.9908417401696994 3.9944987494493813
900 3.9908417401696994 3.994765943494895
901 3.9908417401696994 5.232050724419877
902 3.9908417401696994 4.660018266865162
903 3.9908417401696994 5.487767296536038
904 3.9908417401696994 4.3291436428751275
905 3.9908417401696994 5.163691145696996
906 3.9908417401696994 4.683117465604279
907 3.9908417401696994 4.004690010125793
908 3.9908417401696994 4.924257537254607
909 3.9908411536449666 4.0042679818070495
910 3.9908411536449666 4.2191649834649745
911 3.9908411536449666 5.29997227901954
912 3.9908411536449666 4.259946529403986
913 3.9908411536449666 6.191537059774214
914 3.9908411536449666 6.392858074779079
915 3.9908411536449666 4.853944849310533
916 3.9908411536449666 4.16271528236226
917 3.9908411536449666 4.553675943461508
918 3.9908411536449666 3.994450330880785
919 3.9908411536449666 5.169829552588036
920 3.9908411536449666 5.0452558283863755
921 3.9908411536449666 4.7265929786268135
922 3.9908411536449666 4.729985436635298
923 3.9908411536449666 6.02861069281133
924 3.9908411536449666 5.148720919509811
925 3.9908411536449666 3.9942391133629713
926 3.9908411536449666 4.165533008393899
927 3.9908411536449666 5.255598626441242
928 3.9908411536449666 5.445731577176193
929 3.9908411536449666 4.548155961491962
930 3.9908411536449666 4.333349203499934
931 3.9908411536449666 4.842355717248694
932 3.9908411536449666 5.801477514198767
933 3.9908411536449666 4.560906358731857
934 3.9908411536449666 4.766103483574418
935 3.9908411536449666 4.971906511999749
936 3.9908411536449666 4.649812104853723
937 3.9908091243299424 4.016677234199374
938 3.9908091243299424 4.016547637889971
939 3.9908091243299424 4.954579407023544
940 3.9908091243299424 5.595606343594064
941 3.9908091243299424 3.9993898363142755
942 3.9905914491427765 4.429506492887672
943 3.9905914491427765 5.183221021215295
944 3.9905863761808344 4.5100007034685
945 3.9905829137939914 4.329626430858849
946 3.990580056851547 5.58986359488188
947 3.990580056851547 4.138094955966004
948 3.990580056851547 4.604735215248434
949 3.990580056851547 4.884092882543467
950 3.990580056851547 6.829070076131635
951 3.990580056851547 4.717702629928117
952 3.990580056851547 5.411539927001736
953 3.990580056851547 4.42451237855945
954 3.990580056851547 5.708383028945645
955 3.990580056851547 4.288058900167897
956 3.990580056851547 4.502185888231291
957 3.990580056851547 4.201921430989875
958 3.990580056851547 4.047178417686783
959 3.990580056851547 5.349675045331009
960 3.990580056851547 4.4915409993195246
961 3.9905584122043916 4.726210649414571
962 3.9905584122043916 6.53210034290876
963 3.9905584122043916 5.374341583187131
964 3.9905584122043916 4.668503327559651
965 3.9905584122043916 5.183442420387023
966 3.9905584122043916 4.902531828390611
967 3.9905584122043916 4.907977595417834
968 3.9905584122043916 4.549829355347284
969 3.9905584122043916 4.992637439122761
970 3.9905584122043916 4.954376475975643
971 3.9905584122043916 4.536147110397479
972 3.9905584122043916 5.410104083441912
973 3.9905584122043916 5.043209557837814
974 3.9905584122043916 4.664658483885761
975 3.9905584122043916 4.199820514242905
976 3.9905584122043916 6.054502402219298
977 3.9905584122043916 5.25282039273324
978 3.9905584122043916 4.984559489436075
979 3.9905584122043916 4.427250532977877
980 3.9905584122043916 4.846422958404704
981 3.9905584122043987 4.72964710033497
982 3.9905584122043987 4.970611381883221
983 3.9905584122043987 4.7152152288877645
984 3.9905584122043987 7.75578236552305
985 3.9905584122043987 6.676430349117107
986 3.9905584122043987 5.586442711532499
987 3.9905584122043987 5.242547549294823
988 3.9905584122043987 5.590988429886173
989 3.9905584122043987 6.027947724461703
990 3.9905584122043987 4.991395573270953
991 3.9905584122043987 4.876671531829144
992 3.9905584122043987 5.831582171434065
993 3.9905584122043987 5.954454994531002
994 3.9905584122043987 6.457176224822446
995 3.9905584122043916 5.336336660326518
996 3.9905584122043916 5.874957688679612
997 3.9905584122043916 3.9971797304284276
998 3.9905584122043916 3.9970522832514526
999 3.9905584122043916 4.569625588152355
