# iteración mejor promedio
0 104.73850306703808 181.7736834773446
1 95.12499110942298 174.9647948129049
2 69.88615737693893 169.79490501774967
3 31.4035336994456 162.33870078451
4 31.4035336994456 159.35499925002887
5 31.4035336994456 143.22202228458633
6 31.4035336994456 123.64344845575027
7 31.4035336994456 107.93305224450246
8 31.4035336994456 96.79350499352533
9 23.484204510444272 83.93267041474854
10 19.560204668330474 72.33149742096442
11 19.560204668330474 66.78776729124532
12 19.560204668330474 61.2847791407718
13 19.560204668330474 56.826401158163975
14 18.969895668266485 51.23409178532037
15 13.031987570999595 45.269238652764834
16 13.031987570999595 44.40462348742058
17 11.629287243041242 37.19603438051145
18 11.592855916716095 34.108145252274355
19 9.951086619092733 30.210347058964185
20 9.578570341859876 28.503471081788668
21 9.47158090955433 26.619165672612226
22 9.46428044726866 24.48623446340117
23 9.206803764669894 21.906225951806892
24 9.206803764669894 20.47574988217395
25 9.206803764669894 19.58448965511336
26 9.206803764669894 17.79398835194515
27 9.206803764669894 16.45573925213003
28 9.206803764669894 16.684815160560937
29 9.200701907155922 16.929044067563137
30 8.823322876881113 16.84027162377902
31 8.823322876881113 14.833806607277065
32 8.823322876881113 13.265490131277724
33 8.823322876881113 12.94819781771699
34 8.823322876881113 13.51058552763393
35 8.821709227238216 12.93692608968231
36 8.590418366800266 13.70057728000794
37 8.590418366800266 12.892820689565568
38 8.472260041807063 12.698358702659286
39 8.472260041807063 12.034757203618213
40 8.472260041807063 12.49535630152513
41 8.472260041807063 11.961795672363305
42 8.472260041807063 15.241915284696908
43 8.472260041807063 12.155084543421744
44 8.472260041807063 13.48202294613704
45 8.472260041807063 16.405105047098022
46 8.472260041807063 14.519875207634367
47 8.437037852970251 12.571718778858816
48 8.437037852970251 13.299625391938607
49 8.435928172761965 13.15106148290489
50 8.435928172761965 11.646323853400725
51 8.435928172761965 11.430484987086283
52 8.435928172761965 11.77131733452716
53 8.435928172761965 10.901918266242577
54 8.20934963734962 9.71969885878117
55 8.200568226155129 9.757892345177751
56 7.880532878264546 10.340137244389316
57 7.880532878264546 11.562555926468445
58 7.87904176907136 9.999971956887919
59 7.87904176907136 11.06741601314622
60 7.87904176907136 11.65389674703449
61 7.87904176907136 12.160847996236003
62 7.87904176907136 11.704990867567048
63 7.87904176907136 10.691723984924629
64 7.87904176907136 11.385356440342589
65 7.87904176907136 13.159174327433075
66 7.87904176907136 12.19967864597718
67 7.86162936819219 11.723381629292582
68 7.86162936819219 11.305763778047737
69 7.8611822404241245 12.893274899318017
70 7.8611822404241245 11.093619923947003
71 7.8611822404241245 10.446110764313914
72 7.856817396712136 10.633388388653671
73 7.856817396712136 11.459520186261265
74 7.856817396712136 9.935318042102313
75 7.856817396712136 9.976700551180988
76 7.851374937264396 9.696027057842265
77 7.840935249838017 11.012879223238038
78 7.840935249838017 11.845744486301173
79 7.839921935470034 13.07533498026596
80 7.839921935470034 11.939988548806161
81 7.839921935470034 12.51973450306643
82 7.839921935470034 11.17415585037614
83 7.839582263310856 12.88463722851807
84 7.811104452099057 10.419746658362156
85 7.811104452099057 10.792064581670283
86 7.811104452099057 9.93306911676681
87 7.810757280081727 9.372648870609794
88 7.810757280081727 10.054958435049915
89 7.810757280081727 10.299409435182783
90 7.810757280081727 10.051317073277604
91 7.810757280081727 10.399678329804432
92 7.810757280081727 10.619340403547303
93 7.810757280081727 9.585944472930393
94 7.810352307462043 9.900355137245455
95 7.810352307462043 10.731228542669204
96 7.805216115318597 9.244901371079653
97 7.805216115318597 12.468205626264487
98 7.805216115318597 10.468239984476272
99 7.805216115318597 9.978126981517526
100 7.805216115318597 9.70798905039268
101 7.804114822912272 10.763496583669069
102 7.804114822912272 11.208718798513207
103 7.804114822912272 10.822747741636661
104 7.804114822912272 11.052653029473298
105 7.804094372203206 13.144294801801994
106 7.804094372203206 12.68213695820625
107 7.8039282140456265 11.068152885230118
108 7.8039282140456265 10.661690635494914
109 7.700934985386896 10.231810353551618
110 7.700934985386896 10.850487917768291
111 7.700934985386896 11.61798523967006
112 7.700934985386896 10.353078129457476
113 7.700934985386896 9.999032820341089
114 7.700934985386896 9.594994807018729
115 7.700934985386896 9.269138254143307
116 7.6128944314486695 10.145207093155596
117 7.6128944314486695 10.829765605155842
118 7.6128944314486695 10.324839983718828
119 7.6128944314486695 10.65026963147722
120 7.607819010660771 12.566783940540162
121 7.606911785217985 10.281015774375692
122 7.606911785217985 9.243260961621267
123 7.606911785217985 12.090438709453117
124 7.606911785217985 9.24930178973505
125 7.606911785217985 10.188450164078398
126 7.606911785217985 10.42561868679769
127 7.606911785217985 9.846687799281597
128 7.606911785217985 10.709592004894112
129 7.606911785217985 10.900875001930078
130 7.606911785217964 10.847567024962588
131 7.606911785217964 10.84238874169485
132 7.606911785217964 9.797184226485893
133 7.606911785217964 9.251682710472426
134 7.606911785217964 10.253987140962447
135 7.606911785217964 11.180789434304986
136 7.606911785217985 10.521868411088853
137 7.606911785217985 9.192656772147533
138 7.606911785217985 9.319690073829975
139 7.6069115156058125 9.826141750744895
140 7.6069115156058125 11.21142350474099
141 7.6069115156058125 9.746582650191758
142 7.6069115156058125 10.2162270232329
143 7.6069115156058125 10.280612231732562
144 7.6069115156058125 9.811052129431866
145 7.606911515605791 10.205907804664863
146 7.606911515605791 9.914752485747975
147 7.606911515605791 10.383853776632
148 7.606911515605791 10.102821622312426
149 7.606911515605791 10.211735249153241
150 7.606911515605791 10.464821654695497
151 7.606911515605791 11.324545132303928
152 7.606911515605791 11.785961957223021
153 7.606911515605791 12.053692689547063
154 7.606911515605791 11.344265506666042
155 7.606911515605791 13.132642465177025
156 7.606911515605791 10.569351925277921
157 7.606911515605791 9.764561242180344
158 7.606911515605791 10.534133387632643
159 7.606911515605791 10.018749265241965
160 7.606911515605791 9.473397788845269
161 7.606911515605791 9.676455748566665
162 7.606911515605791 9.4065141350719
163 7.606911515605791 8.971366561538987
164 7.606911515605791 10.848604881903292
165 7.606911515605791 8.893983910961763
166 7.606911515605791 8.897565562024816
167 7.606911515605791 9.600963579461416
168 7.606911515605791 10.14056664435798
169 7.606911515605791 10.0231677158109
170 7.606911515605791 10.32918662572401
171 7.606911515605791 9.974947373862754
172 7.606911515605791 8.801399181947195
173 7.606911515605791 10.106118457577997
174 7.606911515605791 9.278910129132965
175 7.5680098615811495 11.392396179101125
176 7.4938639272226535 9.898117196348647
177 7.493863927222632 8.420797773126955
178 7.493863927222632 9.111176554478275
179 7.493863927222632 8.996222817983812
180 7.493863927222632 10.207567755671203
181 7.493863927222632 10.340846407602076
182 7.493863927222632 10.005083737994255
183 7.493863927222632 10.395491482514958
184 7.493863927222632 10.455122018711078
185 7.436431272289324 10.636902574802946
186 7.436431272289324 10.296997498009263
187 7.430142661739094 8.90102302217922
188 7.430069216405572 8.814677928755714
189 7.430069216405572 9.226435938968152
190 7.430069216405572 8.893622574849804
191 7.430069216405572 8.769868614140341
192 7.429223428155174 8.49442225692863
193 7.389573176613876 9.25657617091508
194 7.389573176613876 10.411115587219482
195 7.389573176613876 10.219804575318525
196 7.389402946009767 9.668367327401091
197 7.389402946009767 9.30595755814119
198 7.389402946009767 9.791262709230951
199 7.389402946009767 10.144101275402
200 7.389402946009767 9.70593408152631
201 7.389402946009767 10.053566354400335
202 7.389402946009767 9.335475568118712
203 7.389402946009767 8.474107475916588
204 7.389402946009767 9.28760053301086
205 7.389402946009767 10.102391486053426
206 7.389010743042178 9.209701652511413
207 7.382405709203201 8.534253179497647
208 7.382405709203201 10.19793774295161
209 7.382405709203201 9.01026700271115
210 7.3823808482272035 9.041074900779224
211 7.381083882709731 8.429959158581749
212 7.381083882709731 8.15062540560365
213 7.376496483676677 8.192630401258846
214 7.376496483676677 8.49515736189937
215 7.376496483676677 8.934810610910025
216 7.376496483676677 8.394566650030757
217 7.376496483676677 8.100479640441078
218 7.376496483676677 7.91023770799689
219 7.376496483676677 7.942889277606764
220 7.376496483676677 7.866944031430649
221 7.376496483676677 9.340525709646515
222 7.376496483676677 8.982002004561721
223 7.376496483676677 7.951367856743083
224 7.376496483676677 8.469286831584178
225 7.376496483676677 7.949777493505801
226 7.376496483676677 7.830503725132752
227 7.376496483676677 9.754963295746759
228 7.376496483676677 7.907461447073641
229 7.376496483676677 8.656934861816064
230 7.376496483676677 8.995067517291282
231 7.376496483676677 7.814914032327797
232 7.376496483676677 7.646420030978207
233 7.376496483676677 8.957490847261868
234 7.376496483676677 9.680397089378522
235 7.376486001919913 8.950975110803226
236 7.376486001919913 8.665145429217569
237 7.376471622700679 9.591535102326208
238 7.376471622700679 8.211284119587843
239 7.376471622700679 7.711939127331483
240 7.376471622700679 7.771217928354838
241 7.376471622700679 7.714051702537807
242 7.373337801740176 8.484540398466942
243 3.647218259504383 7.977132646832245
244 3.6132037549132523 8.660702999811631
245 3.4460790885911603 8.977580171200241
246 3.4061030946570092 8.460424143175835
247 3.4061030946570092 9.406118614239434
248 3.4061030946570092 8.59709490137976
249 3.389807566009379 8.294971577379307
250 3.3897514111791978 5.962250213373569
251 3.3897514111791978 8.183834132017708
252 3.3897514111791978 5.540557161497468
253 3.3800204825976508 6.339425633800967
254 3.3800204825976508 4.546134898555743
255 3.379705676910552 4.023870199666122
256 3.379705676910552 4.06062738161855
257 3.379705676910552 4.309745526100263
258 3.379705676910552 4.095224779501695
259 3.379705676910552 4.6957033879082015
260 3.379705676910552 4.068291614332362
261 3.379705676910552 4.759836793692115
262 3.379705676910552 3.5390873744403297
263 3.379705676910552 3.536539889300714
264 3.379705676910552 5.4511483720195
265 3.379705676910552 5.539674074206244
266 3.379705676910552 3.9914126187830643
267 3.379705676910552 6.1943650118274185
268 3.376357348185584 6.085235200000883
269 3.376357348185584 4.853932527148876
270 3.376357348185584 4.402493581075953
271 3.376357348185584 4.1741162340607065
272 3.372967377543615 4.780676970380648
273 3.372967377543615 3.885280731626772
274 3.3694773070287294 6.7826216257796865
275 3.3687244317149805 5.765715350593578
276 3.3687244317149805 4.301590060993028
277 3.3687244317149805 4.920848016106434
278 3.3687244317149805 4.033686022915937
279 3.3684238943587133 3.7865640664588853
280 3.3684238943587133 3.667121952145456
281 3.3654148193669986 3.4968589590725117
282 3.3654148193669986 3.497151170442545
283 3.3654148193669986 3.499626277723014
284 3.3654148193669986 3.4936223945998357
285 3.3654148193669986 4.461587252026257
286 3.3651990892802193 5.949144141982442
287 3.3651990892802193 4.5941345230715225
288 3.3651990892802193 4.741511186033001
289 3.365111743911024 3.4703199506288938
290 3.365111743911024 3.4672196741404058
291 3.3614608716199204 4.115743685815939
292 3.3614608716199204 5.428939720993442
293 3.3614608716199204 4.074652469128323
294 3.3614608716199204 4.2891231450447
295 3.3614608716199204 3.684684892833108
296 3.3614608716199204 3.490976837899574
297 3.3614608716199204 4.140513910848271
298 3.358239892840624 4.266032332941393
299 3.358239892840624 4.100912101009555
300 3.358239892840624 3.872452159528942
301 3.358239892840624 4.383383729602663
302 3.3579163257997795 3.4427143940436737
303 3.3579163257997795 4.165185103967145
304 3.3579163257997795 5.510647954192279
305 3.3579163257997795 4.361838304860859
306 3.3579163257997795 4.524200159779079
307 3.3579163257997795 3.4391921555093115
308 3.3579163257997795 4.860552573693683
309 3.3579163257997795 3.4396601596545278
310 3.3579163257997795 4.400580707434084
311 3.3579163257997795 5.442070806300714
312 3.3579163257997795 3.8769800592310166
313 3.3579163257997795 3.5732198794224046
314 3.3576049406167883 4.720838999394513
315 3.3576049406167883 3.6573509775842967
316 3.3576049406167883 3.428279863398262
317 3.3576049406167883 4.087158784255014
318 3.3576049406167883 3.4289090615733686
319 3.3280361940760166 4.222817557217125
320 3.3280361940760166 4.152040421619479
321 3.3280361940760166 4.717706018575889
322 3.2628837590045414 5.279306271083417
323 3.2627514696263873 3.5129782860560486
324 3.2627514696263873 5.26251007057693
325 3.2621566317786144 4.229352167517838
326 3.260451048932971 5.650658601454559
327 3.260451048932971 5.634322550765579
328 3.260451048932971 4.240535608873242
329 3.260451048932971 4.185656363943572
330 3.260451048932971 3.68674086409751
331 3.260451048932971 3.672081869370587
332 3.2590347385112057 3.773059111203009
333 3.2590347385112057 4.420928185719234
334 3.2590347385112057 5.067984072694767
335 3.2590347385112057 5.160560507003158
336 3.2590347385112057 3.3988356728546103
337 3.2590347385112057 4.079937823047902
338 3.2590347385112057 5.0162071851023535
339 3.2590347385112057 3.38884419117919
340 3.257037723839872 3.3899466533108766
341 3.257037723839872 4.7944703407136045
342 3.2566340126767273 3.3938672101290313
343 3.2566340126767273 4.212270349000521
344 3.2566340126767273 5.564645905762487
345 3.256207301089052 6.655141676604792
346 3.256207301089052 4.519096986061902
347 3.2467745907652326 7.238767517425355
348 3.2467745907652326 4.731994554913534
349 3.2467745907652326 4.7153461843458935
350 3.2467745907652326 4.487133204264458
351 3.2467745907652326 4.532410283900852
352 3.2467745907652326 4.715118799361014
353 3.2467745907652326 4.696886278800456
354 3.2467745907652326 3.7915493033258447
355 3.2467745907652326 5.770412666800377
356 3.2467745907652326 4.44008851614129
357 3.2467745907652326 3.4052248018894686
358 3.2467745907652326 3.991630937922932
359 3.2467745907652326 3.8221864719446113
360 3.2467745907652326 3.408723198535091
361 3.246308936955428 3.9667019920966027
362 3.246308936955428 3.4097872505099702
363 3.246308936955428 5.387137152514456
364 3.246308936955428 3.3827725118104808
365 3.246308936955428 3.667349283926376
366 3.246308936955428 4.729035647041943
367 3.246308936955428 4.442714525627549
368 3.246308936955428 4.869298849566646
369 3.246308936955428 3.739582127032007
370 3.246308936955428 5.817800580667431
371 3.246308936955428 4.754524268987555
372 3.246308936955428 4.692326404924261
373 3.246308936955428 5.391075287658147
374 3.246308936955428 3.9036904049311287
375 3.246308936955428 3.7073867662460684
376 3.2463089369554066 3.3865287545435723
377 3.2463089369554066 5.477005310662301
378 3.2463089369554066 4.192244601577017
379 3.2463089369554066 3.9299653403648365
380 3.2463089369554066 6.413409253610517
381 3.2463089369554066 4.05377313381254
382 3.2463089369554066 5.175191227869208
383 3.2463089369554066 4.59257921355811
384 3.2463089369554066 4.707124056925552
385 3.2463089369554066 4.06168934900727
386 3.2463089369554066 4.6788593769276225
387 3.2463089369554066 3.8911000099346826
388 3.2463089369554066 4.695879752925182
389 3.2463089369554066 6.278515914812111
390 3.2463089369554066 4.377903313660076
391 3.2463089369554066 4.7241312705802665
392 3.2463089369554066 4.9810590290551024
393 3.2463089369554066 5.479739900830882
394 3.2463089369554066 3.988852909344896
395 3.2463089369554066 5.057853759560825
396 3.2463089369554066 6.461239724859171
397 3.2463089369554066 4.32505298709575
398 3.2463089369554066 4.857970067869925
399 3.2463089369554066 5.241937806283148
400 3.243626602105101 7.423893812922824
401 3.243626602105101 5.6393212118541225
402 3.243626602105101 4.484128068793519
403 3.243626602105101 4.166253841100806
404 3.243626602105101 4.186366528135295
405 3.243626602105101 4.021148626900113
406 3.243626602105101 3.332056748389226
407 3.243626602105101 3.992609357714979
408 3.243626602105101 3.5188255381502223
409 3.243626602105101 3.32244128176194
410 3.243626602105101 3.584458486106103
411 3.243626602105101 4.416968153744738
412 3.243626602105101 3.3175770309544874
413 3.243626602105101 3.3138076123331013
414 3.243626602105101 3.509779552436243
415 3.243626602105101 3.83604245861781
416 3.243626602105101 4.9809471175330815
417 3.243626602105101 3.632734176688467
418 3.243626602105101 4.344581445192428
419 3.243626602105101 4.649118384950775
420 3.243626602105101 6.104876600988717
421 3.2434576613113713 4.350699898681953
422 3.2434576613113713 5.649732814469728
423 3.2434576613113713 5.312600059005813
424 3.2434576613113713 4.6523390536768625
425 3.2434576613113713 4.48158938390275
426 3.2434576613113713 6.422451952564278
427 3.2434576613113713 3.5970763414238665
428 3.2434576613113713 4.0963722531611815
429 3.2434576613113713 3.9596488956506524
430 3.2434576613113713 4.238508684017593
431 3.2434576613113713 4.603580340850442
432 3.2434576613113713 3.7801053301093037
433 3.2434576613113713 6.423037272094797
434 3.2434576613113713 3.734557789944952
435 3.2434576613113713 4.125954228383858
436 3.2434576613113713 4.076835657363332
437 3.2434576613113713 6.700268603309354
438 3.2434576613113713 4.58966654148173
439 3.2434576613113713 3.8513593204365493
440 3.2434576613113713 5.210891801291263
441 3.2434576613113713 3.2991130206162365
442 3.2434576613113713 3.7027270029381407
443 3.2434576613113713 4.37713994222319
444 3.2434576613113713 3.61278145383381
445 3.2434576613113713 3.30237919257737
446 3.2434576613113713 3.5696122296711366
447 3.2434576613113713 5.824999224244599
448 3.2434576613113713 4.4767326048582445
449 3.2434576613113713 3.9811280608646524
450 3.2434576613113713 3.6734142762499653
451 3.2434576613113713 3.305495015542364
452 3.2434576613113713 4.813357726724963
453 3.2434576613113713 3.671824575965673
454 3.2434576613113713 4.434464586318352
455 3.2434576613113713 3.303755870259478
456 3.2434576613113713 3.561677905065565
457 3.2434576613113713 4.263094534527965
458 3.2434576613113713 3.9306312857067405
459 3.2434576613113713 4.347379482663374
460 3.2434576613113713 4.081899537318474
461 3.2434576613113713 5.090917003497625
462 3.2434576613113713 4.014263222917731
463 3.2434576613113713 4.311500775636242
464 3.2434576613113713 3.296828977481084
465 3.2434576613113713 4.610064654817837
466 3.2434576613113713 4.083945900355122
467 3.2434576613113713 5.073175418830239
468 3.2434576613113713 3.8849031173990745
469 3.2434576613113713 5.438208475035906
470 3.2434576613113713 3.3031965704661927
471 3.2434576613113713 3.9127037984800688
472 3.2434576613113713 4.806330532023914
473 3.2434576613113713 4.391477168900315
474 3.2434576613113713 3.968760319227473
475 3.2434576613113713 4.773595766349799
476 3.2434576613113713 5.25486534867511
477 3.2434576613113713 3.293267951533054
478 3.2434576613113713 4.561900919257847
479 3.2367738872634977 3.686035522691767
480 3.2364727949377823 5.36715395330313
481 3.2364727949377823 3.70340877494756
482 3.2364727949377823 4.413005579978311
483 3.2364727949377823 3.9001541778288593
484 3.2364727949377823 4.418151350045574
485 3.2364647349562876 3.79202670667197
486 3.2364647349562876 3.8915442111891907
487 3.2364647349562876 4.231979839296774
488 3.2364647349562876 3.7173673026669785
489 3.2054970516570194 4.536579039667876
490 3.2054970516570194 3.7963390736371987
491 3.2032846298035693 3.3608972722382964
492 3.170467665851797 4.657567333195405
493 3.170467665851797 3.7238281781132874
494 3.170467665851797 3.8951666215562972
495 3.17033742328754 3.5418352013010717
496 3.17033742328754 3.852818567095596
497 3.17033742328754 3.5295436997820575
498 3.17033742328754 4.834814997997953
499 3.17033742328754 3.882492871564419
500 3.17033742328754 4.272217967751755
501 3.17033742328754 4.548074305214393
502 3.17033742328754 5.435162934125982
503 3.17033742328754 5.562835579604201
504 3.170310448834064 4.730777660609805
505 3.170310448834064 3.2757378463639117
506 3.170151519946989 3.5302546344356256
507 3.170151519946989 3.272172555341979
508 3.170151519946989 5.050041625062104
509 3.170151519946989 3.83341793787279
510 3.170151519946989 5.488470886811667
511 3.170151519946989 4.217336361957146
512 3.170151519946989 3.588631842230718
513 3.170151519946989 3.5866343852573848
514 3.170143242381604 5.40435378779596
515 3.1700986845830013 5.438889063293119
516 3.1700986845830013 3.9547524219143155
517 3.1700986845830013 3.9131013946748725
518 3.1700986845830013 3.2506551924686846
519 3.1700986845830013 3.2528676708871997
520 3.1700986845830013 3.2469405143298116
521 3.1700986845830013 4.237962640534897
522 3.1698365760098977 4.8713224137465385
523 3.1698365760098977 3.5044024058506347
524 3.1698365760098977 5.065044503970224
525 3.1698365760098977 3.4395168940761236
526 3.1698365760098977 5.169421864098237
527 3.169620864649202 3.861950212783514
528 3.169620864649202 3.819604749470209
529 3.169620864649202 4.078438103438228
530 3.1695640821755813 3.729484444430765
531 3.1695640821755813 3.4639960736186937
532 3.1695640821755813 6.2641402814006035
533 3.1695640821755813 4.9447008553395
534 3.1695640821755813 4.444974785845057
535 3.1695640821755813 4.510424162904911
536 3.1695640821755813 3.2244322513865225
537 3.1695640821755813 4.0054688586357745
538 3.1695640821755813 4.458049687466216
539 3.1695640821755813 3.7603182953553858
540 3.1695640821755813 3.6044109081587288
541 3.1695640821755813 3.385929295493577
542 3.1695640821755813 3.215141292634945
543 3.1695640821755813 5.888186938878054
544 3.1695640821755813 6.519266342697622
545 3.1695640821755813 3.6799817276996514
546 3.1695640821755813 6.8146804522762245
547 3.1695640821755813 5.687177441118207
548 3.1695640821755813 4.734867543627446
549 3.1695640821755813 3.578999903399553
550 3.1695640821755813 3.678576244652492
551 3.1695640821755813 4.693988465923244
552 3.1695640821755813 4.286831259208833
553 3.1695640821755813 4.51455613612452
554 3.1695640821755813 3.493577037411226
555 3.1695640821755813 3.350488762070014
556 3.1695640821755813 3.6627889204355495
557 3.1695640821755813 3.9484816926491852
558 3.1695640821755813 3.7391346271266737
559 3.1695601350659484 4.750866123224351
560 3.1695601350659484 4.207372758771577
561 3.1695601350659484 4.580612903480216
562 3.1695601350659484 3.7720443369825203
563 3.1695601350659484 4.282202944101868
564 3.1695601350659484 3.4006244365009257
565 3.1695601350659484 6.493454630580545
566 3.1695601350659484 4.581326482169424
567 3.1695601350659484 3.203465392447528
568 3.1695601350659484 3.203429971431764
569 3.1695601350659484 4.671124921119339
570 3.1695601350659484 4.551118141596442
571 3.1695601350659484 6.795523216511358
572 3.1695601350659484 4.173748950124829
573 3.1695601350659484 4.690057361039302
574 3.1695601350659484 3.8731477276856583
575 3.1695601350659484 3.4568592666342584
576 3.1695601350659484 3.817993902161561
577 3.1695601350659484 5.4447818508341665
578 3.169560135065927 3.7078342032368
579 3.169560135065927 5.269205779631522
580 3.169560135065927 3.971918954168049
581 3.169560135065927 4.957740107172123
582 3.169560135065927 3.2099950401383848
583 3.169560135065927 4.175515778830979
584 3.169560135065927 3.854735931925225
585 3.169560135065927 3.477273787008221
586 3.169560135065927 5.8156059252079855
587 3.169560135065927 5.858824949734266
588 3.169560135065927 5.405173426918177
589 3.169560135065927 4.40234762362881
590 3.169560135065927 4.5512849144867
591 3.169560135065927 5.122889662444159
592 3.169560135065927 3.6541641379713767
593 3.1695577369372394 4.675604666069829
594 3.1695577369372394 4.525627242678111
595 3.1695577369372394 3.748457068402896
596 3.1695577369372394 3.8240014227880685
597 3.1695577369372394 3.2065620032964985
598 3.1695577369372394 3.3253347285802612
599 3.1695577369372394 4.788751277787916
600 3.1695577369372394 4.323407108622111
601 3.1695577369372394 5.365006946303432
602 3.1695577369372394 4.043391887933693
603 3.1695577369372394 3.1791621448677563
604 3.1695577369372394 3.4318013121725834
605 3.1695577369372394 3.7702193755250573
606 3.1695577369372394 3.3872654680937972
607 3.1695577369372394 3.546057079352926
608 3.1695577369372394 6.209381010543844
609 3.1695577369372394 4.893239537248694
610 3.1695577369372394 3.6410805517781903
611 3.1695570132415547 3.788768878709162
612 3.1695570132415547 4.516154853298238
613 3.1695570132415547 4.048332685362383
614 3.1692167314868023 3.9752325072710435
615 3.168695483479823 5.045365446871447
616 3.028390334037134 3.964416294617978
617 3.028390334037134 5.598775838677084
618 3.028390334037134 7.7272330205636806
619 3.0283863371559594 3.5931245992261784
620 3.0283863371559594 5.218590189494584
621 3.0283863371559594 4.209558051810371
622 3.0283863371559594 3.8171502698934705
623 3.0283863371559594 3.1647640997192603
624 3.0283863371559594 5.317210473089246
625 3.027775539461933 6.14429651712608
626 3.027775539461933 4.4220627358258255
627 3.027775539461933 4.14249735240096
628 3.027663206811207 4.0602608946222185
629 3.027663206811207 3.166163025925454
630 3.027663206811207 3.1625568475200425
631 3.027659933625717 3.165377343525451
632 3.0276599336256957 3.5586318858757267
633 3.0276599336256957 4.049093337120491
634 3.0276599336256957 3.7583542877193037
635 3.0276599336256957 4.70380864707267
636 3.0276599336256957 5.092240344678704
637 3.0276599336256957 4.4636648137773935
638 3.0276599336256957 3.6514371029451382
639 3.0276599336256957 5.255476233422445
640 3.0276599336256957 4.894048604413766
641 3.0276599336256957 3.7605555759886737
642 3.0276599336256957 3.405905293275629
643 3.02765684243934 4.50074306881546
644 3.02765684243934 4.4632250787263645
645 3.02765684243934 4.993351198784393
646 3.02765684243934 3.8366787949410552
647 3.02765684243934 3.565738814454996
648 3.02765684243934 4.355750448651221
649 3.02765684243934 3.107312150338472
650 3.02765684243934 3.3857009924645807
651 3.02765684243934 3.8169893248489557
652 3.02765684243934 3.343188119892261
653 3.02765684243934 3.9972097534209077
654 3.02765684243934 4.091480769982631
655 3.02765684243934 4.304573700096899
656 3.02765684243934 3.08674681355534
657 3.02765684243934 3.084582712002958
658 3.02765684243934 3.830127479299396
659 3.027652895329707 3.522873908100527
660 3.027652895329707 3.1729847013751407
661 3.027652895329707 3.076770430756338
662 3.027652895329707 3.076794666272065
663 3.027652895329707 3.7358241117437476
664 3.027652895329707 3.527985082560004
665 3.027652895329707 3.327601485768121
666 3.027652895329707 3.8964111446991656
667 3.027652895329707 4.100584886938941
668 3.027652895329707 3.32334091774855
669 3.027652895329707 3.4430950407028478
670 3.027652895329707 3.058887211804539
671 3.027652895329707 3.056053834071915
672 3.027652895329707 3.053888131958579
673 3.027652895329707 3.6520551067277762
674 3.027652895329707 5.221734783952529
675 3.0276527770787514 3.355357374660348
676 3.0276527770787514 4.16743709937461
677 3.0276527770787514 3.0672809506700003
678 3.0276527770787514 3.074394787421772
679 3.0276527770787514 3.6462279478410635
680 3.0276527770787514 3.260761602547053
681 3.0276527770787514 3.7335449010651534
682 3.0276527770787514 4.079168702130309
683 3.0276527770787514 3.247025106068621
684 3.0276527770787514 3.055233622421042
685 3.0276527770787514 4.233077642490539
686 3.0276527770787514 3.441739807262496
687 3.0276527770787514 3.3677223090528914
688 3.0276527770787514 5.591556490425107
689 3.0276527770787514 3.0539055194722367
690 3.0276527770787514 3.926640773737867
691 3.0276527770787514 3.8415585649184316
692 3.0276527770787514 4.466719078187107
693 3.0276527770787514 3.2013766140023048
694 3.0276527770787514 3.0503519145725226
695 3.0276527770787514 3.3158568879877004
696 3.0276527770787514 3.0474669853442706
697 3.0276527770787514 4.269846499389389
698 3.0276527770787514 3.987370838281891
699 3.0276527770787514 3.5323358281614063
700 3.0276527770787514 4.074339619853799
701 3.0276527770787514 3.4777515115480147
702 3.0276527770787514 3.557330557107864
703 3.0276527770787514 3.031172418037163
704 3.0276527770787514 3.0312005765778123
705 3.0276527770787514 4.507863538082487
706 3.0276527770787514 4.19267259003375
707 3.0276527770787514 3.2541351435740937
708 3.0276527770787514 3.0304600151063017
709 3.0276527770787514 4.428841070285446
710 3.0276527770787514 3.998524771648899
711 3.0276527770787514 4.734421250380614
712 3.0276527770787514 3.82646072052865
713 3.0276527770787514 3.313404559499373
714 3.0276527770787514 3.2293710960349644
715 3.0276527770787514 3.816742927548571
716 3.0276527770787514 4.546430989157381
717 3.0276527770787514 3.60559630271078
718 3.0276527770787514 5.113699788931101
719 3.0276527770787514 4.947879639165732
720 3.0276527770787514 3.6864520112500765
721 3.0276527770787514 3.692046751317353
722 3.0276527770787514 4.2373952955977625
723 3.0276527770787514 4.2219254602989755
724 3.0276527770787514 3.0300997966310037
725 3.0276527770787514 3.0296980885882174
726 3.0276527770787514 4.350521230870051
727 3.0276527770787514 3.0283284294654442
728 3.0276527770787514 5.162314349540946
729 3.0276527770787514 3.415430683285452
730 3.0276527770787514 4.209462749580731
731 3.0276527770787514 4.044612919419893
732 3.0276527770787514 3.143425103141753
733 3.0276527770787514 3.3754928382323883
734 3.0276527770787514 3.125328757125463
735 3.0276527770787514 3.030542204611519
736 3.0276527770787514 3.6446002459633666
737 3.0276527770787514 3.8031536728016384
738 3.0276527770787514 3.9812673211669907
739 3.0276527770787514 3.5061589880612165
740 3.0276527770787514 3.6323514868747737
741 3.0276527770787514 3.510978962671658
742 3.0276527770787514 3.431419919385166
743 3.02765277707873 3.172391825878899
744 3.02765277707873 4.906992317116153
745 3.02765277707873 3.212132209442978
746 3.02765277707873 4.05525553669597
747 3.02765277707873 3.994550409892118
748 3.02765277707873 4.221523672123428
749 3.02765277707873 4.437015914445236
750 3.02765277707873 3.837234339881452
751 3.02765277707873 5.530850320525193
752 3.02765277707873 4.6425654180604266
753 3.02765277707873 3.0284555554906767
754 3.02765277707873 6.471361578147877
755 3.02765277707873 4.743061757488561
756 3.02765277707873 4.127865028607704
757 3.02765277707873 3.9393593449349997
758 3.02765277707873 4.105250099566487
759 3.02765277707873 4.712077726079723
760 3.02765277707873 4.192333099339463
761 3.02765277707873 3.8274393027707503
762 3.02765277707873 5.990124206370681
763 3.02765277707873 3.864651460683792
764 3.02765277707873 3.0283630175902476
765 3.02765277707873 8.246334965325032
766 3.02765277707873 5.995564460036752
767 3.02765277707873 4.924279051783452
768 3.02765277707873 4.051743643370371
769 3.02765277707873 3.331345519051766
770 3.0276277635030446 4.700231786794515
771 3.0267193096807965 3.0288455976378956
772 3.0267193096807965 3.9597499067662096
773 3.0267193096807965 3.3763175833844543
774 3.0267193096807965 4.015802929294554
775 3.0267193096807965 3.4084462999230545
776 3.0267193096807965 4.734723945053765
777 3.0210638733346986 4.266772200577144
778 3.0210638733346986 4.026467657439161
779 3.0203935285823924 3.517946391754042
780 3.0203935285823924 3.23105391775432
781 3.0203935285823924 3.030910812748136
782 3.0203367461087716 4.435104131201096
783 3.0203367461087716 3.765437259796873
784 3.0203367461087716 5.123123800277307
785 3.0203367461087716 4.825317271636964
786 3.020334437850222 4.3467908341778125
787 3.020334437850222 3.1380273290470386
788 3.020334437850222 3.0282121689320536
789 3.020334437850222 3.4865367420619453
790 3.020334437850222 3.5695213245647586
791 3.020334437850222 3.347947955053269
792 3.020334437850222 5.281452395866653
793 3.020334437850222 3.603254859530324
794 3.020334437850222 4.63724220465194
795 3.020334437850222 3.350486158597942
796 3.020334437850222 3.265991313559997
797 3.020334437850222 3.0380869538256148
798 3.020334437850222 6.0691754893387575
799 3.020334437850222 4.446245664846741
800 3.020334437850222 3.3385719696869334
801 3.020334437850222 4.825782003010941
802 3.020334437850222 4.267353740185182
803 3.020334437850222 4.213566833155205
804 3.020334437850222 3.0372927926068423
805 3.020334437850222 3.036189332351953
806 3.020334437850222 4.632469993972035
807 3.020334437850222 3.6251619302286726
808 3.020334437850222 3.401556282861652
809 3.020334437850222 4.202089342652547
810 3.020334437850222 3.5731870837295143
811 3.020334437850222 3.670912315253241
812 3.020334437850222 3.734287640461301
813 3.020334437850222 3.038730626126113
814 3.020334437850222 3.045129493954654
815 3.020334437850222 4.090876862741169
816 3.020334437850222 3.522407963060188
817 3.020334437850222 3.521136759545801
818 3.020334437850222 4.1341330091347865
819 3.020334437850222 3.9386570811044628
820 3.020334437850222 3.234127608796218
821 3.020334437850222 3.355926778395011
822 3.020334437850222 5.348898487825495
823 3.02033062317121 3.3757574521714333
824 3.02033062317121 5.856634114384301
825 3.02033062317121 4.995858053982755
826 3.02033062317121 4.050913188015109
827 3.02033062317121 3.851911067238929
828 3.02033062317121 3.2676099797724714
829 3.02033062317121 4.521237579375079
830 3.02033062317121 3.6770904775917854
831 3.02033062317121 5.019182358148386
832 3.02033062317121 4.416237436017093
833 3.02033062317121 3.120167134924984
834 3.020330623171196 4.213971154974998
835 3.020330623171196 3.768711906706946
836 3.020330623171196 5.611741025858702
837 3.020330623171196 4.524203103488218
838 3.020330623171196 3.736612910986832
839 3.020330623171196 4.705364702925083
840 3.020330623171196 3.921608546625383
841 3.020330623171196 3.5667160614422464
842 3.020330623171196 6.741485981972578
843 3.020330623171196 5.630464235941901
844 3.020330623171196 3.5848128018489587
845 3.020330623171196 3.958932876009756
846 3.020330623171196 5.311442220333716
847 3.020330623171196 5.4078586289296435
848 3.020330623171196 3.3960042674593427
849 3.020330623171196 3.9977519780946658
850 3.020330623171196 4.805989813607024
851 3.020330623171196 5.0862832874746875
852 3.02033062317121 3.6255803127200386
853 3.02033062317121 3.474066778214742
854 3.02033062317121 4.859800585950962
855 3.02033062317121 3.9860087431114435
856 3.02033062317121 4.997070188644226
857 3.02033062317121 3.459496037451885
858 3.02033062317121 3.3449452652630844
859 3.02033062317121 3.296428419228945
860 3.02033062317121 4.537081006749272
861 3.02033062317121 3.4097385284534494
862 3.02033062317121 3.705750996350233
863 3.02033062317121 3.339358167655958
864 3.02033062317121 4.115845781464227
865 3.020330623171196 4.449424974567327
866 3.020330623171196 3.1670651540275356
867 3.020330623171196 4.592174685091961
868 3.020330623171196 4.634670092122437
869 3.020330623171196 4.666164169523677
870 3.020330623171196 4.7973895354330445
871 3.020330623171196 5.867555065211755
872 3.020330623171196 4.729091706869102
873 3.020330623171196 4.65084759911299
874 3.020330623171196 5.3991967441780435
875 3.020330623171196 4.086229588784139
876 3.020330623171196 4.740557425082027
877 3.020330623171196 3.740158119808342
878 3.020330623171196 3.055859545723413
879 3.020330623171196 3.686719029302375
880 3.020330623171196 4.086503325719573
881 3.020330623171196 3.6196439775472173
882 3.020330623171196 4.015561990740197
883 3.020330623171196 4.698771497846019
884 3.020330623171196 4.5293189811749786
885 3.020330623171196 4.369927234736945
886 3.020330623171196 5.254892547309114
887 3.020330623171196 4.1833936888447685
888 3.020330623171196 4.024432090453493
889 3.020330623171196 4.163394606076862
890 3.020330623171196 4.006863403393734
891 3.020330623171196 3.074600744194478
892 3.020330623171196 4.601042857059798
893 3.020330623171196 5.441611398673785
894 3.020330623171196 5.004032623158444
895 3.020330623171196 3.435622776061172
896 3.020330623171196 5.208177170999715
897 3.020330623171196 3.0701163247036236
898 3.020330623171196 4.912924920392528
899 3.020330623171196 4.8058575006072495
900 3.020330623171196 3.9401896109015486
901 3.020330623171196 5.7760585371621405
902 3.020330623171196 4.371555447652383
903 3.020330623171196 4.763513829143061
904 3.020330623171196 3.641342409015507
905 3.020330623171196 3.630432520969987
906 3.020300034942391 3.2827765265897746
907 3.020300034942391 3.69132981887837
908 3.020300034942391 4.099790021702087
909 3.020300034942391 5.222735313447528
910 3.020300034942391 4.014513465994906
911 3.020292996646381 6.060254109314116
912 3.020292996646381 5.073910681641408
913 3.020292996646381 4.748881767545469
914 3.020292996646381 4.162172407693203
915 3.020292996646381 4.834063934098186
916 3.020292996646381 4.114980982050225
917 3.020292996646381 3.4646340356696066
918 3.020292996646381 4.390233347326249
919 3.020292996646381 3.287117736767984
920 3.0202546551508043 3.706610611235295
921 3.0190866047763585 3.6541499526139263
922 3.0190866047763585 5.6580816581426525
923 3.0190866047763585 3.901940364460824
924 3.0190866047763443 3.4955047621474797
925 3.0190842965177946 4.437484228576268
926 3.0190842965177946 4.6620514612665795
927 3.0190842965177946 3.7424599378319607
928 3.0190842965177946 3.8721359240297915
929 3.0190842965177946 5.2710780118870595
930 3.0190842965177946 4.0145516002164285
931 3.0190842965177946 3.64376762991402
932 3.0190842965177946 5.191449552046899
933 3.0190842965177946 5.042202509877121
934 3.0190842965177946 4.129853993943151
935 3.0190842965177946 5.232512490317764
936 3.0190842965177946 3.958604998193423
937 3.0190842965177946 3.455840928880296
938 3.0190842965177946 3.7078817868303884
939 3.0190842965177946 3.4727656479098705
940 3.0190842965177946 3.3684187332072484
941 3.0190842965177946 6.005863223758253
942 3.0190842965177946 4.04323467758792
943 3.0190842965177946 4.500279659972757
944 3.0190842965177946 3.9416219984657346
945 3.0190842965177946 4.313422923090139
946 3.0190842965177946 6.373372879536704
947 3.0190842965177946 4.754479919271643
948 3.0190842965177946 4.935637597009172
949 3.0190842965177946 5.4027523909019655
950 3.0190842965177946 4.934889274353669
951 3.0190842965177946 4.292767738314755
952 3.0190842965177946 3.1982332587376927
953 3.0190842965177946 3.3341871376242413
954 3.0190842965177946 4.552815908447595
955 3.0190842965177946 4.39503358926938
956 3.0190842965177946 3.9828919962199105
957 3.0190842965177946 3.6606918533181503
958 3.0190842965177946 3.6009739161082877
959 3.0190842965177946 4.491870939543674
960 3.0190842965177946 3.905040941693913
961 3.0190842965177946 5.578688515196633
962 3.0190842965177946 3.7411861723262545
963 3.0190842965177946 4.212866919358648
964 3.0190842965177946 4.215604836864855
965 3.0190842965177946 5.98795805167213
966 3.0190842965177946 6.122476997684603
967 3.0190842965177946 3.6836822487966727
968 3.0190842965177946 3.0521637244315243
969 3.0190842965177946 3.583383039808236
970 3.0190842965177946 3.955424376657337
971 3.0190842965177946 3.0413098241453036
972 3.0190842965177946 4.032699116074038
973 3.0190842965177946 3.5628333802876857
974 3.0190842965177946 3.638235927272305
975 3.0190842965177946 3.959449087595019
976 3.0190842965177946 3.562739130963648
977 3.0190842965177946 4.110719105543434
978 3.0190842965177946 3.172622113117524
979 3.0190842965177946 4.502584681813206
980 3.0190842965177946 3.6698020572676007
981 3.0190842965177946 4.0280150365669645
982 3.0190842965177946 4.208598322298468
983 3.0190842965177946 5.206800818435459
984 3.0190842965177946 3.508763686700555
985 3.0190842965177946 3.0335047295126087
986 3.0190842965177946 4.832203117080105
987 3.0190842965177946 5.291781289989457
988 3.0190842965177946 4.0336661193699
989 3.0190842965177946 3.03150652049751
990 3.0190842965177946 4.70270561695929
991 3.0190842965177946 3.4621291069325877
992 3.0190842965177946 4.513463753045497
993 3.0190842965177946 4.380458819124799
994 3.0190842965177946 5.104951395435037
995 3.0190842965177946 3.8894313360253445
996 3.0190842965177946 3.4070373767077
997 3.0190842965177946 4.811395502978533
998 3.0190842965177946 4.761004007208036
999 3.0190842965177946 3.8142611511524973
