# iteración mejor promedio
0 89.08843876479855 185.56810426437266
1 89.08843876479855 180.4302480487413
2 89.08843876479855 176.78974800791767
3 89.08843876479855 172.87528393288306
4 48.41144022398417 166.912092939625
5 45.35023429604913 159.96083433264997
6 45.35023429604913 150.25822385918485
7 45.35023429604913 143.33383093966583
8 45.35023429604913 134.74494554362806
9 45.35023429604913 123.97421979201181
10 37.666869089554865 113.25573044385112
11 37.666869089554865 107.69515451796865
12 37.666869089554865 99.49306629823447
13 35.60282751011071 89.35556637899747
14 33.68670297221523 83.09471854943872
15 33.68670297221523 80.40167125523715
16 30.82910768268941 79.506136527758
17 30.82910768268941 76.21364783894937
18 29.306937709880607 75.32726786278543
19 27.553229758955506 69.54512020839371
20 27.553229758955506 69.18520410473529
21 26.25592574446101 62.47772023532363
22 26.25592574446101 58.70305658196942
23 25.151759882014005 57.26362442547954
24 21.37972888686347 54.17719306980774
25 21.37972888686347 52.339304911601495
26 19.382076974698734 50.80203875176162
27 19.382076974698734 49.737440238567714
28 17.707475748754078 46.44863892318671
29 17.707475748754078 45.19700400926434
30 15.641237486221934 43.38308406756305
31 15.641237486221934 39.745038713894495
32 13.792758930664458 37.707332335350486
33 13.544191208896422 34.43703754956494
34 12.983916826324517 33.50548472548172
35 12.983916826324517 33.13066687304992
36 12.983916826324517 32.06973126527825
37 11.40421027499286 30.09848979567901
38 9.512753586477329 29.161326569954294
39 9.512753586477329 26.361827023911697
40 9.512753586477329 25.704743529659808
41 9.486615700915351 25.818964636175014
42 8.953177658172423 23.93569468956213
43 8.771278098261751 22.561529178891888
44 8.771278098261751 21.717794772093107
45 8.771278098261751 20.525194808543933
46 8.525628010562853 18.76869043583503
47 8.525628010562853 17.234321411714717
48 8.525628010562853 17.435803240324223
49 8.525628010562853 17.82683650125059
50 8.436124726138301 18.241576945076208
51 8.112553022730436 17.151718444212694
52 7.421858531235932 13.758174091113649
53 7.299137166668279 14.934760028070457
54 6.096012634012665 14.803822212284446
55 6.096012634012665 15.686658087706789
56 6.096012634012665 13.751165054374217
57 6.013908220737758 12.581993388468575
58 6.013908220737758 12.363832450225836
59 6.013908220737758 12.31499895422333
60 6.011874830359748 12.250453624407266
61 6.011874830359748 11.034377895607536
62 5.9601085262218305 10.654525290121068
63 5.176331543015143 9.4053705630859
64 5.032271903563636 8.52042926513839
65 5.025905071205729 8.759382486944322
66 5.011195881088492 8.795737997483752
67 4.904172682965807 8.850719997684791
68 4.817857065943409 8.548865156487322
69 4.817857065943409 10.673210280951725
70 4.817857065943409 7.677328827443257
71 4.792977641070847 7.386826455525783
72 4.792977641070847 6.973274598590741
73 4.792977641070847 6.611473785529903
74 4.773682623724866 8.61112059447356
75 4.773682623724866 7.928855645898696
76 4.760190884170617 6.712925696977124
77 4.760190884170617 6.416828808676737
78 4.760190884170617 7.105463165557161
79 4.759223336492182 5.981515107942179
80 4.740628654279199 6.783075276837439
81 4.740628654279199 5.83597604344743
82 4.740628654279199 6.292273646229975
83 4.740628654279199 5.971045693678629
84 4.739328868083188 5.665577642051228
85 4.739328868083188 8.101692232405366
86 4.739328868083188 6.267139239644167
87 4.739328868083188 6.599903375889028
88 4.739328868083188 5.436813337139056
89 4.739328868083188 5.4803920113707525
90 4.739328868083188 5.407125672788137
91 4.739328868083188 5.058220983078407
92 4.739328868083188 5.360093597007643
93 4.739328868083188 5.141119636146531
94 4.739328868083188 5.62787501295756
95 4.739328868083188 5.241931354034692
96 4.739328868083199 5.071682415571235
97 4.735103214857384 6.931102075003702
98 4.735103214857384 7.992672756565319
99 4.735103214857384 8.507091094782087
100 4.735103214857384 5.606760450446695
101 4.735103214857384 5.042427050554948
102 4.735103214857384 6.6374592117212305
103 4.735103214857384 6.177049795394706
104 4.735103214857384 5.243952671902049
105 4.735103214857384 5.465038952977219
106 4.735103214857384 4.978284946375826
107 4.735103214857384 5.381774635615152
108 4.735103214857384 4.96275589986964
109 4.735103214857384 4.975137488851655
110 4.735103214857384 5.8890303124069785
111 3.906442183512283 6.035544500354272
112 3.906442183512283 5.241859729047698
113 3.906442183512283 6.525811789051711
114 3.8431519378386714 5.792439684443218
115 3.8167674037078996 6.451648272954057
116 3.795971558758019 6.443579073527982
117 3.795971558758019 5.6277731872699714
118 3.784293854710116 7.237365285027961
119 3.784293854710116 5.531241600499665
120 3.784293854710116 6.487465705049945
121 3.784293854710116 6.792470808207189
122 3.784293854710116 5.824850740579879
123 3.784293854710116 5.067810522865783
124 3.784293854710116 5.948828361077724
125 3.784293854710116 6.343445282754909
126 3.778582880937474 6.599874482535385
127 3.778582880937474 5.833654617456046
128 3.7597801925148264 6.080737414725613
129 3.6332321515543615 5.764736767368739
130 3.6332321515543615 6.216161416305284
131 3.6332321515543615 6.069622124516131
132 3.6332321515543615 5.419466825085769
133 3.6332321515543615 6.73663135931739
134 3.6332321515543615 7.759603040870891
135 3.630020961054969 6.182471158836414
136 3.630020961054969 7.914663924649001
137 3.6299857508057816 7.252650790618098
138 3.6299857508057816 7.673709606468297
139 3.5624021458171793 6.589791880070636
140 3.5624021458171793 6.921355516188826
141 3.5624021458171793 6.844536452787227
142 3.5624021458171793 6.511893306039992
143 3.5624021458171455 6.295399112463159
144 3.5624021458171455 8.009877530677656
145 3.5624021458171455 8.092785499323714
146 3.5624021458171455 8.068262972113342
147 3.5624021458171455 7.610937047048333
148 3.5624021458171455 6.613118072978174
149 3.5624021458171455 7.591688664298828
150 3.5624021458171455 8.849233150732314
151 3.53071375465702 8.68850505141263
152 3.53071375465702 6.713346691683659
153 3.53071375465702 7.083058434202299
154 3.53071375465702 8.406133447116154
155 3.53071375465702 7.5579485897243215
156 3.53071375465702 7.01157881202597
157 3.53071375465702 8.892029074193477
158 3.53071375465702 7.661122324149814
159 3.53071375465702 6.791140215456331
160 3.53071375465702 9.67893347215269
161 3.53071375465702 8.178219820712032
162 3.53071375465702 9.375124531313867
163 3.53071375465702 9.168456761049178
164 3.53071375465702 10.036558073842706
165 3.53071375465702 7.943080968335206
166 3.53071375465702 7.255771059704568
167 3.53071375465702 6.99059239929264
168 3.53071375465702 6.239037601933112
169 3.53071375465702 8.359154547023932
170 3.53071375465702 8.659942468612
171 3.53071375465702 10.065430988461676
172 3.53071375465702 8.494810035095771
173 3.53071375465702 6.113241103301082
174 3.53071375465702 9.010060860963739
175 3.53071375465702 9.9802782096139
176 3.53071375465702 6.986947609334743
177 3.53071375465702 8.089702036968369
178 3.53071375465702 7.081370134716193
179 3.53071375465702 7.879251635118555
180 3.53071375465702 9.488726769344847
181 3.53071375465702 8.732385335979073
182 3.53071375465702 8.62120731379139
183 3.5306992985423236 7.447498846398725
184 3.5306992985423236 8.988550802072599
185 3.516516994015234 6.703768153523704
186 3.5109670118672476 6.509725614207995
187 3.5109670118672476 6.634114258160756
188 3.5109670118672476 6.113317634794572
189 3.510123189694623 4.739608830841818
190 3.510123189694623 4.808897588367099
191 3.4980580908661114 4.76618673327867
192 3.4980580908661114 5.592528397783763
193 3.497929337100901 4.788219275016256
194 3.497929337100901 5.043165614406462
195 3.4956043701227895 4.773843134231659
196 3.4956043701227895 5.534466704718238
197 3.4956043701227895 5.077628476717142
198 3.4956043701227895 4.472740557716653
199 3.4956043701227895 5.839765011764037
200 3.4956043701227895 4.408235951359548
201 3.4856459623091656 4.608436118819011
202 3.4856459623091656 5.148349694695115
203 3.480193164974809 6.392862364801036
204 3.480193164974809 5.609856732306894
205 3.4801225408674235 5.113146866287923
206 3.4798152547597248 4.683864027446395
207 3.4798152547597248 5.025167691134364
208 3.4798152547597248 7.160094586876607
209 3.4798152547597248 5.771140122618544
210 3.4798152547597248 6.351847018790262
211 3.4798152547597194 4.531590131100845
212 3.4798152547597194 5.970496635681514
213 3.4798152547597194 3.993043575029964
214 3.4798152547597194 4.689466701217986
215 3.4798152547597194 6.227017175312223
216 3.4798152547597194 5.956000539394297
217 3.4798152547597194 6.84575019687067
218 3.4798152547597194 6.006775489959151
219 3.4798152547597194 5.324196659585794
220 3.4798152547597194 4.62393699758216
221 3.4798152547597194 5.142521605509508
222 3.4798152547597194 5.431115855143008
223 3.4798152547597194 5.508546415921563
224 3.4798152547597194 6.483750989980104
225 3.4798152547597194 4.363432926434948
226 3.4798152547597194 5.416887985324423
227 3.475264069098669 4.910109940926975
228 3.475264069098669 4.882950541505387
229 3.475264069098669 6.040262975350835
230 3.475264069098669 4.960212536634201
231 3.4750815855738217 6.290605156092153
232 3.474902604938647 6.494512124227327
233 3.474830262380758 4.055232921051633
234 3.474830262380758 4.808973663727839
235 3.474830262380758 4.384703804195667
236 3.474830262380758 5.580236298639047
237 3.474830262380758 4.900682352535873
238 3.474830262380758 5.030242902028055
239 3.4747523855104436 5.279951152011477
240 3.4747523855104436 6.038069709830841
241 3.4747480766194077 5.060268194309496
242 3.4747480766194077 3.9231187722651852
243 3.4747480766194077 5.363891765990867
244 3.4747480766194077 4.892862120875862
245 3.472443772599881 4.901462684196169
246 3.472443772599881 3.9964548980975825
247 3.472113971823159 4.124544601698577
248 3.472113971823159 5.326101362129578
249 3.471435548685589 4.709895210546183
250 3.471435548685589 4.2682979407051524
251 3.4690642225070913 4.546821873817461
252 3.4689766797645625 5.114305538318652
253 3.4689766797645625 4.488159077113076
254 3.468828315916685 6.094110069455369
255 3.468828315916685 6.485079431248278
256 3.4612095658354836 4.24299159223999
257 3.460934161404211 4.9228768553266935
258 3.460934161404211 4.77056412756637
259 3.460725679821369 5.713904416040016
260 3.456232096263143 4.815648680486404
261 3.4561990019886153 4.543953146737578
262 3.456046127631124 5.360589906026446
263 3.456046127631124 4.924603994291393
264 3.4531177107692876 4.230207887476105
265 3.4527879099925656 5.043216142567843
266 3.4527879099925656 3.950765099307259
267 3.4527879099925656 3.8537937768626893
268 3.4527879099925656 5.364713422125223
269 3.4527879099925656 4.268260057271867
270 3.4527879099925656 3.706121713567419
271 3.4527879099925656 4.435063046892102
272 3.4527739657253154 4.971891619194118
273 3.4527739657253154 4.565440483331603
274 3.4527739657253154 4.804879000110808
275 3.45233434494706 3.746772559424335
276 3.45233434494706 4.360601011341289
277 3.45233434494706 7.218681204287854
278 3.45233434494706 5.8219735208150585
279 3.4516290895372936 3.8380953475001998
280 3.4516290895372936 4.182543987543985
281 3.4516290895372936 3.9545176190638966
282 3.4516290895372936 3.663939540633751
283 3.451619932184956 3.5605237794688622
284 3.451619932184956 3.736367067505165
285 3.451619932184956 4.586600490515071
286 3.451619932184956 5.231792514168055
287 3.4516199321849435 4.480957265800851
288 3.450390648902337 4.5724560584395455
289 3.450390648902337 4.491446916630337
290 3.450390648902337 5.193111866011844
291 3.450390648902337 4.257581756650942
292 3.450390648902337 6.6373896806329835
293 3.450390648902337 3.551950364331052
294 3.450390648902337 4.160917430276107
295 3.450390648902337 3.922297688605515
296 3.450390648902337 4.098272493623819
297 3.450381491549999 3.810439055416192
298 3.450381491549999 4.437566628778367
299 3.450381491549999 3.865618903556013
300 3.44927319772186 4.884608243181744
301 3.44927319772186 4.792040129984353
302 3.44927319772186 4.429759236868033
303 3.44927319772186 3.8389064991343402
304 3.44927319772186 4.709221034259903
305 3.44927319772186 4.798742625143734
306 3.44927319772186 4.469612046334968
307 3.44927319772186 3.5328000074489405
308 3.44927319772186 3.5299810199876447
309 3.449245772714301 4.283311027787559
310 3.449245772714301 4.8033118318775125
311 3.449245772714301 3.909283066877255
312 3.4491850566309896 3.5288499625338186
313 3.4491850566309896 5.935847962438429
314 3.449175899278652 3.533309829398726
315 3.4491500217759725 4.073811604070084
316 3.4489763108074545 3.5288739463454974
317 3.4489763108074545 3.7756256542429933
318 3.4489763108074545 5.896456664630119
319 3.4489763108074545 4.9913883577066285
320 3.4489763108074545 3.524335174146313
321 3.4489763108074545 3.525762089762418
322 3.4489763108074545 3.5267205923399403
323 3.4484014387250372 3.925778948529148
324 3.4484014387250372 5.563330643586178
325 3.4484014387250372 4.168841002414832
326 3.4484014387250372 4.472253680500281
327 3.4484014387250372 3.5167661466157654
328 3.4484014387250372 4.2055770362134925
329 3.4478954972030937 4.816636935177366
330 3.4478954972030937 7.435073345759323
331 3.447895201575884 3.723618232100891
332 3.447895201575884 3.739367991455674
333 3.447895201575884 4.474750100360448
334 3.447895201575884 4.125733629470775
335 3.447895201575884 4.188891137930701
336 3.447895201575884 4.496058372322062
337 3.447895201575884 4.188258588879391
338 3.447895201575884 3.7166103026719854
339 3.447895201575884 3.873489263898657
340 3.447895201575884 5.976904323019649
341 3.447895201575884 4.017365291582423
342 3.447895201575884 4.565787766632025
343 3.447895201575884 3.8471134391977877
344 3.447895201575884 3.727989910561616
345 3.447895201575884 4.0512632112683225
346 3.447895201575884 3.4947130897687955
347 3.447895201575884 4.997681041066369
348 3.447895201575884 4.20164758829726
349 3.447886339850756 5.99429180952322
350 3.447886339850756 4.394651674108542
351 3.447886339850756 3.490504004342024
352 3.447886339850756 3.7939090568984546
353 3.447886339850756 4.043853071444765
354 3.447886339850756 4.163012846284855
355 3.447886044223546 3.487098878592925
356 3.447886044223546 3.4857316731897554
357 3.447886044223546 4.021317440831504
358 3.447886044223546 4.414142239619381
359 3.447886044223546 3.4778898651083403
360 3.447886044223546 3.4766487698591186
361 3.447886044223546 4.931011877982076
362 3.447886044223546 4.382380581986767
363 3.447886044223546 3.88634699174027
364 3.447886044223546 4.308952911772569
365 3.447886044223546 5.796113201410139
366 3.447886044223546 4.616722390837798
367 3.447886044223546 3.6111552117538643
368 3.447886044223546 3.8740819203558035
369 3.447886044223546 3.6732925574929407
370 3.447886044223546 3.4779439650515496
371 3.447886044223546 5.463827417555592
372 3.447886044223546 6.493024819395133
373 3.447886044223546 4.883345440278151
374 3.447886044223546 3.768838781354728
375 3.447886044223546 7.7233275849744745
376 3.447886044223546 4.479237828705522
377 3.447886044223546 4.331966015821134
378 3.447886044223546 5.626195333471735
379 3.447886044223546 3.4798823686958222
380 3.447886044223546 3.781518369815131
381 3.447886044223546 4.23616165749592
382 3.447886044223546 4.803633309746161
383 3.447886044223546 3.764888844722803
384 3.447886044223546 3.6364346595566097
385 3.447886044223546 3.83747312641402
386 3.447886044223546 3.7334290385727558
387 3.447886044223546 4.277863909927673
388 3.447886044223546 4.659811061003011
389 3.447886044223546 3.6729652208971264
390 3.447886044223546 4.251687441510683
391 3.447886044223546 3.4704345475241967
392 3.447886044223546 3.471202506043633
393 3.447886044223546 4.229126337794946
394 3.447886044223546 6.26090010719231
395 3.447886044223546 4.299880737672482
396 3.447886044223546 4.124654668246343
397 3.447886044223546 5.434048239806633
398 3.447886044223546 4.035058968303526
399 3.447886044223546 4.163725680067934
400 3.4478860442235124 4.916306597355421
401 3.4478860442235124 5.844899525203296
402 3.4478860442235124 6.472953590453084
403 3.4478860442235124 4.366115365982412
404 3.4478860442235124 4.312900753544295
405 3.4478860442235124 3.464386904886444
406 3.4478860442235124 5.570498220719227
407 3.41133450893574 5.89637830006075
408 3.41133450893574 4.94445475790451
409 3.41133450893574 5.200658246600367
410 3.41133450893574 4.735003259646485
411 3.410876916945023 4.127305042585422
412 3.4098385636537873 4.232039278498004
413 3.4098385636537873 3.717396585144795
414 3.4044368195983985 4.148142588730318
415 3.4044368195983985 4.243232813069364
416 3.4044368195983985 3.485010308940798
417 3.4032731489009986 3.509067256046517
418 3.4032731489009986 6.04122230939743
419 3.4032731489009986 3.727320690183943
420 3.4032731489009986 3.4586585130347482
421 3.4029433481242766 3.8378143386917385
422 3.4029433481242766 5.6093089360254815
423 3.4029433481242766 4.196602362574414
424 3.4029433481242766 5.528222323759823
425 3.4029433481242766 4.541868844040002
426 3.4013697944492396 5.344006532457902
427 3.4013697944492396 3.6942564695125237
428 3.4013697944492396 4.000867881806868
429 3.4013697944492396 3.4546440287502507
430 3.4013697944492396 4.040671462555651
431 3.4013697944492396 3.8495184985706414
432 3.4013697944492396 5.54937310739954
433 3.4013697944492396 4.708253898784369
434 3.4013697944492396 3.741450157297622
435 3.4013697944492396 4.239041131899236
436 3.4013697944492396 4.888204973628537
437 3.4013697944492396 5.010351114215521
438 3.4013697944492396 4.148067308897253
439 3.4013697944492396 3.995880336322553
440 3.4013697944492396 4.679082560519385
441 3.4013697944492396 5.320416999634514
442 3.4013697944492396 4.1890882408704275
443 3.4013697944492396 4.945468108065659
444 3.401360637096902 3.7590462069438892
445 3.401360637096902 3.458203992145063
446 3.401360637096902 4.975583091857567
447 3.401360637096902 3.9281823283099406
448 3.401360637096902 3.6144504695175677
449 3.401360637096902 4.659324951871856
450 3.401345599539974 3.5722393619049195
451 3.4013453039127644 3.6770217178927838
452 3.4013453039127644 3.4538703688275647
453 3.4013453039127644 3.960165312253965
454 3.4013453039127377 4.640620731056337
455 3.4013453039127377 4.1099253491496075
456 3.4012278774914737 4.514255436003729
457 3.4010074263103025 5.166773949398541
458 3.4010074263103025 4.340714873861061
459 3.4010074263103025 4.495469153191697
460 3.4010074263103025 5.039926165980032
461 3.4008511340300007 4.428817373026408
462 3.4008511340300007 5.351296201951739
463 3.4008511340300007 4.023094268846316
464 3.4008511340300007 4.544262794761199
465 3.4004957099078457 3.7930987056695344
466 3.4004957099078457 3.4543157852497375
467 3.4004957099078457 3.6789427881345182
468 3.4004957099078457 3.4549761571523137
469 3.4004957099078457 5.089320337865774
470 3.3992996806404125 4.505038550493044
471 3.399298571447469 3.7293470706629677
472 3.399298571447469 5.043062278424133
473 3.399298571447469 3.851515058880549
474 3.399298571447469 3.861810786423381
475 3.399298571447469 4.117708681856132
476 3.399298571447469 3.8222718529253985
477 3.399298571447442 3.4464609191024045
478 3.399298571447442 5.533187302272352
479 3.399298571447442 4.314950488211497
480 3.399298571447442 3.8633055400921434
481 3.399298571447442 3.845120018865586
482 3.399298571447442 5.248097946045706
483 3.399298571447442 6.043518848992448
484 3.399298571447442 6.070077498867253
485 3.399298571447442 5.079056738247358
486 3.399298571447442 4.91716826608005
487 3.399298571447442 6.328045971483914
488 3.399298571447442 5.746999284934111
489 3.399298571447442 5.205164830793765
490 3.399298571447442 6.230010496704505
491 3.399298571447442 5.710879867908647
492 3.399298571447442 5.60180681587499
493 3.399298571447442 4.584248229541875
494 3.399298571447442 4.153980291087395
495 3.399298571447442 5.380951672876361
496 3.399298571447442 4.33991335824367
497 3.399298571447442 3.64279460138583
498 3.399298571447442 4.199040128891182
499 3.399298571447442 4.579001978024868
500 3.399298571447442 4.811614070615684
501 3.399298571447442 6.1456171969951265
502 3.399298571447442 4.000544113470656
503 3.399298571447442 3.4971445333438145
504 3.399298571447442 4.436268881149048
505 3.399298571447442 4.258816457986336
506 3.399298571447442 6.751807011210235
507 3.399298571447442 4.8085800160963705
508 3.399298571447442 4.8777678084608445
509 3.399298571447442 5.427158639748191
510 3.3992391007934604 3.982205832005997
511 3.3992391007934604 5.688429823766044
512 3.3992391007934604 4.6596318114158946
513 3.3992391007934604 3.431839940555254
514 3.3992388051662505 5.010126618286205
515 3.3992388051662505 3.4284289092837974
516 3.3992388051662505 4.174568720462773
517 3.399230813770444 3.7557304956152113
518 3.399230813770444 4.209299799146077
519 3.399230813770444 4.719688999287301
520 3.399230813770444 3.9671574441778406
521 3.399230813770444 3.876373862698594
522 3.399230813770444 5.061362532965822
523 3.3992208617775166 3.667757896111728
524 3.3992208617775166 3.433396043310773
525 3.399211704425179 3.606512138104346
526 3.399211704425179 3.9056624622651084
527 3.3992052621163857 4.044405920147275
528 3.3992052621163857 5.265401845899521
529 3.3992052621163857 3.6892742852569897
530 3.3992052621163857 5.12088987403902
531 3.3992052621163857 4.669346145640598
532 3.3992052621163857 4.949032743313541
533 3.399203857296232 4.475172337858569
534 3.399203857296232 3.7677834633584215
535 3.399203857296232 3.4496662744313435
536 3.399203857296232 3.430314428765673
537 3.399203857296232 3.7283312456459248
538 3.3992038572962056 4.142789627890746
539 3.3992038572962056 4.346658304584632
540 3.3992038572962056 4.008176412034459
541 3.3992038572962056 5.163316379142528
542 3.3991975521561937 3.651658384812849
543 3.3991975521561937 4.122709895369414
544 3.3991975521561937 3.789023854211286
545 3.3991975521561937 4.150234244023237
546 3.3991975521561937 3.589756225516691
547 3.3991975521561937 4.1235097424833835
548 3.3991975521561937 3.8146990032990136
549 3.3991975521561937 4.1325011263774805
550 3.3991975521561937 3.4175815009197095
551 3.3991975521561937 3.416899256214167
552 3.3991975521561937 3.986449760545771
553 3.3991975521561937 3.418530933265804
554 3.3991975521561937 3.8024360610240064
555 3.3991975521561937 3.780204228329454
556 3.3991975521561937 4.927302785197866
557 3.3991975521561937 4.604046180524324
558 3.3991975521561937 3.573859587195126
559 3.3991975521561937 3.9959153854311347
560 3.3991975521561937 3.415790704019135
561 3.3991975521561937 3.6532033465583074
562 3.3991975521561937 3.6976917273025065
563 3.3991975521561937 5.633452223503142
564 3.3991975521561937 3.751400072135242
565 3.3991960030698944 4.796296045781098
566 3.3991960030698944 3.664684918647247
567 3.3991960030698944 3.562376114869488
568 3.3991960030698944 4.871043441692799
569 3.3991960030698944 5.108139342871354
570 3.3991960030698944 4.437429280269357
571 3.3991960030698944 4.773394100939158
572 3.3991960030698944 3.4184686858947186
573 3.3991960030698944 3.4169731456975256
574 3.3991960030698944 3.6030460578838195
575 3.3991960030698944 4.364852629821818
576 3.3991960030698944 4.466593569107737
577 3.3991960030698944 5.261157997628068
578 3.3991960030698944 4.400085577246711
579 3.3991960030698944 4.1795923669026465
580 3.3991960030698944 4.0563354171628445
581 3.3991960030698944 3.4210482233391666
582 3.3991960030698944 5.664068075398188
583 3.3991960030698944 4.130981173142117
584 3.3991959770536546 4.452251734984668
585 3.3991959770536546 5.905694903654003
586 3.3991959770536546 5.286929574337555
587 3.399195977053628 4.662276207260264
588 3.3991959770536546 4.902735332650518
589 3.3991947212285645 3.814992157398377
590 3.3991939549624206 4.322068063627657
591 3.399193954962394 3.5755388864775437
592 3.399193954962394 3.718826557642791
593 3.399193954962394 5.005030024013012
594 3.399193954962394 5.8047938991056025
595 3.399193954962394 4.592929743734229
596 3.399193954962394 4.1400820125379445
597 3.399193954962394 3.770756002020928
598 3.399193954962394 6.256746773874832
599 3.399193954962394 5.5392432409335175
600 3.399193954962394 5.897496898745257
601 3.399193954962394 3.8475273243642323
602 3.399193954962394 5.795967154120032
603 3.399193954962394 3.6657329874304776
604 3.399193954962394 3.9718712926072497
605 3.399193954962394 5.219879160281987
606 3.399193954962394 4.538887249942599
607 3.399193954962394 3.414012605088825
608 3.399193954962394 3.9407085503800157
609 3.399193954962394 3.658108267207244
610 3.399193954962394 4.871483716245977
611 3.399193954962394 5.3129032377033925
612 3.399193954962394 4.064213248786546
613 3.399193954962394 4.579665807614441
614 3.399193954962394 4.453315445816618
615 3.399193954962394 4.531459042136265
616 3.399193954962394 5.147762807554545
617 3.399193954962394 4.354103959684251
618 3.399193954962394 5.940055502355953
619 3.399193954962394 5.757755571460616
620 3.399193954962394 5.430256480194763
621 3.399193954962394 4.3048737703630255
622 3.399193954962394 5.097534549239576
623 3.399193954962394 5.07574501437852
624 3.399193954962394 3.9635685960354756
625 3.399193954962394 4.138205061381044
626 3.399193954962394 5.78437340135778
627 3.399193954962394 5.095927680662219
628 3.399193954962394 4.55339229391255
629 3.399193954962394 7.191604106327682
630 3.399193954962394 3.6222455489329293
631 3.399193954962394 3.40935674555277
632 3.399193954962394 3.408552507945036
633 3.399193954962394 6.212035043927146
634 3.399193954962394 3.627170871278325
635 3.399193954962394 3.4098976700916523
636 3.399193954962394 3.903123095694726
637 3.399193954962394 3.4088363589768176
638 3.399193954962394 4.344489922036954
639 3.399193954962394 6.481120927687685
640 3.399193954962394 5.442889179216115
641 3.399193954962394 4.673781300056679
642 3.399193954962394 5.644092643968332
643 3.399193954962394 5.08298727395373
644 3.399193954962394 5.22351795501627
645 3.399193954962394 3.7480406416418925
646 3.399193954962394 3.814383837854445
647 3.399193954962394 4.697054723370414
648 3.399193954962394 5.1320151037545205
649 3.399193954962394 4.239170101939512
650 3.399193954962394 4.735166833532346
651 3.399193954962394 5.001171664931592
652 3.399193954962394 4.3373570244054775
653 3.399193954962394 3.6418607389000193
654 3.399193954962394 3.7936058036879956
655 3.399193954962394 3.403786145570999
656 3.399193954962394 3.4040214095901113
657 3.399193954962394 4.469265441112545
658 3.399193954962394 4.85399169376119
659 3.399193954962394 4.315016189447278
660 3.399193954962394 8.53054475308295
661 3.399193954962394 7.080637246190296
662 3.399193954962394 4.931070808002699
663 3.399193954962394 3.6285961228233883
664 3.399193954962394 5.8537334921117825
665 3.399193954962394 3.635998039578501
666 3.399193954962394 4.211607622871994
667 3.399193954962394 4.234586792720756
668 3.399193954962394 4.905113782766025
669 3.399193954962394 5.221957447915964
670 3.399193954962394 5.635517896466156
671 3.399193954962394 5.628389142140459
672 3.399193954962394 4.560627967428225
673 3.399193954962394 4.088385390251044
674 3.399193954962394 4.122417160124163
675 3.399193954962394 4.09923272171023
676 3.399193954962394 4.388845795884021
677 3.399193954962394 4.1533280875835725
678 3.399193954962394 4.113008090347611
679 3.399193954962394 5.007885862150338
680 3.399193954962394 4.801445737011585
681 3.399193954962394 4.436514662598127
682 3.399193954962394 5.374571605923915
683 3.399193954962394 3.944823844547791
684 3.399193954962394 3.7328497966722045
685 3.399193954962394 5.24998414731236
686 3.399193954962394 3.917683317744068
687 3.399193954962394 4.635712022248515
688 3.399193954962394 5.294533369923763
689 3.399193954962394 4.139187041631024
690 3.399193954962394 4.079488197246607
691 3.399193954962394 4.279780912340613
692 3.399193954962394 4.5037418520832695
693 3.399193954962394 3.758349273606874
694 3.399193954962394 4.518057762743572
695 3.399193954962394 4.815666899933159
696 3.399193954962394 5.10814359037444
697 3.399193954962394 5.157158488411223
698 3.399193954962394 5.09376380394069
699 3.399193954962394 4.5138390655094875
700 3.399193954962394 3.9731712680996383
701 3.399193954962394 5.0288552838085145
702 3.399193954962394 6.440828931145811
703 3.399193954962394 5.366841713644581
704 3.399193954962394 3.4033701219469155
705 3.399193954962394 3.7920449028568277
706 3.399193954962394 4.772027308026565
707 3.399193954962394 5.154057338479025
708 3.399193954962394 4.743791153357595
709 3.399193954962394 4.426822585728842
710 3.399193954962394 4.239511714340655
711 3.399193954962394 4.111575545418422
712 3.399193954962394 4.170721778487739
713 3.399193954962394 3.5788613821218695
714 3.399193954962394 6.535775251509874
715 3.399193954962394 5.694967893110167
716 3.399193954962394 4.198926639747142
717 3.399193954962394 5.251579777156662
718 3.399193954962394 3.9053025851683425
719 3.399193954962394 3.4021061795550014
720 3.399193954962394 6.620105795771123
721 3.399193954962394 5.993562235488774
722 3.399193954962394 5.167340046727413
723 3.399193954962394 5.944574095132516
724 3.399193954962394 4.513578672128924
725 3.399193954962394 3.7143801225138535
726 3.399193954962394 4.733013601896235
727 3.399193954962394 3.401156652301745
728 3.399193954962394 4.667770165298205
729 3.399193954962394 3.657991276616387
730 3.399193954962394 5.8479754820024645
731 3.399193954962394 4.086068377787592
732 3.399193954962394 5.171143541770924
733 3.399193954962394 3.5630811159317592
734 3.399193954962394 3.5113453921220072
735 3.399193954962394 4.338385254878691
736 3.399193954962394 3.8069691694883487
737 3.399193954962394 5.653858684016622
738 3.399193954962394 8.22616333119246
739 3.399193954962394 6.095201871445438
740 3.399193954962394 4.964724123961713
741 3.399193954962394 4.457386771858627
742 3.399193954962394 5.305336402754826
743 3.399193954962394 5.507570436173199
744 3.399193954962394 4.324672698423904
745 3.399193954962394 5.856829131970233
746 3.399193954962394 4.557753115936264
747 3.399193954962394 4.72449974504034
748 3.399193954962394 5.8335406242853995
749 3.399193954962394 4.078075875562331
750 3.399193954962394 3.9179539098850795
751 3.399193954962394 3.969410692924676
752 3.399193954962394 4.3383719156905105
753 3.399193954962394 4.45919346707891
754 3.399193954962394 3.4062283703693277
755 3.399193954962394 4.576579162345797
756 3.399193954962394 4.377732793015932
757 3.399193954962394 5.865666085706415
758 3.39914684919866 4.389601199225023
759 3.39914684919866 4.32739499751598
760 3.39914684919866 4.9682527330963016
761 3.39914684919866 4.259172414275862
762 3.39914684919866 4.240404526874584
763 3.39914684919866 4.313760103702094
764 3.39914684919866 4.8044180627267625
765 3.39914684919866 4.477929490936788
766 3.39914684919866 5.454980606852672
767 3.39914684919866 4.356246097191874
768 3.39914684919866 3.972573124325416
769 3.39914684919866 5.2462494020954935
770 3.39914684919866 4.134276760198905
771 3.39914684919866 3.6246439419968652
772 3.39914684919866 3.7518336789476416
773 3.39914684919866 3.9705167754084743
774 3.39914684919866 5.318927572852907
775 3.3986594703869617 4.169876089308343
776 3.3986594703869617 3.4377674228070805
777 3.3986594703869617 5.295467438519825
778 3.3986442397601895 4.662343647450133
779 3.3986442397601895 6.100689160279149
780 3.3986442397601895 5.172406749927797
781 3.3986442397601895 3.403350697930354
782 3.3986442397601895 5.4617337350120465
783 3.3986302388522684 4.6681358507995965
784 3.3986302388522684 4.449199600082304
785 3.3986302388522684 3.435375721122917
786 3.3986302388522684 3.5163161297557703
787 3.3986302388522684 4.176279124971072
788 3.3986302388522684 3.6662069704090614
789 3.3986302388522684 4.714548089459486
790 3.3986302388522684 4.672649359245877
791 3.3986302388522684 3.4021156400978434
792 3.3986302388522684 3.9760141293050952
793 3.3986302388522684 3.490937360691017
794 3.3986302388522684 4.262979031086237
795 3.3986302388522684 3.471936715513904
796 3.3986302388522684 4.810081413693825
797 3.3986302388522684 5.809705155105113
798 3.3986302388522684 5.33633557329183
799 3.3986302388522684 5.2159453887535365
800 3.3986302388522684 5.124650625031795
801 3.3986302388522684 3.852479619556684
802 3.3986302388522684 4.705937338989129
803 3.3986302388522684 3.519288477205817
804 3.3986302388522684 4.027762542042923
805 3.3986302388522684 3.4453924985016924
806 3.3986302388522684 4.890507244351899
807 3.3986302388522684 3.4037167591092494
808 3.3986302388522684 4.711205630778414
809 3.3986302388522684 4.14852792038755
810 3.3986302388522684 4.666243779603077
811 3.3986302388522684 5.770616620595081
812 3.3986302388522684 3.7100027948358707
813 3.3986302388522684 3.696892349539689
814 3.3986302388522684 4.775431196250727
815 3.3986302388522684 3.9284213475397594
816 3.3986302388522684 3.5063717533069423
817 3.3986302388522684 4.437103765701692
818 3.3986302388522684 3.4414438798455893
819 3.3986302388522684 4.101462863954259
820 3.3986302388522684 4.9145551325175925
821 3.3986302388522684 5.9541112652098835
822 3.3986302388522684 4.740958728210703
823 3.3986302388522684 4.587208407524091
824 3.3986302388522684 4.411610714923571
825 3.3986302388522684 5.44711752949883
826 3.3986302388522684 4.3770830321858485
827 3.3986302388522684 3.400811260184912
828 3.3986302388522684 3.4008529986638094
829 3.3986302388522684 5.964445031077051
830 3.3986302388522684 4.5491318302979575
831 3.3986302388522684 4.298195756555096
832 3.3986302388522684 3.5675458898378984
833 3.3986302388522684 3.802079871817081
834 3.3986302388522684 4.028417610095808
835 3.3986302388522684 3.4022954897565034
836 3.3986302388522684 5.437207114555463
837 3.3986302388522684 4.561320223095115
838 3.3986302388522684 3.68908479416368
839 3.3986302388522684 4.894743413855063
840 3.3986302388522684 4.443636366223861
841 3.3986296854378697 4.218483538968013
842 3.3986296854378697 3.973085803582106
843 3.3986296854378697 5.106948851063796
844 3.3986296854378697 4.849638080003167
845 3.3986296854378697 4.899865170750715
846 3.3986296854378697 5.245370070540201
847 3.3986296854378697 3.7331111770564345
848 3.3986296854378697 5.102857973820958
849 3.3986296854378697 4.077870653790153
850 3.3986296854378697 4.7201178546674445
851 3.3986296854378697 4.636920038543798
852 3.3986296854378697 4.585348132932195
853 3.3986296854378697 4.6835477425389005
854 3.3986296854378697 6.961901333968659
855 3.3986296854378697 5.232752852576551
856 3.3986296854378697 4.011299630520166
857 3.3986296854378697 3.4577744332048646
858 3.3986296854378697 3.7081504904317284
859 3.3986296854378697 3.706459637499164
860 3.3986296854378697 4.24549167231045
861 3.3986296854378697 3.704128717062977
862 3.3986296854378697 3.5446735215578293
863 3.3986296854378697 3.8854339443008223
864 3.3986296854378697 4.105498419319919
865 3.3986296854378697 4.409020968869765
866 3.3986296854378697 3.4840988586635917
867 3.3986296854378697 4.127221474927119
868 3.3986296854378697 4.588749127053251
869 3.3986296854378697 6.335028001021173
870 3.3986296854378697 4.098027927134212
871 3.3986296854378697 4.042100676192146
872 3.3986296854378697 4.3384878888581815
873 3.3986296854378697 3.78250055153401
874 3.3986296854378697 3.603672750029858
875 3.3986296854378697 5.022672804058671
876 3.3986296854378697 3.4348114769296187
877 3.3986296854378697 4.343986807463394
878 3.3986296854378697 3.8011160456658883
879 3.3986296854378697 3.5683193015483106
880 3.3986296854378697 3.4023881244399883
881 3.3986296854378697 3.482249534353316
882 3.3986296854378697 3.931748069114227
883 3.3986296854378697 3.4410452282839907
884 3.3986296854378697 4.492634856174379
885 3.3986296854378697 4.856761053533292
886 3.3986296854378697 5.187725556538856
887 3.3986296854378697 4.612926385251287
888 3.3986296854378697 4.507664510971896
889 3.3986296854378697 4.469760035255456
890 3.3986296854378697 4.95611781812029
891 3.3986296854378697 5.909351194049903
892 3.3986296854378697 3.6007535542167415
893 3.3986296854378697 4.36119325492934
894 3.3986296854378697 4.423237719103023
895 3.3986296854378697 4.13755791248665
896 3.3986296854378697 4.124462641578207
897 3.3986296854378697 3.706209550929769
898 3.3986296854378697 4.422321813752535
899 3.3986296854378697 3.7654546380106213
900 3.3986296854378697 3.490066876647108
901 3.3986296854378697 3.6552425204396433
902 3.3986296854378697 5.0867588290818455
903 3.3986296854378697 3.703349054225524
904 3.3986296854378697 4.03770901139276
905 3.3986296854378697 3.5703222096941767
906 3.3986296854378697 6.176679922917595
907 3.3986296854378697 3.9867441377389885
908 3.3986296854378697 4.094351890219312
909 3.3986296854378697 4.352317761245432
910 3.3986296854378697 4.442660023199643
911 3.3986296854378697 3.991049807498473
912 3.3986296854378697 4.362539168806301
913 3.3986296854378697 3.542511880859046
914 3.3986296854378697 3.479423337944571
915 3.3986296854378697 4.875691575265397
916 3.3986296854378697 5.045120195333094
917 3.3986296854378697 5.091965854951326
918 3.3167295261833107 5.436241332175425
919 3.3167295261833107 4.7046424337083526
920 3.0191263338250653 4.853219361302014
921 3.0191263338250653 4.000224023041043
922 3.0042488664426 5.200104182045773
923 3.0042488664426 4.463607897061319
924 3.0039671200323337 4.66668238603037
925 3.003966566617935 4.179324456880333
926 3.003966566617935 3.8449977295212268
927 3.003966566617935 5.553839578459898
928 3.003956302622777 5.100762138171539
929 3.0039429071591446 4.784462904967002
930 3.0035709969062427 3.8826169249999327
931 3.003226406275447 4.3867094050402695
932 3.003226406275447 4.139055454589641
933 3.003226406275447 5.013687660037002
934 3.003226406275447 3.9645168345447455
935 3.003226406275447 4.053913769760779
936 3.003226406275447 5.867412107508674
937 3.003226406275447 4.606969867562051
938 3.0032130108118142 3.9806266763216094
939 3.0032130108118142 4.402551283169654
940 3.0032130108118142 4.66449054685887
941 3.0032130108118142 5.822785149914882
942 3.0032130108118142 6.679775213720834
943 3.003212057709126 4.159777960353423
944 3.003212057709126 3.960532984267082
945 3.003212057709126 4.706400623427397
946 3.003212057709126 3.9582862013993423
947 3.003212057709126 4.570948218642011
948 3.003212057709126 4.027982351694731
949 3.003212050614069 3.196247395087998
950 3.003212050614069 4.639205514923275
951 3.0031730099072735 3.293048979453114
952 3.0031730099072735 5.152603435158467
953 3.0031730099072735 4.244120966092683
954 3.0031730099072735 4.026808488843497
955 3.0031730099072735 5.996763450428689
956 3.0031728751011872 5.108051078584482
957 3.0031728751011872 3.9850385184865535
958 3.0031728751011872 3.86946656511391
959 3.0031728751011872 3.4302119391814854
960 3.0031728751011872 3.100864774525499
961 3.003172825435785 4.784776854240691
962 3.003172825435785 4.112128750767109
963 3.003172825435785 3.633098803200067
964 3.003172825435785 3.919355880919158
965 3.003172825435785 3.438250953617118
966 3.003172825435785 3.0412389853042954
967 3.003172825435785 3.5757096474636016
968 3.003172825435785 3.033988430455955
969 3.003172825435785 3.037939938995689
970 3.003172825435785 3.0181811308047717
971 3.003172825435785 3.890894490539275
972 3.003172825435785 3.014944396029556
973 3.003172825435785 3.016189268508649
974 3.003172825435785 3.7963459824066574
975 3.003172825435785 3.2381190568631935
976 3.003172825435785 4.573554825838923
977 3.003172825435785 3.742201068365723
978 3.003172825435785 4.323108866521668
979 3.003172825435785 3.408358965635056
980 3.0031725298084115 3.204533750579815
981 3.0031725298084115 4.114665587547646
982 3.0031725298084115 3.4415161407827304
983 3.0031725298084115 4.9537632447338
984 3.0031725298084115 3.580267653228313
985 3.0031719527437684 3.90664176121763
986 3.0031719527437684 4.078302002979502
987 3.0031719527437684 3.5812309249819068
988 3.00317195274377 4.7643877592494706
989 3.00317195274377 3.0036704392589235
990 3.00317195274377 5.103268976664133
991 3.00317195274377 3.9116698085395933
992 3.00317114627226 4.447351739421102
993 3.00317114627226 3.8196600662944724
994 3.00317114627226 3.738579718134308
995 3.00317114627226 3.425025848458471
996 3.00317114627226 3.003647039744885
997 3.00317114627226 3.003627784387665
998 3.00317114627226 3.003655510734382
999 3.00317114627226 3.0035632841698687
