# iteración mejor promedio
0 80.97757758422728 183.2784863221133
1 80.97757758422728 177.87391087709685
2 80.97757758422728 168.98432472892083
3 80.97757758422728 159.68345718760213
4 80.97757758422728 151.83829634581636
5 79.34519423951126 149.3322388256437
6 75.33576174969865 140.77895311675323
7 75.33576174969865 134.51376448947545
8 63.24406507033882 134.0969723427854
9 63.24406507033882 128.38620723890062
10 48.853752460398354 124.28931422645114
11 48.853752460398354 121.57710581155158
12 39.44253682536187 116.04396919525244
13 39.44253682536187 111.46783639123008
14 39.44253682536187 108.121756420759
15 39.44253682536187 103.02118149140242
16 39.44253682536187 99.12708610808218
17 36.18068183031621 97.35749403211908
18 36.18068183031621 90.1794235320232
19 34.96252289501864 85.0409480895262
20 28.300506851108537 81.84980916051873
21 27.928874248661202 75.63801640554888
22 23.527507971247065 70.08555166575157
23 23.527507971247196 64.95817638784098
24 21.944139545814846 63.30093375173388
25 21.46759660953373 58.60982216682588
26 19.413638480700023 56.1304885989382
27 17.137930219199937 48.91417912585039
28 17.137930219199937 48.27020482491448
29 14.886714794122993 46.20080231814861
30 14.886714794122993 45.048103014566216
31 13.775660042297863 43.38997516072504
32 13.591059961350252 38.74156978421027
33 13.591059961350252 37.56683145732704
34 13.591059961350252 33.51259706908905
35 13.28529202659971 30.16560708139636
36 13.07729643682192 29.2215616890712
37 12.67818812997183 27.18947713922336
38 12.67818812997183 25.814664076593143
39 12.67818812997183 24.962019633824806
40 12.67818812997183 23.538163605197315
41 12.134497710295753 22.502101069631784
42 12.134497710295753 21.247231078574597
43 12.134497710295753 20.45207537729224
44 12.134497710295753 20.558880831206626
45 11.784604300498215 19.801976083167293
46 11.784545472331878 17.39423859036492
47 11.782137605808169 17.327580353925384
48 11.782137605808169 16.535232430656457
49 11.675249187383137 16.91176002764709
50 11.675249187383137 16.821756664015666
51 11.675249187383137 15.351099881058627
52 11.67010640661689 15.616920527254704
53 11.416084724191332 15.290585093539114
54 11.292660019315555 15.098514144905364
55 11.266403497437166 15.050056888693268
56 11.266403497437166 14.685656874988526
57 11.19485068676494 15.224270760545764
58 10.418527243072747 13.727002532663798
59 10.418527243072747 13.711826617967771
60 10.418527243072747 13.46473321890478
61 10.418527243072747 13.752054904786034
62 10.418527243072747 14.752675995658635
63 10.418527243072747 13.676041996835002
64 10.219578015919227 13.5863166549965
65 10.219578015919227 14.401048741810962
66 10.219578015919227 15.227411464634036
67 10.219578015919227 14.50163941419932
68 10.219578015919227 14.549946125464137
69 10.219578015919227 13.487871241091014
70 10.153053388720252 13.925382641603624
71 10.151682623645016 13.05668012960989
72 10.151682623645016 13.473996846290392
73 10.151392495001753 14.085672649918932
74 10.151392495001753 14.582408775401532
75 10.151392495001753 14.396437752912835
76 10.01551018572872 13.840307555976981
77 10.01551018572872 12.92387815608783
78 10.01551018572872 13.040531540835618
79 10.01551018572872 12.535326847697496
80 10.01551018572872 13.356828015832455
81 9.879844344363823 15.502057449813249
82 9.826473993966024 13.760753830486742
83 9.826473993966024 12.867482765448251
84 9.826473993966024 14.494398793998764
85 9.826473993966024 13.692135550699255
86 9.826473993966024 11.891364097469669
87 9.826473993966024 11.794310344652239
88 9.826473993966024 13.74306818540302
89 9.727858635541143 14.590076447434287
90 9.727858635541143 13.478878534145911
91 9.614272798479167 13.383755500710556
92 9.614272798479167 13.650997496798038
93 9.61299879610256 12.876877963631038
94 9.61299879610256 13.023888315778718
95 9.594849939022845 12.942533956984418
96 9.594849939022845 14.514088067353033
97 9.594849939022845 12.273520022314738
98 9.594849939022845 13.647400581657726
99 9.594849939022845 13.281736585553395
100 9.58333498482307 14.14445617711594
101 9.58333498482307 12.456088887931733
102 9.578128375605196 13.684813031217931
103 9.566404675488755 11.235556304426582
104 9.566404675488755 12.233789368714827
105 9.566404675488755 12.362691472510617
106 9.566356925590801 11.108577562346728
107 9.566356925590801 11.786672468480003
108 9.566356925590801 11.068925612601781
109 9.566356925590801 12.962739735819603
110 9.566356925590801 11.907463982574427
111 9.566356925590801 10.723299380374913
112 9.555412331860683 12.678864489865436
113 9.555412331860683 11.761518726113618
114 9.555412331860683 10.984340043006371
115 9.555412331860683 12.202633498095256
116 9.555412331860683 11.512925348942597
117 9.555412331860683 11.329808805743793
118 9.555412331860683 12.20124598571193
119 9.555412331860683 11.15508030339114
120 9.555412331860683 13.085285625920376
121 9.555412331860683 11.41238827874347
122 9.555412331860683 11.847051529816929
123 9.555412331860683 11.793150666612291
124 9.555412331860683 11.174233052352688
125 9.555412331860683 12.693744323713904
126 9.555412331860683 11.502444937175014
127 9.555412331860683 11.069454628665767
128 9.555412331860683 11.952858510417157
129 9.544099606426004 12.09062953468671
130 9.544099606426004 11.589675871020177
131 9.544099606426004 12.528700372513825
132 9.539118485126492 10.989585330011941
133 9.539118485126492 12.033314620943033
134 9.539118485126492 10.546434736387335
135 9.539118485126492 10.541164923630198
136 9.539118485126492 11.014161847665777
137 9.539118485126492 11.082255797299362
138 9.539118485126492 12.439522683549539
139 9.539118485126492 10.14805396516929
140 9.539118485126492 10.811238253615588
141 9.539118485126492 10.152348444811672
142 9.539118485126492 11.802774174695873
143 9.539118485126492 11.790114824480009
144 9.536108844429775 11.965800121252144
145 9.53495246914107 11.373230747801033
146 9.513723609395461 11.020642992086353
147 9.513723609395461 10.66699624977284
148 9.513723609395461 12.973429729124316
149 9.513051636329953 11.383069100692776
150 9.513051636329953 10.269836938794361
151 9.513051636329953 10.089282278633743
152 9.513051636329953 10.11058757100868
153 9.513051636329953 11.878754862424193
154 9.513051636329953 10.36467346719539
155 9.513051636329953 12.734938524894929
156 9.513051636329953 10.429152496776293
157 9.513051636329953 10.308033736706712
158 9.513051636329953 11.716351537693448
159 9.513051636329953 10.098946488936951
160 9.513051636329953 10.27025564399612
161 9.513051636329953 10.858281562363567
162 9.513051636329953 10.710346693803986
163 9.513051636329953 12.393235150298045
164 9.513051636329953 11.178343270749481
165 9.513051636329953 11.468972477290981
166 9.509838244898908 10.78200754454425
167 9.509838244898908 11.659473776369182
168 9.509838244898908 13.046193545910851
169 9.509838244898908 12.505915643969178
170 9.509838244898908 10.948110698321596
171 9.509838244898908 12.023138349596117
172 9.469578966728024 12.293059216563123
173 9.408052245018807 11.019264271834489
174 9.408052245018807 10.759066335776222
175 9.364932678119747 11.876693500233603
176 9.333975620150529 12.329211411314363
177 9.333959421623408 11.225913443924656
178 9.333166425602238 10.477093053454185
179 9.333166425602212 11.274577043792632
180 9.333166425602212 12.29297740676775
181 9.333166425602212 14.321527272089702
182 9.323045976432278 12.968464883834613
183 9.323045976432278 11.182474118426065
184 9.323045976432278 10.97086877486367
185 9.323045976432278 10.90750420788118
186 9.239235216789606 11.629184305056844
187 9.239235216789606 12.18696030962039
188 9.11890826960426 11.861050336877362
189 9.11890826960426 11.025577915508464
190 9.11890826960426 10.440568347936148
191 9.11890826960426 12.6405922443652
192 8.896981714833244 11.946633969214915
193 8.896981714833244 12.121531629408864
194 8.8219358541695 12.548837802901623
195 8.807872443147504 11.402145099953566
196 8.807872443147504 12.356590685301091
197 8.782448579603697 11.627762538638226
198 8.567032144943301 10.911300410393439
199 8.567032144943301 11.98168314511304
200 8.567032144943301 12.982472998774524
201 8.567032144943301 10.699373275863799
202 8.567032144943301 10.813176033007801
203 8.567032144943301 12.13103056510821
204 8.567032144943301 11.720931925185662
205 8.567032144943301 10.987612633311837
206 8.567032144943301 11.428405514945712
207 8.56703214494328 11.395266499575195
208 8.56703214494328 10.828137642895832
209 8.56703214494328 12.020521376815958
210 8.56703214494328 11.904175808247155
211 8.56703214494328 12.009468618666295
212 8.56703214494328 12.256701779297867
213 8.56703214494328 12.172491289972667
214 8.56703214494328 11.598715822028053
215 8.56703214494328 10.5147530626334
216 8.56703214494328 10.338914531474714
217 8.56703214494328 9.78182478048543
218 8.56703214494328 10.338935260173853
219 8.56703214494328 11.36365970032937
220 8.56703214494328 10.115753101447906
221 8.56703214494328 10.79822419825273
222 8.56703214494328 10.176345931347122
223 8.56703214494328 10.088719913062068
224 8.56703214494328 11.006794142827705
225 8.56703214494328 11.174240166547538
226 8.56703214494328 10.045793042276761
227 8.56703214494328 11.149471403741186
228 8.56703214494328 11.1527525434643
229 8.56703214494328 11.244168314535312
230 8.56703214494328 10.995792338436786
231 8.56703214494328 11.560578023592097
232 8.56703214494328 13.217557356274147
233 8.56703214494328 11.889177686474984
234 8.56703214494328 12.63833181401181
235 8.56703214494328 13.26144304893154
236 8.56703214494328 11.239333268416722
237 8.56703214494328 11.815616848586455
238 8.56703214494328 10.798772994750808
239 8.56703214494328 10.044711558436987
240 8.56703214494328 10.60801677298733
241 8.56703214494328 11.34153602383273
242 8.56703214494328 11.14152233018191
243 8.56703214494328 12.638260017015522
244 8.56703214494328 12.204956941068103
245 8.56703214494328 10.98158197837887
246 8.56703214494328 12.01017191018024
247 8.56703214494328 11.969725247827393
248 8.56703214494328 11.758309915974653
249 8.56703214494328 11.618345765252824
250 8.56703214494328 11.414154594089732
251 8.56703214494328 11.957513848851987
252 8.56703214494328 12.319572677349317
253 8.56703214494328 13.413943413511287
254 8.56703214494328 11.963116036122114
255 8.56703214494328 10.626578701185963
256 8.56703214494328 11.921416909458367
257 8.56703214494328 11.343757249705375
258 8.56703214494328 11.862703071440272
259 8.56703214494328 10.138738571448302
260 8.56703214494328 10.51556227191865
261 8.56703214494328 11.02077891003052
262 8.56703214494328 10.252589629473928
263 8.56703214494328 11.756971503979658
264 8.56703214494328 10.511687858361329
265 8.56703214494328 10.330475195923285
266 8.56703214494328 11.321173352685996
267 8.56703214494328 12.5285722359633
268 8.56703214494328 10.825885034940612
269 8.56703214494328 10.899926954083714
270 8.56703214494328 12.859486399707334
271 8.56703214494328 12.041035417367834
272 8.56703214494328 11.572081348566272
273 8.56703214494328 11.021513882451188
274 8.56703214494328 9.73510978329515
275 8.56703214494328 12.554079700229252
276 8.56703214494328 12.913541876887082
277 8.56703214494328 12.05026385400992
278 8.56703214494328 11.529795671287397
279 8.56703214494328 10.905607378518447
280 8.56703214494328 10.806729331633965
281 8.56703214494328 11.4201376109141
282 8.56703214494328 11.385808148552947
283 8.56703214494328 9.606092501902868
284 8.56703214494328 11.125665532789183
285 8.56703214494328 10.07851689928595
286 8.56703214494328 11.133143326117137
287 8.56703214494328 11.49462571846399
288 8.56703214494328 12.452292422434102
289 8.56703214494328 12.098428942831534
290 8.56703214494328 11.142380625666105
291 8.56703214494328 11.870596852720782
292 8.56703214494328 11.322747731958756
293 8.56703214494328 11.46730539351015
294 8.56703214494328 9.801485217826393
295 8.56703214494328 10.107194972572417
296 8.56703214494328 10.9127374053131
297 8.56703214494328 10.638673084048502
298 8.56703214494328 9.780733847181349
299 8.56703214494328 11.612465241511089
300 8.56703214494328 10.97495728843529
301 8.56703214494328 9.698026457359648
302 8.56703214494328 10.56171137823805
303 8.56703214494328 10.34909219389664
304 8.56703214494328 10.775632006190433
305 8.56703214494328 9.801309467623373
306 8.56703214494328 10.793645874317738
307 8.56703214494328 13.149638246557085
308 8.56703214494328 10.687251892153611
309 8.56703214494328 9.666861524198312
310 8.56703214494328 10.152498057827843
311 8.56703214494328 9.712192433866843
312 8.56703214494328 11.06865182507285
313 8.56703214494328 10.361138528196191
314 8.56703214494328 9.871122996102281
315 8.56703214494328 11.908547287905192
316 8.56703214494328 10.163004056324075
317 8.56703214494328 10.084844441387851
318 8.56703214494328 10.19995751433118
319 8.56703214494328 10.405830900284041
320 8.56703214494328 11.271303640617559
321 8.56703214494328 11.80725557106447
322 8.56703214494328 12.665098657357738
323 8.56703214494328 14.678878776957927
324 8.56703214494328 11.355384994619481
325 8.56703214494328 11.83846800146654
326 8.56703214494328 10.617167391147795
327 8.56703214494328 9.685242079385796
328 8.56703214494328 9.79246480435507
329 8.56703214494328 10.76587472915204
330 8.56703214494328 11.260602877024324
331 8.56703214494328 10.946017922066146
332 8.56703214494328 9.534305041535449
333 8.56703214494328 9.803724219968974
334 8.56703214494328 9.165595075699255
335 8.56703214494328 10.619891987881292
336 8.56703214494328 9.10310427921163
337 8.56703214494328 10.102554102010751
338 8.56703214494328 11.593372156619449
339 8.56703214494328 11.097820533235568
340 8.56703214494328 10.941271871797127
341 8.56703214494328 10.815393904100633
342 8.56703214494328 11.701314750816865
343 8.56703214494328 12.871022758156359
344 8.56703214494328 11.059234874801827
345 8.56703214494328 10.883510434068207
346 8.56703214494328 11.404218897379003
347 8.56703214494328 10.443143548351381
348 8.56703214494328 9.937689711297768
349 8.56703214494328 10.831790850576558
350 8.56703214494328 10.663454536738584
351 8.56703214494328 11.333858663190059
352 8.56703214494328 11.150560475655181
353 8.56703214494328 13.366897391538862
354 8.56703214494328 11.072672336661778
355 8.56703214494328 12.004713574567415
356 8.56703214494328 10.872793305980176
357 8.56703214494328 11.025630527539931
358 8.56703214494328 11.237881687788951
359 8.56703214494328 10.947916922515667
360 8.56703214494328 10.208554816549894
361 8.56703214494328 9.527689794191318
362 8.56703214494328 9.713488758253183
363 8.56703214494328 11.472918230770247
364 8.56703214494328 12.399862760812246
365 8.56703214494328 11.010892135575638
366 8.56703214494328 11.66470008054461
367 8.56703214494328 11.653078495938974
368 8.56703214494328 10.296411848272005
369 8.56703214494328 11.557528566292955
370 8.56703214494328 9.87106620091683
371 8.56703214494328 10.67949738884646
372 8.56703214494328 10.21099863186702
373 8.56703214494328 11.76625455630513
374 8.56703214494328 10.593204193657755
375 8.56703214494328 10.029001607568318
376 8.56703214494328 9.781004145563463
377 8.56703214494328 10.59458083735595
378 8.56703214494328 10.080452359288017
379 8.56703214494328 11.912467856971455
380 8.56703214494328 10.437489663853547
381 8.56703214494328 10.660797317294577
382 8.56703214494328 10.110081542172583
383 8.56703214494328 11.916756126982088
384 8.56703214494328 11.689618229311925
385 8.56703214494328 10.936770474314123
386 8.56703214494328 10.792384326008563
387 8.56703214494328 11.217596213573202
388 8.56703214494328 10.640544898829141
389 8.56703214494328 10.330868230754033
390 8.56703214494328 10.342250209708885
391 8.56703214494328 11.993160036683525
392 8.56703214494328 12.463722587177472
393 8.56703214494328 12.068939306297569
394 8.56703214494328 10.855366591312702
395 8.419223151100216 10.823754984309685
396 8.419223151100216 12.252460892023562
397 8.419223151100216 10.222770449171435
398 8.419223151100216 11.771442241210234
399 8.419223151100216 10.945636393566458
400 8.419223151100216 11.364316129428502
401 8.419223151100216 9.464656058327169
402 8.419223151100216 9.933738346895266
403 8.419223151100216 9.988996079278992
404 8.419223151100216 11.306328630311596
405 8.419223151100216 11.03455692067178
406 8.419223151100216 10.586132298645534
407 8.419223151100216 9.91136741174996
408 8.419223151100216 9.720223313441767
409 8.419223151100216 10.025766040850806
410 8.419223151100216 10.528915955291225
411 8.419223151100216 12.042187057266982
412 8.419223151100216 10.628881717932906
413 8.419223151100216 10.247071578972147
414 8.419223151100216 10.585294256416137
415 8.419223151100216 9.658253027673947
416 8.419223151100216 9.677141201106616
417 8.419223151100216 9.067977918350872
418 8.419223151100216 9.909866779312692
419 8.419223151100216 9.679936168818204
420 8.419223151100216 10.633575640114518
421 8.419223151100216 10.112847614801717
422 8.419223151100216 10.680886608072115
423 8.419223151100216 9.476845874676366
424 8.419223151100216 9.822656282585378
425 8.419223151100216 12.24208262063389
426 8.419223151100216 10.469980619729915
427 8.419223151100216 9.873155071186256
428 8.419223151100216 9.494771433236561
429 8.419223151100216 10.707498316067095
430 8.419223151100216 11.479605559928332
431 8.419223151100216 11.784559629024272
432 8.419223151100216 10.167625468050678
433 8.419223151100216 11.301934265463585
434 8.419223151100216 9.587572380170743
435 8.419223151100216 9.073812576679218
436 8.419223151100216 11.057678428652222
437 8.419223151100216 11.647989066948055
438 8.419223151100216 11.37801978805262
439 8.419223151100216 10.123697491363622
440 8.419223151100216 9.687891864716958
441 8.419223151100216 9.880474403217482
442 8.419223151100216 10.088256895374952
443 8.419223151100216 9.230394930729181
444 8.419223151100216 9.225419851436781
445 8.419223151100216 11.373887158780489
446 8.419223151100216 10.320757532666976
447 8.419223151100216 10.520588543123658
448 8.419223151100216 10.949665477739392
449 8.419223151100216 9.981538758403662
450 8.419223151100216 11.12468142992167
451 8.419223151100216 10.194805474089708
452 8.419223151100216 10.697674496326975
453 8.419223151100216 9.970687745058873
454 8.419223151100216 9.433565609063592
455 8.419223151100216 9.755780619410755
456 8.419223151100216 9.860496340682777
457 8.419223151100216 9.164357342236919
458 8.419223151100216 9.902320239332381
459 8.419223151100216 10.040156478391125
460 8.419223151100216 9.306369725342005
461 8.419223151100216 10.407997106445304
462 8.419223151100216 9.400480250553933
463 8.419223151100216 9.636126376309992
464 8.419223151100216 11.043567475521229
465 8.419223151100216 10.036360339637016
466 8.419223151100216 10.39096963955761
467 8.419223151100216 11.319091648127415
468 8.419223151100216 10.843953545476737
469 8.419223151100216 11.817947483661882
470 8.419223151100216 10.094164787325361
471 8.419223151100216 9.641035087046413
472 8.419223151100216 10.0829719724921
473 8.419223151100216 9.999573716415256
474 8.419223151100216 11.43999506282318
475 8.419223151100216 11.204672380148503
476 8.419223151100216 9.80851200024207
477 8.419223151100216 9.276802631530826
478 8.419223151100216 10.821104423030787
479 8.419223151100216 10.817021885886225
480 8.419223151100216 11.179310763749
481 8.419223151100216 12.086991150000424
482 8.419223151100216 12.402902137292198
483 8.419223151100216 11.982237269632542
484 8.419223151100216 10.90947532462631
485 8.419223151100216 11.436231701963214
486 8.419223151100216 11.236429319851798
487 8.419223151100216 9.790444772886952
488 8.419223151100216 10.067019438366087
489 8.419223151100216 10.672073398400705
490 8.419223151100216 9.916247414884593
491 8.419223151100216 11.033920751976034
492 8.419223151100216 11.2851498712592
493 8.419223151100216 11.141027021034592
494 8.419223151100216 11.157103604282408
495 8.419223151100216 9.72508772137868
496 8.419223151100216 9.063044966921847
497 8.419223151100216 10.791211531226745
498 8.419223151100216 11.053485825665337
499 8.419223151100216 11.716465605069752
500 8.419223151100216 9.45276225710574
501 8.419223151100216 10.934353560783507
502 8.419223151100216 9.532485776005243
503 8.419223151100216 10.207892220368022
504 8.419223151100216 9.322998604060905
505 8.419223151100216 12.79332364012758
506 8.419223151100216 11.718629498369264
507 8.417572076363488 12.90621494848742
508 8.417572076363488 10.782175790254097
509 8.417572076363488 10.419455097189052
510 8.417572076363488 12.422322675997888
511 8.417572076363488 10.391336912331747
512 8.417572076363488 10.501220208965673
513 8.417572076363488 10.47679200526529
514 8.417572076363488 10.829343122068003
515 8.417572076363488 10.318578153533265
516 8.417572076363488 10.231018362446488
517 8.417572076363488 10.6816893493524
518 8.417572076363488 12.07783928440602
519 8.417572076363488 10.527212180532347
520 8.417572076363488 10.82237727922643
521 8.417572076363488 10.826457248231241
522 8.417572076363488 10.983277598469103
523 8.417572076363488 11.057237015602198
524 8.417572076363488 10.388433777689631
525 8.417572076363488 10.08051965806645
526 8.417572076363488 10.778950405683899
527 8.417572076363488 9.736441127456748
528 8.417572076363488 9.600424400805254
529 8.417572076363488 11.551120009956092
530 8.417572076363488 11.862545051778138
531 8.417572076363488 10.685283722575159
532 8.417572076363488 11.002601514010271
533 8.417572076363488 9.647454872424856
534 8.417572076363488 11.137799930359414
535 8.417572076363488 9.929053622243389
536 8.417572076363488 9.763819261341636
537 8.417572076363488 13.158883885611084
538 8.417572076363488 11.174606092382744
539 8.417572076363488 11.467761359926133
540 8.417572076363488 10.791530827757532
541 8.417572076363488 11.259808947807583
542 8.417572076363488 10.53484617757822
543 8.417572076363488 11.72476939660159
544 8.417572076363488 10.702816766822448
545 8.417572076363488 12.503838431504096
546 8.417572076363488 12.157059523911514
547 8.417572076363488 9.895702824751217
548 8.417572076363488 10.452865838483852
549 8.417572076363488 10.459918627526271
550 8.41757207636351 11.262512164144102
551 8.41757207636351 12.994488323885589
552 8.41653513323038 10.628663157050493
553 8.41653513323038 11.26445672216746
554 8.41653513323038 9.394797186981206
555 8.414583640172063 9.609612910631206
556 8.414583640172063 12.675165971573362
557 8.414583640172063 10.545241592037566
558 8.414573077688 9.724557699039263
559 8.398133419174645 9.52625204705336
560 8.398133419174645 9.715132219456219
561 8.398133419174645 9.279663567631326
562 8.398133419174645 9.469477547936645
563 8.398133419174645 9.598791557495817
564 8.398133419174645 9.670299159187827
565 8.398073269329519 9.714291778253553
566 8.398073269329519 9.86545583973764
567 8.389563695415987 9.726938431501658
568 8.389563695415987 9.804030579592853
569 8.389563695415987 10.597309403593611
570 8.389563695415987 11.678256777351155
571 8.389563695415987 10.067869190283487
572 8.389563695415987 9.594506584289816
573 8.389563695415987 9.371919995067977
574 8.389563695415987 9.710091354408858
575 8.389563695415987 9.863800025322373
576 8.389563695415987 10.419055887711476
577 8.389563695415987 10.160312271452252
578 8.389563695415987 9.658858622094222
579 8.389563695415987 9.328117698429347
580 8.389563695415987 9.493540915239535
581 8.389563695415987 11.496432628866923
582 8.389563695415987 10.721399151429004
583 8.389563695415987 10.414970916572809
584 8.389563695415987 10.534976687550436
585 8.389563695415987 10.219372892876722
586 8.389563695415987 9.279185003632755
587 8.389563695415987 9.695547168478113
588 8.389563695415987 10.070613483508088
589 8.389563695415987 10.72919998428112
590 8.389563695415987 10.594445631696756
591 8.387266041092838 10.116100237379955
592 8.387266041092838 9.622624657355392
593 8.387266041092838 9.227677798612483
594 8.387266041092838 9.666134044586515
595 8.387266041092838 9.009395348567434
596 8.387266041092838 9.923418811127188
597 8.387214753814934 11.019327124004022
598 8.387214753814934 10.22664684842374
599 8.387214753814934 10.046456544487405
600 8.387214753814934 9.403417791081596
601 8.387214753814934 9.103579829673658
602 8.387214753814934 10.196324014616284
603 8.387214753814934 10.60272598618297
604 8.387214753814934 10.182403905105287
605 8.387214753814934 11.230601929078407
606 8.387214753814934 10.324240693517408
607 8.387214753814934 10.409659630209969
608 8.387201955625326 10.148936221790771
609 8.387201955625326 10.269951393485227
610 8.387201955625326 10.008140604770501
611 8.387201955625326 11.730715942670184
612 8.387201955625326 9.390176745076964
613 8.387201955625326 9.67204883854864
614 8.387201955625326 9.62001583800861
615 8.387201955625326 9.05614011083036
616 8.387201955625326 9.1669045349567
617 8.387201955625326 9.561735150076526
618 8.387201955625326 9.813833206588725
619 8.38641822648484 9.813875200445677
620 8.38641822648484 10.63939215919964
621 8.38641822648484 10.440753776842339
622 8.38641822648484 10.759532259325843
623 8.386323436099982 11.055216144409645
624 8.386323436099982 9.916168500547004
625 8.386317040549667 10.559815805672667
626 8.386317040549667 12.166818527207111
627 8.386263286254856 11.462355791849232
628 8.386263286254856 10.10078369880153
629 8.386263286254856 9.785197341820535
630 8.385437311812236 10.236666053620613
631 8.385437311812236 9.832214479036224
632 8.385437311812236 10.146676408635937
633 8.383978233878508 10.305868414110606
634 8.383978233878508 9.768387485008265
635 8.38377240423139 9.609680481865944
636 8.38377240423139 10.930333065422255
637 8.38377240423139 9.481798776807148
638 8.38377240423139 10.951681362770495
639 8.38377240423139 9.909648354535658
640 8.38377240423139 12.712822910950152
641 8.38377240423139 11.738239597291665
642 8.38377240423139 10.331931385736793
643 8.38377240423139 10.04377644431749
644 8.38377240423139 10.96440416181025
645 8.38377240423139 9.52174133326544
646 8.38377240423139 9.035701456147855
647 8.38377240423139 9.95984805173003
648 8.38377240423139 9.331179479957425
649 8.38377240423139 8.944226137477767
650 8.38377240423139 8.95049801238658
651 8.382291451490483 9.584430817977983
652 8.382291451490483 9.570588883816203
653 8.381953802023348 9.748163680049554
654 8.381953802023348 10.263473469740248
655 8.381953802023348 11.827933579504785
656 8.381953802023348 11.381408346173513
657 8.381953802023348 10.05638630578539
658 8.381953802023348 10.40453055396058
659 8.381953802023348 9.176214706972196
660 8.381953802023348 10.102695690222426
661 8.381953802023348 9.080948061020273
662 8.381953802023348 9.863641152257678
663 8.380468757967378 9.753804592386961
664 8.380468757967378 9.567096771580257
665 8.380468757967378 10.265383280556877
666 8.380468757967378 11.521381459360938
667 8.380468757967378 11.489433216783443
668 8.380468757967378 11.576857936980115
669 8.380054527787753 9.864015870131599
670 8.380054527787753 11.658974800535729
671 8.380054527787753 9.79532257123228
672 8.380054527787753 10.653776699461496
673 8.380054527787753 9.953093732794963
674 8.380054527787753 10.06127098869566
675 8.380054527787753 10.833068101854403
676 8.380054527787753 12.027485649104733
677 8.380054527787753 10.031091365869369
678 8.380054527787753 9.098646097231516
679 8.380054527787753 9.226603732557955
680 8.380054527787753 10.773559051946878
681 8.380054527787753 10.161326488103654
682 8.380054527787753 9.674550808945385
683 8.380054527787753 10.682773120522441
684 8.380054527787753 9.279250287753399
685 8.379703928901097 11.194242932169567
686 8.379703928901097 10.368027148914228
687 8.379703928901097 10.824748540433095
688 8.379703928901097 10.305864937895768
689 8.379703928901097 10.056827244751014
690 8.379703928901106 9.453400211597891
691 8.379703928901106 10.738665451425234
692 8.379703928901106 10.436995832914395
693 8.379703928901106 12.436804460043732
694 8.379703928901106 10.604047214164048
695 8.379703928901106 11.701619083995915
696 8.379703928901106 11.249214577214957
697 8.379703928901106 10.787408685827467
698 8.379703928901106 11.247732667101614
699 8.379703928901106 9.957849791714859
700 8.379703928901106 11.623979069055501
701 8.379703928901106 12.11640767479328
702 8.379703928901106 10.304059157596235
703 8.379703928901106 10.340769400959388
704 8.379703928901106 10.50336327923804
705 8.379703928901106 10.182670806792599
706 8.379703928901106 10.160585924654171
707 8.379703928901106 10.070409297755132
708 8.379703928901106 10.07547818692619
709 8.377101182333718 11.221671838465124
710 8.377101182333718 13.384891362045135
711 8.377101182333718 10.232101949902592
712 8.377101182333718 10.593157449991365
713 8.377101182333718 10.737919899232324
714 8.377101182333718 10.267614895163325
715 8.377101182333718 9.929902220293867
716 8.377101182333718 9.284688906013896
717 8.377101182333718 9.175776277084186
718 8.377101182333718 9.311156530935131
719 8.377101182333737 9.183041889490825
720 8.377101182333737 11.004617231060195
721 8.377101182333737 12.78942509251482
722 8.377101182333737 10.266783671824605
723 8.377101182333737 10.607968932357162
724 8.377101182333737 10.309881109146591
725 8.377101182333737 12.708371403352315
726 8.377101182333737 10.816083943521072
727 8.228222324128936 10.918362005262571
728 8.228222324128936 11.249739754789882
729 7.69353182283724 11.740528084612182
730 7.69353182283724 9.54828621830764
731 7.665887710700016 9.784115724237147
732 7.665887710700016 9.093751272643862
733 7.665887710700016 10.247758892076849
734 7.665887710700016 9.466269509518536
735 7.665887710700016 9.598570165078208
736 7.665887710700016 9.819478534339316
737 7.665887710700016 10.5781820445398
738 7.635404794205318 10.270389720399605
739 7.635404794205318 11.171157896958027
740 7.635404794205318 11.01548881249766
741 7.635404794205318 9.718799715269194
742 7.635404794205318 9.588865211193582
743 7.608947755963232 10.241268819065134
744 7.608947755963232 9.69166625983186
745 7.608947755963232 9.936056233614114
746 7.608947755963232 10.31359414264633
747 7.60576958204291 9.716591346618879
748 7.60576958204291 8.990667759674086
749 7.60576958204291 9.630306621904095
750 7.598129830750828 10.554069458300877
751 7.598129830750828 9.836526088318545
752 7.596684789481785 9.239003398597154
753 7.541396926087813 9.122399827813652
754 7.541396926087813 10.232697546664378
755 7.52078849999579 9.592265418956671
756 7.514147020990073 9.899691258937052
757 7.514147020990073 9.034338239558103
758 7.514147020990073 9.115684520413854
759 7.514147020990073 9.638739997745962
760 7.514147020990073 9.412778569964212
761 7.514147020990073 9.985702150378915
762 7.513205490587795 9.301235099234301
763 7.511208134601427 8.784935232510364
764 7.511208134601427 10.02958605384658
765 7.511208134601427 9.654690524252043
766 7.511208134601427 9.215194027796468
767 7.511208134601427 9.15602476115072
768 7.511208134601427 9.4667345169363
769 7.511208134601427 9.831124694722478
770 7.511195794846081 8.916384290810562
771 7.511011832827432 10.755105400666043
772 7.484220058622425 9.201356545994818
773 7.484220058622425 9.551986256295411
774 7.386895239029963 9.631189385204792
775 7.3861734217201285 8.70462652327447
776 7.3861734217201285 9.299552100462668
777 7.3861734217201285 11.109272617229085
778 7.3861734217201285 8.546002899670604
779 7.3861734217201285 9.18886977346915
780 7.3861734217201285 8.711887955170676
781 7.3861734217201285 8.88290485888493
782 7.3861734217201285 8.344404859257338
783 7.3861734217201285 8.925222180451664
784 7.3861734217201285 10.329717210252664
785 7.385772567735202 8.962710796206824
786 7.385772567735202 11.150011650982782
787 7.385772567735202 9.135183600405991
788 7.385772567735202 8.41835121345168
789 7.385772567735202 8.589058654230088
790 7.385772567735202 8.744705973011628
791 7.385772567735202 9.470902592202213
792 7.385772567735202 8.864130262741682
793 7.385772567735202 8.932499115923555
794 7.385269910737801 9.14389538142478
795 7.385269910737801 9.86045816719852
796 7.385269910737801 9.051483189982141
797 7.385269910737801 8.825193227118172
798 7.3771996318259205 9.2832796059793
799 7.3771996318259205 9.179899277019349
800 7.376832231682815 8.777651494294075
801 7.37683223168283 8.19476315784419
802 7.37683223168283 9.944286453041755
803 7.37683223168283 9.763041452587563
804 7.37683223168283 9.30599461881562
805 7.37683223168283 7.595749712079171
806 7.37683223168283 8.568747851288567
807 7.37683223168283 9.246983515959583
808 7.37683223168283 8.331409395187228
809 7.37683223168283 9.098908771856735
810 7.37683223168283 10.99540938113981
811 7.37683223168283 8.71661056701312
812 7.37683223168283 7.792046932021575
813 7.37683223168283 8.120150763222053
814 7.37683223168283 8.028211666241356
815 7.37683223168283 9.58562442776981
816 7.37683223168283 9.97711683850548
817 7.37683223168283 8.953087771599845
818 7.37683223168283 9.716476435303514
819 7.37683223168283 8.99334719792667
820 7.37683223168283 9.421100156868613
821 7.37683223168283 7.999211494454049
822 7.37683223168283 8.332134233700696
823 7.37683223168283 9.797975131449538
824 7.376832231682815 10.304176900562782
825 7.376832231682815 12.074608196968985
826 7.376832231682815 11.543967470551872
827 7.376832231682815 8.863145601791402
828 7.376832231682815 7.753995150771378
829 7.376832231682815 7.906647763274692
830 7.376832231682815 7.591940769357881
831 7.376832231682815 7.588695091147071
832 7.376832231682815 8.107126259176038
833 7.376832231682815 7.58024696131134
834 7.376832231682815 8.675812821096027
835 7.376832231682815 8.636355161048533
836 7.376832231682815 8.745498110770743
837 7.376832231682815 11.178852792661694
838 7.376832231682815 9.048224316995327
839 7.376832231682815 8.339282179108094
840 7.376832231682815 9.266531306989936
841 7.376832231682815 8.86257087577823
842 7.376832231682815 7.94060772200302
843 7.376832231682815 9.118336600157475
844 7.376832231682815 8.312927119792858
845 7.376832231682815 9.887313564135942
846 7.376832231682815 8.860183412307064
847 7.376832231682815 10.323212839253136
848 7.37285882797924 7.498713164266381
849 7.37285882797924 8.316919939466883
850 7.37285882797924 9.265646829635807
851 7.37285882797924 8.018428827168583
852 7.372857768330569 7.908847484591426
853 7.372857768330569 7.755410918145291
854 7.369951674835658 10.317473592643017
855 7.369951674835658 8.729280777514983
856 7.369951674835658 8.924681505716393
857 7.369951674835658 8.475514818455004
858 7.369951674835658 8.215759024694723
859 7.369951674835658 9.009755150192264
860 7.369951674835658 9.759224835903563
861 7.369951674835658 8.658194054746774
862 7.369951674835658 8.319652170237502
863 7.369951674835658 9.642331933943455
864 7.369951674835658 9.015346455030574
865 7.369951674835658 8.797489250662384
866 7.369951674835658 8.738526612405012
867 7.36456446178364 7.909192452992906
868 7.36456446178364 8.317509216583026
869 7.36456446178364 9.579662686351803
870 7.36456446178364 8.117327144114403
871 7.3548419432588155 9.663729345727056
872 7.3548419432588155 8.35850767888061
873 7.3548419432588155 9.13924012955929
874 7.3548419432588155 8.372882073368185
875 7.3548419432588155 8.385472602437881
876 7.3548419432588155 7.943705034866628
877 7.3548419432588155 8.74888554196872
878 7.3548419432588155 9.980838824233418
879 7.353686615193283 7.814930544126257
880 7.353686615193283 8.770793767650886
881 7.353686615193283 10.132021113377998
882 7.353673815938414 9.638846071154786
883 7.353673815938414 8.91208399955192
884 7.353673815938414 7.690357285281074
885 7.353673815938414 7.669286861000967
886 7.353673815938414 7.761340371825531
887 7.353673815938414 8.017283454286796
888 7.353673815938414 8.583762815486732
889 7.353673815938414 9.232488064564802
890 7.353673815938414 7.866231707497806
891 7.353673815938414 8.955966853644812
892 7.353673815938414 9.871424968072436
893 7.353673815938414 7.879917071810845
894 7.353673815938414 8.89335241241266
895 7.353673815938414 7.721625171488346
896 7.3536738159384285 7.441615516014454
897 7.3536738159384285 8.661244202434723
898 7.3536738159384285 8.995688896231439
899 7.3536738159384285 9.255634487947372
900 7.3536738159384285 11.499850858838592
901 7.3536738159384285 10.094079964655608
902 7.3536738159384285 10.30836097731342
903 7.3536738159384285 12.034739322179643
904 7.3536738159384285 11.012843751257655
905 7.3536738159384285 10.669664273873948
906 7.3536738159384285 10.735432697873561
907 7.3536738159384285 9.439415943576767
908 7.3536738159384285 9.060709314465933
909 7.3536738159384285 9.759824035808917
910 7.3536738159384285 9.121944425302251
911 7.3536738159384285 10.771607345438579
912 7.3536738159384285 9.364318406062196
913 7.3536738159384285 9.022725226255192
914 7.3536738159384285 9.72963658590684
915 7.3536738159384285 9.552556941139061
916 7.3536738159384285 9.760657384305587
917 7.3536738159384285 9.031439188613414
918 7.3536738159384285 8.600322023406052
919 7.3536738159384285 10.453114788909236
920 7.3536738159384285 9.188547598720884
921 7.3536738159384285 8.743188464040141
922 7.3536738159384285 8.938033674671514
923 7.3536738159384285 10.362766341511355
924 7.3536738159384285 9.870403746233427
925 7.3536738159384285 9.626806453894446
926 7.3536738159384285 10.15689933279558
927 7.3536738159384285 9.924296862939963
928 7.3536738159384285 9.925816161832776
929 7.3536738159384285 9.725860398016943
930 7.3536738159384285 8.378364680255997
931 7.3536738159384285 8.85189364343703
932 7.3536738159384285 8.996152818314336
933 7.3536738159384285 8.61442189558449
934 7.3536738159384285 10.356530646699015
935 7.3536738159384285 10.473539771254268
936 7.3536738159384285 9.93298194675034
937 7.3536738159384285 9.72926529239792
938 7.3536738159384285 9.88316181837765
939 7.3536738159384285 9.962517321087873
940 7.3536738159384285 10.439670471093228
941 7.226014701821569 10.71948074865815
942 7.226014701821569 9.394427522465172
943 7.226014701821569 9.874215542970559
944 7.226014701821569 9.278591609515638
945 7.226014701821569 8.377701028529103
946 7.226014701821569 8.434738101888868
947 7.226014701821569 8.693102572957535
948 7.226014701821569 9.267958707646606
949 7.2253704393665075 8.35496873209896
950 7.215502217900475 9.068169098425791
951 7.215502217900475 9.172016025893216
952 7.215476468037721 8.010991083704987
953 7.215476468037721 8.785957442509428
954 7.215476468037721 10.163741969467543
955 7.215476468037721 8.615242796133781
956 7.215476468037721 8.418708364802121
957 7.215476468037721 8.209125001049088
958 7.215476468037721 10.643191861750358
959 7.215476468037721 8.456263562444011
960 7.215476468037721 8.846653405024359
961 7.215476468037721 9.144648314149153
962 7.215476468037721 8.625057949060556
963 7.215476468037721 9.614977802234868
964 7.215476468037721 11.020179420824782
965 7.215476468037721 9.411330254495873
966 7.215476468037721 9.331991643054089
967 7.215476468037721 8.42703303400721
968 7.2100400626466765 7.998177764481644
969 7.210033818997935 8.858671445761491
970 7.210033818997935 9.176669628675794
971 7.210033818997935 9.563590724089902
972 7.210033818997935 8.718879614084962
973 7.210033818997935 9.831367680150686
974 7.210033818997935 8.804573121340201
975 7.210033818997935 8.524755937197055
976 7.210033818997935 7.9730866515408
977 7.210033818997935 8.437788644183174
978 7.210033818997935 8.05956475241215
979 7.210033818997935 7.5505117850915004
980 7.210033818997935 7.369858826624146
981 7.210033818997935 8.076226057559778
982 7.210033818997935 9.686661356952566
983 7.210033818997935 9.838676317636054
984 7.210033818997935 8.903448815708003
985 7.210033818997935 8.765709080719342
986 7.210033818997935 8.057668795219476
987 7.210033818997935 8.006479547122774
988 7.210033818997935 7.959557990791967
989 7.210033818997935 8.164226482710822
990 7.210033818997935 7.8369658090445515
991 7.210033818997935 7.560515135384991
992 7.210033818997935 7.923995938651405
993 7.210033818997935 9.825880035270945
994 7.210033818997935 8.622610059316598
995 7.210033818997935 8.328710840983154
996 7.210033818997935 8.61100099386958
997 7.210033818997935 8.20524230555196
998 7.210033818997935 7.459995532838971
999 7.210033818997935 7.815030856683535
