# iteración mejor promedio
0 106.41234998635626 184.68490335193837
1 99.5491813957265 183.73577362241923
2 92.32524864198977 180.62989471168785
3 92.32524864198977 176.56946593573394
4 80.55680120120664 165.76952350469708
5 80.55680120120664 160.77424126587644
6 80.55680120120664 157.63506507234396
7 80.55680120120664 152.91597599986432
8 80.55680120120664 146.7277020714105
9 52.57875741202348 139.2102464029689
10 52.57875741202348 127.33599971754158
11 52.57875741202348 116.92854817603988
12 52.57875741202348 116.25254024442654
13 52.57875741202348 110.80441753512748
14 52.57875741202348 107.07157157238673
15 52.57875741202348 105.57872974960733
16 52.57875741202348 103.28950761829236
17 42.27930607642782 105.19636900682372
18 42.27930607642782 103.5124715080588
19 42.27930607642782 99.34418791287757
20 42.27930607642782 93.60931757640518
21 40.83948664574957 89.23100797754901
22 39.391344359222344 89.04188350806828
23 38.87989446909822 87.11275298046893
24 36.0411585831074 80.58307119781404
25 36.0411585831074 81.37159103710628
26 32.168471513796035 79.2450079517972
27 32.168471513796035 77.28924403620582
28 25.70899554644533 72.9406177565988
29 25.70899554644533 71.01188045869392
30 25.70899554644533 67.2097773626321
31 25.70899554644533 64.75553793683588
32 23.798195592541674 62.30851669043822
33 23.798195592541674 62.991811806210116
34 23.798195592541674 61.2914061971286
35 23.48943889453272 56.85708628691698
36 23.48943889453272 55.732303895808876
37 22.212612098783115 55.66847707855492
38 19.66040876582386 52.280665478383334
39 19.66040876582386 51.73532970895894
40 18.490360800314708 49.16429252317642
41 18.490360800314708 47.85784996597191
42 18.490360800314708 46.3273929787801
43 18.288525060476545 45.30568247609773
44 18.288525060476545 42.95432590433723
45 16.57575335135372 39.13474917729168
46 16.52484033511552 39.079596480969194
47 15.067036546945706 37.008584071020074
48 15.065852343406844 34.44797879044626
49 15.057017697223802 31.732590173884276
50 14.64258223701374 28.836259636748117
51 12.201884004950797 26.678329351088514
52 12.199868413742491 25.31288016818823
53 11.280155230568257 25.885470074103285
54 11.280155230568257 24.630996912483937
55 11.280155230568257 22.987323162496878
56 11.108617938103434 20.883717853696123
57 10.763636864936144 19.934953048513435
58 10.763636864936144 19.719119056222645
59 10.763636864936144 19.178863138710867
60 10.616827000658164 17.890489555566823
61 10.616827000658164 16.685312671597043
62 10.22067234001234 15.108670149858431
63 9.913523782912279 15.496705359976815
64 9.899935913080691 16.62455570419156
65 9.370107340367117 16.93348760385791
66 9.36256005543848 15.257299767153363
67 9.36256005543848 15.124105352844012
68 9.36256005543848 15.755017856833273
69 9.151797647355624 15.595086000523024
70 9.151797647355624 13.911115411822848
71 9.151797647355624 15.786526420109519
72 9.130554239467484 15.496275124661043
73 9.130554239467484 14.809471924799126
74 9.130554239467484 14.744608531854508
75 9.130554239467484 13.944391937766927
76 9.130554239467484 13.31678503455245
77 9.075698623137024 14.074687694252718
78 9.075698623137024 14.82079676587321
79 8.892310110552494 14.545468447579978
80 8.451557765811652 13.31599665417797
81 8.451557765811652 12.777199725261369
82 8.451557765811652 12.055926550946067
83 7.941812549708544 12.336917024205873
84 7.641062605256206 12.00138530706717
85 7.468587963292032 14.01703339197065
86 7.468587963292032 12.369246905038768
87 7.468587963292032 13.512331391368345
88 7.459556965611325 12.18224038005066
89 7.3663181491770295 11.656156972095284
90 7.3663181491770295 11.10505626808403
91 7.316311165557526 11.069936226123346
92 7.316311165557526 11.160559811316986
93 7.316311165557526 11.328988363686374
94 6.728975288350332 11.016109313238658
95 6.728975288350332 9.503201471897222
96 6.728975288350332 10.262810763533214
97 6.581740344002327 12.300160283463242
98 6.581740344002327 10.375524671995988
99 6.569758295810818 10.008894945304496
100 6.569758295810818 10.048920570156163
101 6.492213134211516 9.952257523169404
102 6.492213134211516 10.614219768477863
103 6.492213134211516 10.980144966000989
104 6.492213134211516 9.906550871779526
105 6.492213134211516 9.748837945015852
106 6.492213134211516 9.492892063388682
107 6.492213134211516 10.384542747967423
108 6.492213134211516 9.143997536781473
109 6.492213134211516 8.61560244159644
110 6.4922131342114575 10.524179770546167
111 6.4922131342114575 9.710697552532976
112 6.4922131342114575 9.083644582739808
113 6.4922131342114575 8.623393763088602
114 6.356642691092519 10.406159036766049
115 6.356642691092519 10.290464302636249
116 6.356642691092519 10.06029005697377
117 6.356642691092519 8.534088898563704
118 6.356642691092519 7.725960380361254
119 6.356642691092519 7.754354283643875
120 6.3285031098556175 8.230421086836714
121 6.3285031098556175 8.656443567826948
122 6.3285031098556175 8.441059039949813
123 6.316212048878926 7.599756253426826
124 6.316212048878926 7.978189830868051
125 6.316212048878926 7.979142853359845
126 6.315838515047769 7.571242908049016
127 6.315838515047769 7.281983975136341
128 6.022820641332322 7.31087103138202
129 6.022820641332322 6.902655127875537
130 6.022820641332322 8.12392996176617
131 6.022820641332322 9.382085246964937
132 6.022820641332322 7.502957694008338
133 6.022820641332322 7.442055389651026
134 6.022820641332322 8.522326524555014
135 6.022820641332322 7.412396745911974
136 6.022820641332322 6.95027698937988
137 6.022820641332322 7.791536836892391
138 6.022820641332322 9.183716927472762
139 6.022820641332322 8.935438254459141
140 6.022820641332322 8.02913325708072
141 6.022820641332322 7.828196790029818
142 6.022820641332322 7.303628656261747
143 6.022820641332322 8.866275398573936
144 6.022820641332322 8.599995163891737
145 6.022820641332322 7.090128515498907
146 6.022820641332322 7.19281772607671
147 6.022820641332322 8.107964465084551
148 6.022820641332322 7.294859690889953
149 6.022820641332322 7.656779162535545
150 6.022820641332322 7.4183110998572825
151 6.022626087600555 7.522235215629068
152 6.002361786032161 6.827814881022581
153 6.002361786032161 7.61584709923473
154 6.002361786032161 7.141565681230945
155 6.002361786032161 6.839402323793629
156 6.002361786032161 7.160106731616337
157 6.002361786032161 6.9415686718046326
158 6.002361786032161 7.738657274367137
159 6.002361786032161 8.289581299854042
160 6.002361786032161 8.743826096448883
161 6.002361786032161 8.227688997630157
162 6.002361786032086 7.695545741679416
163 6.002361786032086 9.176755469818763
164 5.97530370072416 9.933197067422942
165 5.97530370072416 8.291627835564167
166 5.97530370072416 7.439922653621022
167 5.97530370072416 7.453697890086865
168 5.97530370072416 8.60612996292274
169 5.97530370072416 10.721532983106847
170 5.974120142048994 7.687618535463612
171 5.974120142048994 8.235230364404332
172 5.974120142048994 7.505484790342293
173 5.439894042945575 7.502101056287132
174 5.439894042945575 8.58495269364534
175 5.273364604853361 7.273946958475418
176 5.2634867634287446 7.346018697033339
177 4.64973342573316 7.959647624856323
178 4.648449281519866 10.072002604800623
179 4.591997561585712 8.808303822891135
180 4.591997561585712 7.303974282956578
181 4.591997561585712 7.961500997585539
182 4.591997561585712 7.88424891269468
183 4.591997561585712 7.175657374812317
184 4.591589917709543 7.072164818615272
185 4.55172052957947 6.925487761799226
186 4.397706835887531 6.50700724200689
187 4.389937944207933 6.396368427260527
188 4.389937944207933 7.858034474763011
189 4.389937944207933 8.761175506026293
190 4.389937944207933 7.886130612001122
191 4.323484567912729 7.165860708799247
192 4.323484567912729 7.604794485307689
193 4.323484567912729 6.652810346834225
194 4.2266633946022445 6.299749144129106
195 4.176296782569175 6.015097472893396
196 4.1549050655025965 6.881429018642244
197 3.229694039023409 6.506128851164991
198 3.229694039023409 5.885098755573774
199 3.209620706014949 7.761895098102462
200 2.718724076219077 8.02882530504753
201 2.718724076219077 8.16000042589503
202 2.718724076219077 5.504323035766907
203 2.70746456679492 5.563909992022262
204 2.682155033115528 5.283226398279233
205 2.682155033115528 6.507324853290749
206 2.677653894647202 6.693414895327512
207 2.6332565060419277 5.195954387014853
208 2.6332565060419277 5.377988550612741
209 2.345994561468258 4.034107402144217
210 2.2271985724838625 5.174084411262447
211 2.2271985724838625 6.463803656112131
212 2.2271459316938547 5.057397653509507
213 2.2202361173863174 3.6245467321008396
214 2.204808678827675 3.2296869699383652
215 2.1971496163442428 4.265754115984982
216 2.185741300944418 4.043265077258542
217 2.185741300944418 6.448893409325357
218 2.1817131807814683 4.097123575303313
219 2.1817131807814683 4.2111704302997115
220 2.1817131807814683 2.8939801420941142
221 2.1817131807814683 3.350443134320888
222 2.1817131807814683 4.003728727052799
223 2.1817131807814683 4.216473376829108
224 2.1817131807814683 2.976795611846751
225 2.1817131807814683 2.6771589159340037
226 2.1817131807814683 3.0712638197299214
227 2.1817131807814683 3.46876387501256
228 2.1817131807814683 2.6539575964934916
229 2.1817131807814683 2.597554141399794
230 2.1817131807814683 3.3877207327351893
231 2.1816708218982885 3.240237864504229
232 2.1816708218982885 3.601718959564554
233 2.1816708218982885 4.762373858225878
234 2.1816708218982885 2.6361550781040237
235 2.1816708218982885 2.636385389098659
236 2.1816708218982885 5.6090375311342475
237 2.1816708218982885 5.055712847679839
238 2.1816708218982885 4.658043072930618
239 2.1816708218982885 3.030887566352311
240 2.1816708218982885 2.992406564650482
241 2.1816708218982885 3.11340833099988
242 2.1816708218982885 3.722099024400151
243 2.181152492200356 3.042108557399155
244 2.181152492200356 3.014627047087748
245 2.181152492200356 3.021824776717921
246 2.181152492200356 4.0015178602702886
247 2.181152492200356 2.3015047611195283
248 2.181152492200356 4.4409476620471535
249 2.181152492200356 2.579729955625356
250 2.181152492200356 2.611268464778828
251 2.1806846436879166 2.530963734481434
252 2.1806846436879166 2.667830881963241
253 2.1806846436879166 3.1783411295484063
254 2.1806846436879166 3.7084986605026398
255 2.1806846436879166 3.464049787687839
256 2.1806846436879166 2.903827879266258
257 2.1806846436879166 3.115730817143019
258 2.1806846436879166 3.8728407754888874
259 2.1806846436879166 2.2496052706819913
260 2.1806846436879166 2.7061313706026726
261 2.1806846436879166 2.8744861639579096
262 2.1806846436879166 2.380428783754742
263 2.1806846436879166 2.5590609811418776
264 2.1806846436879166 5.257512647705601
265 2.1806846436879166 3.406862105615912
266 2.1806846436879166 4.702762541792326
267 2.1803998339986634 3.685539772095867
268 1.7355702420489472 3.440165458949188
269 1.727897540619253 5.220861903508363
270 1.62585569211525 3.708592490150664
271 1.5742761474239089 4.911844526319823
272 1.5398629479556636 4.160679212986403
273 1.4896292354378406 4.04247942394056
274 1.4896292354378406 4.093960411923177
275 1.4893851602351962 3.5667178036982
276 1.4893851602351962 5.006347751176478
277 1.4891918430190731 5.621964205135041
278 1.4891918430190731 6.624699319658018
279 1.4891918430190731 5.610944304432898
280 1.4891918430190731 4.819669748137291
281 1.4891918430190731 5.349968660288815
282 1.4891918430190731 5.105219489340757
283 1.4891918430190731 5.329249279977684
284 1.4891918430190731 6.603261263718233
285 1.4869909269455537 5.92344556274511
286 1.4869909269455537 7.048774035088703
287 1.486858514441595 5.1779993105342665
288 1.4868585144415825 5.062708295040177
289 1.4868585144415825 5.115621406587826
290 1.4868585144415825 2.9644969104650243
291 1.4868585144415825 2.8946098268809966
292 1.4868585144415825 3.344514140017792
293 1.4868033064114954 3.930028222204376
294 1.4867991215099394 3.065538047734149
295 1.486603074597049 2.2097822280306296
296 1.486603074597049 2.8089105451775906
297 1.4862590891604928 2.3229803595879686
298 1.4862590891604928 2.3096278877194854
299 1.4862590891604928 1.8521671611892592
300 1.4862590891604928 3.2386686449755313
301 1.4838692790186894 4.717004807538616
302 1.483719022558061 1.8312275930707071
303 1.480261518170808 2.904853653012132
304 1.480261518170808 1.8404938819754946
305 1.480261518170808 1.9301147560325291
306 1.480261518170808 2.6375072043535552
307 1.480261518170808 1.7538530792780562
308 1.480261518170808 3.0249937329651755
309 1.480261518170808 2.564935496749224
310 1.480261518170808 2.0689444337524803
311 1.480261518170808 3.363879837767163
312 1.480261518170808 3.201048910537225
313 1.480261518170808 2.5701064998723187
314 1.480261518170808 3.422886230552919
315 1.480261518170808 2.901825809745664
316 1.480261518170808 3.596639737023665
317 1.480261518170808 2.4048711077522125
318 1.480261518170808 2.4021589094202525
319 1.4799490719561987 2.3240827421822763
320 1.4799490719561987 3.4392221705200177
321 1.4799490719561987 3.0022752323377557
322 1.4799490719561987 3.6675277921825984
323 1.4799490719561987 1.830335406383743
324 1.4799490719561987 2.188820334771531
325 1.4799490719561987 2.001691755842673
326 1.4799490719561987 3.294443992611733
327 1.4799490719561987 2.678796190906602
328 1.4799490719561987 3.9188035382400703
329 1.4799490719561987 1.9947432234019216
330 1.4799490719561987 3.6553469157296443
331 1.4799490719561987 2.670146503102052
332 1.4799490719561987 3.461551484230477
333 1.4799490719561987 2.028608217193567
334 1.4799490719561987 1.7552568432770792
335 1.4799490719561987 2.8417670069955085
336 1.4799490719561987 3.3655651925422854
337 1.4799490719561987 2.415485473510878
338 1.4799490719561987 2.5720086869838834
339 1.4799490719561987 3.546261789887551
340 1.4799490719561987 2.1396306804345855
341 1.4799490719561987 2.251778842520841
342 1.4799490719561987 1.8482518259929943
343 1.4799490719561987 1.7797363360575886
344 1.4799490719561987 1.9028224065442765
345 1.4799490719561987 2.3679340181288886
346 1.4799490719561987 3.165677393418316
347 1.4799490719561987 3.292657749449774
348 1.4799490719561987 2.5860770754139573
349 1.4799490719561987 2.335503664685558
350 1.4799490719561987 2.296286784416566
351 1.4799490719561987 3.7395175427899465
352 1.4799490719561987 2.676077387537868
353 1.4799490719561987 2.73112161395822
354 1.4799490719561987 2.353245828467132
355 1.4799490719561987 2.1996935514710074
356 1.4799490719561987 1.9491362511745212
357 1.4799490719561987 4.2959886157691844
358 1.4799490719561987 2.66186623741704
359 1.4799490719561987 3.450626977551737
360 1.2041683735737543 2.163322852394332
361 1.2041683735737543 2.229773802308434
362 1.1650562921554908 3.022693641219777
363 1.1650562921554908 3.234499581526882
364 1.1619354406227114 2.9228758187770425
365 1.1619354406227114 2.3600465957807386
366 1.1619354406227114 2.2087822960900625
367 1.1619354406227114 3.620556180440501
368 1.1619354406227114 2.5320596632096284
369 1.1619354406227114 2.1648321062658527
370 1.16173600795487 2.8912450604730746
371 1.16173600795487 2.177725838870128
372 1.16173600795487 2.3398421758276733
373 1.1615747664756508 2.5957426004478146
374 1.1615747664756508 3.3007296775887505
375 1.1615747664756508 3.07500833002045
376 1.1615747664756508 2.017048845432136
377 1.1615747664756508 1.4170594400225438
378 1.1615747664756508 2.3711385943385874
379 1.1615747664756508 2.1529104791298983
380 1.1614376439912615 2.220051613329316
381 1.1613603145023035 2.5693995361335245
382 1.1613603145023035 1.7741730073553739
383 1.1613603145023035 2.575440101452593
384 1.1613603145023035 1.630639262924096
385 1.1613603145023035 2.149006471400165
386 1.1613603145023035 2.34359219630233
387 1.1613603145023035 2.4337257758210553
388 1.1613603145023035 2.808310517551593
389 1.1613603145023035 2.3594931977382214
390 1.1613603145023035 1.8142676586736042
391 1.1613603145023035 2.155777398070738
392 1.1613603145023035 3.2820693989679524
393 1.1613603145023035 2.811405842404001
394 1.161360314502291 1.7964536109996778
395 1.161360314502291 2.5207336280843493
396 1.161360314502291 1.6990672652855727
397 1.161360314502291 1.8861245998045004
398 1.161360314502291 2.179939841834616
399 1.161360314502291 1.7702473834869101
400 1.161360314502291 2.625486718183792
401 1.161360314502291 3.8463355488789794
402 1.161360314502291 2.3302130672814316
403 1.161360314502291 3.291156428874515
404 1.1613368756505693 4.226287116539891
405 1.1613368756505693 3.4859873281460887
406 1.1612683852469772 2.469155133795661
407 1.1612683852469772 1.7475725104662376
408 1.1612683852469772 2.3391970786962037
409 1.1612683852469772 1.9650974726434558
410 1.1612683852469772 1.8040730782735555
411 1.1612683852469772 2.207861166218346
412 1.1612683852469772 2.2829181139074146
413 1.1612683852469772 1.6326715937398801
414 1.1612683852469772 1.2478134130387846
415 1.1612683852469772 1.3479219133071958
416 1.1612683852469772 1.4298475138106743
417 1.1612683852469772 1.896039802588151
418 1.1612683852469772 1.2183615921482716
419 1.1612683852469772 1.3202495026623953
420 1.1612683852469772 3.3801840769979132
421 1.1612683852469772 2.5769019674947953
422 1.1612683852469772 1.1818354672080462
423 1.1612683852469772 1.716261701706534
424 1.1612683852469772 2.0325816530540806
425 1.1612683852469772 2.9835027280258437
426 1.1612683852469772 2.7225763244462864
427 1.1612683852469772 1.6058133566585544
428 1.1612683852469772 1.83154458957185
429 1.1612683852469772 1.3275646282808204
430 1.1612683852469772 2.116323346657399
431 1.1612683852469772 1.9918546567131281
432 1.1612683852469772 2.193421322299805
433 1.1612683852469772 3.260226722776344
434 1.1611174252578351 2.2155611560591413
435 1.1611174252578351 3.1407222103758823
436 1.1611174252578351 2.739616634402903
437 1.1611174252578351 1.1987707439354416
438 1.1611174252578351 2.0977587188120363
439 1.1611174252578351 1.4977478501765709
440 1.1611174252578351 2.351525245304904
441 1.1611174252578351 1.7803097155504388
442 1.1611174252578351 2.536386074122797
443 1.1611174252578351 1.7735084357105877
444 1.1611174252578351 1.5677851684964739
445 1.1611174252578351 2.0331047261449458
446 1.1611174252578351 2.2399892084638613
447 1.1610887707781146 1.391308405332373
448 1.1610887707781146 1.8994560188075733
449 1.1610887707781146 1.5241444576900451
450 1.1610713742714651 1.3011655820545027
451 1.1610713742714651 4.437253275574487
452 1.1610713742714651 3.043807773023876
453 1.1610713742714651 1.5060472900168071
454 1.1610713742714651 1.214997006173207
455 1.1610713742714651 2.6791113694343895
456 1.1610713742714651 2.408653653009653
457 1.1610713742714651 2.0110714934713987
458 1.1610713742714651 3.2442486509462287
459 1.1610713742714651 2.904541233472205
460 1.1610713742714651 1.910296697970538
461 1.1610713742714651 1.5876074564925178
462 1.1610713742714651 3.0851465439350454
463 1.1610713742714651 1.7282873905762353
464 1.1610713742714651 1.2510767079073466
465 1.1610713742714651 2.3849597743372555
466 1.1610713742714651 2.0165230501928164
467 1.1610713742714651 2.109781977291093
468 1.1610713742714527 1.6548354906756853
469 1.1610713742714527 2.3123394042450163
470 1.1610713742714527 1.9542325495045718
471 1.1610713742714527 1.1651208573224923
472 1.1610713742714527 1.970764561495464
473 1.1610713742714527 2.216744209613353
474 1.1610713742714527 1.6453673034342886
475 1.1610713742714527 3.1554111498422914
476 1.1610713742714527 1.888067033648734
477 1.1610713742714527 2.858984717745697
478 1.1610713742714527 1.8982518280224616
479 1.1610713742714527 1.260479111120125
480 1.1610713742714527 2.9294734195211642
481 1.1610713742714527 1.812112181903511
482 1.1610713742714527 1.7385009671733485
483 1.1610713742714527 1.1623504344723095
484 1.1610713742714527 1.8327702838534838
485 1.1610713742714527 2.699471228898671
486 1.1610713742714527 1.1622532653755069
487 1.1610713742714527 2.4562212420705896
488 1.1610713742714527 3.6330915506979675
489 1.1610713742714527 2.71573680416175
490 1.1610713742714527 3.667151548716836
491 1.1610713742714527 2.9128203477994505
492 1.1610713742714527 1.1622623417119404
493 1.1610713742714527 2.272510111400685
494 1.1610713742714527 1.1623076169143243
495 1.1610713742714527 2.607186377573156
496 1.1610713742714527 3.878593846776082
497 1.1610713742714527 1.3074936050594457
498 1.1610713742714527 1.402069553443244
499 1.1610713742714527 2.370129641563201
500 1.1610713742714527 3.8433268515130963
501 1.1610713742714527 1.7633395427672935
502 1.1610713742714527 1.7578675669872286
503 1.1610713742714527 2.584835153781082
504 1.1610713742714527 1.513665587811484
505 1.1610713742714527 1.7419796980505593
506 1.1610713742714527 3.1037155413689637
507 1.1610713742714527 1.8389821771997668
508 1.1610713742714527 1.4636902745875064
509 1.1610713742714527 2.649844374127603
510 1.1610713742714527 1.161967047309586
511 1.1610713742714527 2.185828606021209
512 1.1610713742714527 1.7345011627032971
513 1.1610713742714527 2.1117614996461374
514 1.1610713742714527 2.7850402599099517
515 1.1610713742714527 3.186622867665095
516 1.1610713742714527 4.937417454354362
517 1.1593514496943076 1.3558325354778424
518 1.1593514496943076 1.6366609480792735
519 1.1593514496943076 2.5972106953603276
520 1.159104102550927 1.1616009707534973
521 1.159104102550927 1.1615800561026115
522 1.159104102550927 1.655672777164352
523 1.159104102550927 2.210172635385454
524 1.159104102550927 2.6169407912303915
525 1.159104102550927 2.0192060763674693
526 1.159104102550927 2.125019577455867
527 1.159104102550927 4.59536717784774
528 1.159104102550927 3.311717179829151
529 1.159104102550927 2.021137397792524
530 1.159104102550927 1.498805526493345
531 1.1589376095443047 4.219776474137969
532 1.1589376095443047 3.5315409160371813
533 1.1589376095443047 1.8227393489982102
534 1.1589376095443047 2.349759507280608
535 1.1589376095443047 1.1617285268126079
536 1.1589376095443047 2.8488990945123245
537 1.1589089550645841 2.3405956482047916
538 1.1589089550645841 1.161603073520309
539 1.1588915585579347 1.6961227177841827
540 1.1587604621274288 1.3553837884135
541 1.1587604621274288 2.002744392861052
542 1.1587604621274288 1.5443135910856456
543 1.1587604621274288 1.1616271289333042
544 1.1587604621274288 2.5711046529195403
545 1.1587604621274288 1.7528566979967346
546 1.1587604621274288 1.5913770324799938
547 1.1587604621274288 1.4225707309825122
548 1.1587604621274288 1.161167064238155
549 1.1587604621274288 2.7936549442334
550 1.1587144111410588 2.546559575267976
551 1.1587144111410588 2.0752082265980465
552 1.1587144111410588 1.6517744616556396
553 1.1587144111410588 1.8468597035693302
554 1.1587144111410463 1.4605405509129563
555 1.1587144111410463 2.702805085418598
556 1.1587144111410463 6.349121829582884
557 1.1587144111410463 1.894595589159929
558 1.1587144111410463 1.94638363224653
559 1.1587144111410463 1.9711664155381685
560 1.1587144111410463 2.862979839122904
561 1.1587144111410463 1.4459387409258255
562 1.1587144111410463 1.272636792094766
563 1.1587144111410463 2.82996948304652
564 1.1587144111410463 1.730344385168292
565 1.1587144111410463 2.8929428478134565
566 1.1587144111410463 1.7701359409722714
567 1.1587144111410463 2.311368628665645
568 1.1587144111410463 1.161030417282202
569 1.1587144111410463 1.9316201759401452
570 1.1587144111410463 2.711734247281864
571 1.1587144111410463 1.8126844783371012
572 1.1587144111410463 3.516137809904724
573 1.1587144111410463 3.5374891591123787
574 1.1587144111410463 1.731646575290349
575 1.1587144111410463 2.709333161229081
576 1.1587144111410463 4.494521261610942
577 1.1587144111410463 1.98451567668361
578 1.1587144111410463 1.4696315090087955
579 1.1587144111410463 2.2542405526484286
580 1.1587144111410463 2.0341398226904945
581 1.1587144111410463 2.1574089284770968
582 1.1587144111410463 4.000260899177435
583 1.1587144111410463 1.9384001527243522
584 1.1587144111410463 2.4818883646607186
585 1.1587144111410463 1.517634661443427
586 1.1587144111410463 2.7585092309683934
587 1.1587144111410463 3.6970081998646007
588 1.1587144111410463 3.301153212830485
589 1.1587144111410463 2.2977592875504427
590 1.1587144111410463 1.7103511255867738
591 1.1587144111410463 1.3533315420553622
592 1.1587144111410463 1.779753351234303
593 1.1587144111410463 1.49658019574237
594 1.1587144111410463 1.161170162785024
595 1.1587144111410463 1.5768151955574228
596 1.1587144111410463 4.6378710838857895
597 1.1587144111410463 2.6781889557077814
598 1.1587144111410463 1.6696211182843177
599 1.1587144111410463 1.4608159074132496
600 1.1587144111410463 2.1265521979780933
601 1.1587144111410463 1.6654066047619998
602 1.1587144111410463 1.7727692148862217
603 1.1587144111410463 2.2494199873382628
604 1.1587144111410463 3.250837174771087
605 1.1587144111410463 2.21527007008701
606 1.1587144111410463 1.6434221690228714
607 1.1587144111410463 3.457082506961405
608 1.1587144111410463 2.29133502118645
609 1.1587144111410463 2.7420532056584714
610 1.1587144111410463 4.373686695903929
611 1.1587144111410588 1.1615348889725947
612 1.1587144111410588 1.161606679829573
613 1.1587144111410588 1.5094196111841434
614 1.1587144111410588 1.395132523569992
615 1.1587144111410588 3.129172434142161
616 1.1587144111410588 1.8495668385337525
617 1.1587144111410588 1.1615282205401414
618 1.1587144111410588 3.6594328268704284
619 1.1587144111410588 1.5446715706312895
620 1.1587144111410588 3.463486667270285
621 1.1587144111410588 3.8385839987036268
622 1.1587144111410588 1.1614163831190236
623 1.1587144111410588 1.7568755481673963
624 1.1587144111410588 2.0058022067227923
625 1.1587144111410588 2.2816898211976953
626 1.1585665217783792 3.293029307222995
627 1.1585665217783792 1.161208318771881
628 1.1585665217783792 1.7223025868832127
629 1.1585665217783667 1.1613222268787597
630 1.1585665217783667 1.4504982676254463
631 1.1585665217783667 1.1613832613084165
632 1.1585665217783667 1.5939824876740516
633 1.1585665217783667 1.845748734450151
634 1.1585665217783667 2.3237418980779476
635 1.1585665217783667 1.6192429784078257
636 1.1585665217783667 1.419039543414566
637 1.1585665217783667 2.968599144301152
638 1.1585665217783667 1.7238697743119977
639 1.1585665217783667 1.3330625681890387
640 1.1585665217783667 1.754468638793695
641 1.1585665217783667 2.3793736908296115
642 1.1585665217783667 3.5417819988009867
643 1.1585665217783667 2.6790859586398237
644 1.1585665217783667 2.615100388575603
645 1.1585665217783667 3.745202904411441
646 1.1585665217783667 2.9659591843467172
647 1.1585665217783667 2.4201779849225504
648 1.1585665217783667 2.826569062466129
649 1.1585665217783667 1.8396663111192018
650 1.1585665217783667 1.1615220033088818
651 1.1585665217783667 1.161545185431803
652 1.1585665217783667 1.161523810628996
653 1.1585665217783667 3.7280112246625183
654 1.1585665217783667 1.790793751101416
655 1.1585665217783667 2.36346571068001
656 1.1585665217783667 1.8576704731719165
657 1.1585665217783667 1.8379039199390126
658 1.1585665217783667 2.360421415886927
659 1.1585665217783667 1.9323082874764845
660 1.1585665217783667 2.108613659397175
661 1.1585665217783667 1.9221354835656408
662 1.1585665217783667 1.3558119803500313
663 1.1585665217783667 1.1614599044069818
664 1.1585665217783667 2.0018831531247656
665 1.1585665217783667 1.9294988253334682
666 1.1585665217783667 2.396223365919492
667 1.1585665217783667 4.909939966983748
668 1.1585665217783667 2.4640422548526844
669 1.1585665217783667 3.1146706313124635
670 1.1585665217783667 3.474074194123089
671 1.1585665217783667 3.422306054640967
672 1.1585665217783667 1.8499979816951353
673 1.1585665217783667 3.7928301356757363
674 1.1585665217783667 6.935385881218073
675 1.1585665217783667 1.5792542280938864
676 1.1585665217783667 2.081941580776765
677 1.1585665217783667 2.298894809531898
678 1.1585665217783667 1.767906985326099
679 1.1585665217783667 2.7729895619910216
680 1.1585665217783667 1.161410578964608
681 1.1585665217783667 2.0589224920467792
682 1.1585665217783667 2.296109199740529
683 1.1585665217783667 2.102086927270155
684 1.1585665217783667 2.205613089765087
685 1.1585665217783667 3.3429233140820345
686 1.1585665217783667 2.695169425524981
687 1.1585665217783667 2.2110760030400907
688 1.1585665217783667 1.5023257258891285
689 1.1585665217783667 2.210928046749113
690 1.1585665217783667 1.1613985696817348
691 1.1585665217783667 1.778108254954021
692 1.1585665217783667 3.529738660848235
693 1.1585665217783667 2.4545018952692574
694 1.1585665217783667 1.7411303417818156
695 1.1585665217783667 2.2981392146523505
696 1.1585665217783667 2.822626753186963
697 1.1585665217783667 1.9884499209911346
698 1.1585665217783667 1.850430000904608
699 1.1585665217783667 4.699373842997978
700 1.1585665217783667 1.9421297556945814
701 1.1585665217783667 1.3814610322736058
702 1.1585665217783667 1.161348279727021
703 1.1585665217783667 3.1925461523580627
704 1.1585665217783667 2.3601428952528254
705 1.1585665217783667 1.1613279936505625
706 1.1585665217783667 1.4421995860736976
707 1.1585665217783667 1.3353717991953147
708 1.1585665217783667 1.4196309638800146
709 1.1585665217783667 2.741173988728905
710 1.1585665217783667 2.9775749089750674
711 1.1585665217783667 2.3084005398242953
712 1.1585665217783667 3.470330171685236
713 1.1585665217783667 2.77460344720404
714 1.1585665217783667 1.3132612079975008
715 1.1585665217783667 2.117314714993967
716 1.1585665217783667 1.7432251951631648
717 1.1585665217783667 1.1612856712265731
718 1.1585665217783667 1.5862219428642674
719 1.1585665217783667 1.899753792232822
720 1.1585665217783667 2.799742908294677
721 1.1585665217783667 1.4194900858773212
722 1.1585665217783667 1.1613058799873164
723 1.1585665217783667 3.53311138783458
724 1.1585665217783667 3.91125888415963
725 1.1585665217783667 1.684674938216581
726 1.1585665217783667 1.8516694248960286
727 1.1585665217783667 1.1612957756069455
728 1.1585665217783667 1.3814170802713936
729 1.1585665217783667 1.161301838235168
730 1.1585665217783667 1.8907101593835103
731 1.1585665217783667 1.6322887959071173
732 1.1585665217783667 1.356484361671081
733 1.1585665217783667 3.6972121916629437
734 1.1585665217783667 3.37726137977287
735 1.1585665217783667 3.4085081718833727
736 1.1585665217783667 4.3314359831435345
737 1.1585665217783667 1.2929119859235916
738 1.1585665217783667 1.1612816294744248
739 1.1585665217783667 1.6626846781252285
740 1.1585665217783667 1.648663253992934
741 1.1585665217783667 2.2761678186935113
742 1.1585665217783667 2.6506570690972224
743 1.1585665217783667 1.1613260887480612
744 1.1585665217783667 1.515345850764305
745 1.1585665217783667 2.873446205023639
746 1.1585665217783667 2.0549675552609483
747 1.1585665217783667 1.1613402348805808
748 1.1585665217783667 2.5756981109311385
749 1.1585665217783667 2.040697957165088
750 1.1585665217783667 4.96972956018718
751 1.1585665217783667 3.3540280412022323
752 1.1585665217783667 2.662573412296876
753 1.1585665217783667 1.5399900315356532
754 1.1585665217783667 1.1613846941542172
755 1.1585665217783667 3.981362846146673
756 1.1585665217783667 1.3420489923181307
757 1.1585665217783667 1.4065874962930818
758 1.1585665217783667 1.1613705480216965
759 1.1585665217783667 1.6628818788037572
760 1.1585665217783667 3.261440585857232
761 1.1585665217783667 2.071213410936751
762 1.1585665217783667 2.1846284238309788
763 1.1585665217783667 2.893435159134662
764 1.1585665217783667 1.7941955810524954
765 1.1585665217783667 2.4605495977903256
766 1.1585665217783667 2.5445418982094092
767 1.1585665217783667 2.829335429884172
768 1.1585665217783667 1.7862452928927368
769 1.1585665217783667 1.6138360255958297
770 1.1585665217783667 1.2594671019482286
771 1.1585665217783667 2.902391323588111
772 1.1585665217783667 1.6226906458169856
773 1.1585665217783667 1.4184629713299566
774 1.1585665217783667 3.8684866610986255
775 1.1585665217783667 1.711452091131397
776 1.1585665217783667 2.3073282567015236
777 1.1585665217783667 2.6486607301968608
778 1.1585665217783667 1.9502121970722641
779 1.1585665217783667 1.8785695205414916
780 1.1585665217783667 2.376062670206876
781 1.1585665217783667 1.934761250133699
782 1.1585665217783667 1.3553414002133932
783 1.1585665217783667 1.8559803561890675
784 1.1585665217783667 2.081888920471382
785 1.1585665217783667 2.0936863057994803
786 1.1585665217783667 1.1614069237910354
787 1.1585665217783667 2.138281846265306
788 1.1585665217783667 1.660825501750872
789 1.1585665217783667 2.4437590733027674
790 1.1585665217783667 3.644807339909943
791 1.1585665217783667 2.950572332340245
792 1.1585665217783667 3.810102587108624
793 1.1585665217783667 1.25929170162076
794 1.1585665217783667 3.396733348732529
795 1.1585665217783792 1.9561823501568398
796 1.1585665217783792 2.331779043174966
797 1.1585665217783792 2.0563965550441403
798 1.1585665217783792 2.7676236763795687
799 1.1585665217783792 1.9824017887758374
800 1.1585665217783792 1.4373316445085789
801 1.1585665217783792 1.5212637946011083
802 1.1585665217783667 1.3561608320851035
803 1.1585665217783667 3.536531003022122
804 1.1585665217783667 1.3552265955778802
805 1.1585665217783667 2.958897587178493
806 1.1585665217783667 2.075812931266882
807 1.1585665217783667 1.7384184237206959
808 1.1585665217783667 1.3213650826847883
809 1.1585665217783667 1.1612932263188578
810 1.1585665217783667 1.5208211839944668
811 1.1585665217783667 1.8304347414724356
812 1.1585665217783667 1.8236461443982774
813 1.1585665217783667 2.194313124867433
814 1.1585665217783667 1.9931787967828773
815 1.1585665217783667 3.0297615723706457
816 1.1585665217783667 2.051600158187058
817 1.1585665217783667 2.4499077674148633
818 1.1585665217783667 2.9805615446357923
819 1.1585665217783667 2.954147299791416
820 1.1585665217783667 2.1494763964358383
821 1.1585665217783667 2.138665063155806
822 1.1585665217783667 3.769447994918595
823 1.1585665217783667 2.4679160430899
824 1.1585665217783667 2.432707127192744
825 1.1585665217783667 4.343161040327176
826 1.1585665217783667 2.2021855278578126
827 1.1585665217783667 1.1612579058151704
828 1.1585665217783667 3.386126749877184
829 1.1585665217783667 1.2793270166670994
830 1.1585665217783667 2.4108764018624895
831 1.1585665217783667 1.6493185481246846
832 1.1585665217783667 2.1290683730818354
833 1.1585665217783667 3.503719445664124
834 1.1585665217783667 1.659582308917694
835 1.1585665217783667 3.1166329523200558
836 1.1585665217783667 2.090626262222016
837 1.1585665217783667 1.968906400622152
838 1.1585665217783667 1.5542006387622527
839 1.1585665217783667 3.1461182909668617
840 1.1585665217783667 3.225535987842366
841 1.1585665217783667 2.6575973944872144
842 1.1585665217783667 1.7605693649072445
843 1.1585665217783667 2.251774212570015
844 1.1585665217783667 1.3241130490627342
845 1.1585665217783667 2.8182047608567817
846 1.1585665217783667 4.620924253663376
847 1.1585665217783667 1.5645572749276306
848 1.1585665217783667 2.8795309830281717
849 1.1585665217783667 1.161136866312508
850 1.1585665217783667 2.4862433277155342
851 1.1585665217783667 2.537476560565153
852 1.1585665217783667 2.31106561438411
853 1.1585665217783667 2.3023293464539467
854 1.1585665217783667 1.2710826911554545
855 1.1585665217783667 1.3775478923696876
856 1.1585665217783667 2.568463786282679
857 1.1585665217783667 1.681900891783085
858 1.1585665217783667 1.1610070391240697
859 1.1585665217783667 1.76869754904058
860 1.1585665217783667 1.459403461756808
861 1.1585665217783667 2.366375038585638
862 1.1585665217783667 1.3727602409405888
863 1.1585665217783667 5.10582964340261
864 1.1585665217783667 4.6566809344614635
865 1.1585665217783667 2.255606787908734
866 1.1585665217783667 4.1775931419184404
867 1.1585665217783667 3.1514412569509953
868 1.1585665217783667 2.2719599528155148
869 1.1585665217783667 1.160924778755135
870 1.1585665217783667 4.648974777700866
871 1.1585665217783667 2.435656694835748
872 1.1585665217783667 1.922801391073363
873 1.1585665217783667 2.552818214667637
874 1.1585665217783667 2.0999150322444726
875 1.1585665217783667 4.299132361033651
876 1.1585665217783667 3.505480422774292
877 1.1585665217783667 2.9632778489087417
878 1.1585665217783667 1.5608442530984257
879 1.1585665217783667 1.8880427898222507
880 1.1585665217783667 1.2703742882848832
881 1.1585665217783667 2.195376755919576
882 1.1585665217783667 1.4239261594160595
883 1.1585665217783667 2.709580820919042
884 1.1585665217783667 1.3478516383420507
885 1.1585665217783667 1.4536468346013731
886 1.1585665217783667 2.297114787392249
887 1.1585665217783667 1.160892220287896
888 1.1585665217783667 2.599752498636143
889 1.1585665217783667 2.7969326734189592
890 1.1585665217783667 3.1906829607344425
891 1.1585665217783667 3.5525718886214435
892 1.1585665217783667 3.9614365603696573
893 1.1585665217783667 1.3628537437150194
894 1.1585665217783667 1.6134017141114325
895 1.1585665217783667 1.4838593166627956
896 1.1585665217783667 1.949947107802143
897 1.1585665217783667 3.346671531021998
898 1.1585665217783667 2.5226123243543213
899 1.1585665217783667 3.129579294709457
900 1.1585665217783667 2.8424354471890285
901 1.1585665217783667 3.163834378106158
902 1.158468520748439 2.7481122172584254
903 1.158468520748439 2.914367558103017
904 1.158468520748439 2.15514893309662
905 1.158468520748439 1.1606769409767095
906 1.158468520748439 2.1063567353313326
907 1.158468520748439 3.777864631721595
908 1.158468520748439 2.1580908214318377
909 1.158468520748439 2.803909034169578
910 1.158468520748439 1.9762053168545848
911 1.158468520748439 2.377942036597506
912 1.158468520748439 1.4499896565365538
913 1.158468520748439 1.9612840441684625
914 1.158468520748439 1.7698811256140183
915 1.158468520748439 2.27205832454453
916 1.1584685207484267 1.8283824387987584
917 1.1584547570648986 3.7427869166506778
918 1.1584547570648986 1.7070618712563366
919 1.1584547570648986 1.1605736852094075
920 1.1584547570648986 1.160634266094196
921 1.1584547570648986 3.01318959396049
922 1.1584547570648986 1.4599088761561638
923 1.1584547570648986 1.1607079553417072
924 1.1584547570648986 2.122880837413552
925 1.1584547570648986 3.0210632315759964
926 1.1584547570648986 1.8322618565937185
927 1.1584547570648986 2.4741280410871442
928 1.1584547570648986 1.1604920482058318
929 1.1584547570648986 4.70717189438271
930 1.1584547570648986 3.0518431247716027
931 1.1584547570648986 2.737594327270765
932 1.1584547570648986 1.5603692272847964
933 1.1584547570648986 3.2670079704518473
934 1.1584547570648986 1.160346279185903
935 1.1584547570648986 1.1602538428388371
936 1.1584520114221242 1.1601330400921812
937 1.1584520114221242 1.1601840754941117
938 1.1584520114221242 1.1602440977346051
939 1.1584520114221242 1.1602837070519174
940 1.1584328581328371 1.160281473201965
941 1.1584328581328371 1.5067167203563778
942 1.1584328581328371 2.0093903973416825
943 1.1584328581328371 1.9796469487668622
944 1.1584328581328371 1.9539100711621673
945 1.1584328581328371 1.7790475863382935
946 1.1584328581328371 1.5455458848182682
947 1.1584328581328371 1.1604638204511797
948 1.1584328581328247 1.4958779211316988
949 1.1584328581328247 3.0901102961779
950 1.1584328581328247 1.767129126437244
951 1.1584328581328247 1.708929447563124
952 1.1584328581328247 1.4756535182915687
953 1.1584328581328247 1.1607929108144752
954 1.1584328581328247 2.3543724682601517
955 1.1584328581328247 3.2304361450313217
956 1.1584328581328247 1.1609786381934377
957 1.1584328581328247 2.8704814851478204
958 1.1584328581328247 2.0938462581007027
959 1.1584328581328247 1.76838905146324
960 1.1584328581328247 1.4476190894253917
961 1.1584328581328247 1.842288859909477
962 1.1584328581328247 2.9924733042318703
963 1.1584328581328247 1.8432614546185888
964 1.1584328581328247 1.625171868825166
965 1.1584328581328247 3.3396795938904353
966 1.1584328581328247 1.7792630386879305
967 1.1584328581328247 1.7229423062213665
968 1.1584328581328247 1.1608051846457927
969 1.1584328581328247 1.7741727648584007
970 1.1584328581328247 2.3221050376847012
971 1.1584328581328247 2.2573617355665943
972 1.1584328581328247 3.07886972991337
973 1.1584328581328247 2.300704648255392
974 1.1584328581328247 3.530271803919328
975 1.1584328581328247 2.8594456500458323
976 1.1584328581328247 1.8190086644025276
977 1.1584328581328247 2.3025469074590457
978 1.1584328581328247 2.7623922332900066
979 1.1584328581328247 2.0447273631008844
980 1.1584328581328247 2.0980896966422464
981 1.1584328581328247 2.9903933983056445
982 1.1584328581328247 2.0248277877642096
983 1.1584328581328247 3.455353971613615
984 1.1584328581328247 2.0430849852349477
985 1.1584328581328247 1.585766527525399
986 1.1584328581328247 2.812153884888505
987 1.1584328581328247 3.026056090289971
988 1.1584328581328247 3.347998451319001
989 1.1584328581328247 1.1608307584588082
990 1.1584328581328247 1.745018080703596
991 1.1584328581328247 3.9914534176470493
992 1.1584328581328247 2.01026453039959
993 1.1584328581328247 2.1902372903253498
994 1.1584328581328247 2.5038235010165533
995 1.1584328581328247 1.437646329752858
996 1.1584328581328247 1.9093994339259437
997 1.1584328581328247 2.2610270897825013
998 1.1584328581328247 2.054313495562498
999 1.1584328581328247 1.3056279476421235
