# iteración mejor promedio
0 100.94250858102059 188.9805496247041
1 95.4380859906871 183.52602136793172
2 76.89593551565412 176.4226744388611
3 76.89593551565412 169.6991309923893
4 76.89593551565412 159.15887971155763
5 76.89593551565412 155.92807085642877
6 61.12535073658165 149.5307303675246
7 61.12535073658165 140.83518302567333
8 51.555213618974776 136.66716399404038
9 51.555213618974776 131.83366403388763
10 51.555213618974776 127.9625727842149
11 51.555213618974776 123.88836970630284
12 51.555213618974776 119.11193964022272
13 51.555213618974776 118.46404129890706
14 44.58188605157217 112.4989605373686
15 43.3079045112063 108.76549309381167
16 35.748399159527494 100.9675449946301
17 35.748399159527494 91.20690119487679
18 35.748399159527494 86.338879496994
19 27.444537121331674 81.03909168867666
20 27.444537121331674 80.75669498268567
21 27.444537121331674 77.00182178084553
22 27.444537121331674 74.88272837461375
23 24.591130568579167 69.02305318752138
24 24.591130568579167 67.40496348215383
25 23.370779877798206 67.3609837747209
26 23.370779877798206 67.51207334016212
27 23.370779877798206 64.02005431009763
28 23.370779877798206 64.9690488126044
29 21.115401874725563 64.55645689391379
30 21.11540187472571 62.19812744051917
31 21.11540187472571 58.638718828089296
32 18.51832438335612 56.36929645224597
33 18.51832438335612 55.93211196190179
34 18.51832438335612 56.22421367183262
35 18.51832438335612 55.88118283104303
36 17.909449529405986 54.16730312784707
37 17.767040554466085 53.202611083922285
38 17.0489951962504 49.924161405801605
39 14.662331964717415 47.324091743287624
40 14.662331964717415 44.023898939471835
41 13.311404469904614 40.74463810273399
42 13.311404469904614 39.09297786451173
43 11.254625799298408 35.572583251562
44 9.538526169312599 34.115341159480515
45 9.538526169312599 30.557225848677923
46 9.538526169312599 29.836127789786268
47 9.538526169312599 27.563767462653132
48 9.538526169312599 25.251880263589896
49 8.989191366490319 23.031651308643422
50 8.989191366490319 21.21298688589677
51 8.989191366490319 20.267362749636273
52 8.497810483213309 18.905513645719875
53 8.497810483213309 19.807737614610545
54 8.33426865316112 18.894498877477268
55 8.33426865316112 17.541399239483194
56 8.33426865316112 16.748566408877217
57 8.33426865316112 14.165646688498578
58 8.06757902907299 13.998482322830935
59 8.06757902907299 14.196606758025696
60 7.809497900261299 15.22052800173384
61 7.670962298403582 13.664499609767574
62 7.670962298403582 13.172628055755151
63 7.479059586316097 14.213530679833429
64 7.282352563810303 15.474864612989599
65 7.051834651257234 14.666053761765406
66 7.051834651257234 14.516246517318217
67 6.979784455414627 14.593799663003535
68 6.8656620215135575 14.61449014417111
69 6.8656620215135575 12.976415591855195
70 6.8656620215135575 12.25236170204586
71 6.860921245696652 10.789476578192833
72 6.860921245696652 9.434504250015616
73 6.80788601351351 10.951276194710022
74 6.500412267681304 12.288606499618734
75 6.500412267681304 10.186102799489609
76 6.444427917972694 11.677246728038556
77 6.399427345571816 10.572156356623974
78 6.399427345571816 11.360962920322622
79 6.399427345571816 11.346196654514278
80 6.399427345571816 10.232782596998113
81 6.399427345571816 9.492714060910023
82 6.399427345571816 8.75255650147475
83 6.399427345571816 8.51677785808054
84 6.399427345571816 10.891554461931428
85 6.337330863696504 8.716084968848795
86 6.337330863696504 8.973185600193483
87 6.33732100198506 10.364454515082887
88 6.33732100198506 10.761435701610049
89 6.317189029925297 9.453451882288709
90 6.317189029925297 8.548749853756856
91 6.317189029925297 8.9326375924888
92 6.317189029925297 8.807236220547804
93 6.31120886091268 8.692198529366337
94 6.31120886091268 8.843840282997895
95 6.31120886091268 8.237262152631267
96 6.309782074877045 9.161936593754685
97 6.309782074877045 8.148574152659625
98 6.309782074877045 9.756395537201831
99 6.309782074877045 9.058153954934246
100 6.306361194560909 10.351689409831847
101 6.306361194560909 9.447350179594029
102 6.306355625242221 9.334746565021398
103 6.306355625242221 10.544629588297509
104 6.306355625242221 8.93183109674272
105 6.306355625242221 8.750742559421923
106 6.2950792348483 8.995035990229463
107 6.281020197632204 8.29892341310071
108 6.281020197632204 8.643695564486183
109 6.281020197632204 8.399660667676217
110 6.281020197632204 9.700930427492697
111 6.281020197632204 8.158848282683767
112 6.281020197632204 8.646578322990171
113 6.281020197632204 9.216306327670114
114 6.281020197632204 8.843830374803716
115 6.281020197632204 11.043956616191084
116 6.279765329319247 8.374467330019803
117 6.277865508302824 7.519422379541257
118 6.272923584177695 8.629040440182417
119 6.272923584177695 8.000138377059
120 6.272923584177695 7.544870196289869
121 6.272923584177695 8.757052789865972
122 6.272923584177695 8.387637645508091
123 6.272923584177695 8.13564992886117
124 6.272923584177695 7.521704810800168
125 6.272923584177695 7.655896119102007
126 6.272923584177695 9.451247495388623
127 6.272923584177695 8.003908446506323
128 6.272923584177695 7.833999142183899
129 6.272923584177695 10.27453505829593
130 6.272923584177695 9.045306256281545
131 6.271720469655781 9.115376768985932
132 6.271720469655781 9.17622490304235
133 6.271720469655781 8.357241813092749
134 6.271720469655781 9.613003635946404
135 6.271720469655781 7.873198673624834
136 6.271720469655781 8.652811764725609
137 6.271720469655781 7.736469987231122
138 6.271720469655781 7.617657203806861
139 6.271720469655781 10.374581467545537
140 6.271720469655781 8.595257029814512
141 6.271720469655781 8.442919673790186
142 6.271720469655781 8.778331685246568
143 6.271720469655781 6.721165894358434
144 6.271720469655781 6.820705902762643
145 6.271720469655781 7.50649216522712
146 6.271720469655781 9.977041420560688
147 6.271341893995698 7.469974919162036
148 6.271341893995698 6.578546630274972
149 6.271341893995698 6.528580070375321
150 6.271341893995698 7.0596575117147395
151 6.271341893995698 7.266468709473739
152 6.271341893995698 6.988337619401164
153 6.271341893995698 7.070344321372334
154 6.271341893995698 6.709421776356064
155 6.270419402675797 6.661013050309119
156 6.270419402675797 7.653646535573057
157 6.270419402675797 6.693834990831728
158 6.269492489341616 8.75239259512933
159 6.269492489341616 10.82025930487946
160 6.269492489341616 7.519277443434145
161 6.266050537518543 7.125659961608401
162 6.266050537518543 7.738897665802307
163 6.266050537518543 6.6885023441880005
164 6.266050537518543 7.393549040589601
165 6.266050537518543 6.796124397776581
166 6.266050537518543 6.985818744432542
167 6.266050537518543 6.951636181282541
168 6.266050537518543 8.863996285300125
169 6.266050537518543 7.145972040403666
170 6.266050537518543 8.822948955083927
171 6.2660479407351914 6.862340788061891
172 6.2660479407351914 6.997530434319725
173 6.2660479407351914 7.607107030747922
174 6.2660479407351914 7.021153506316775
175 6.2660479407351914 7.8476295897812545
176 6.2660479407351914 7.920097397098167
177 6.26566954008652 9.211858968038939
178 6.26566954008652 7.77453950309689
179 6.26566954008652 6.829401465829994
180 6.26566954008652 6.951851494805531
181 6.265582053426657 7.270598229537444
182 6.265582053426657 8.317181194197785
183 6.265582053426657 8.399605660690492
184 6.265582053426657 6.342453183076703
185 6.265582053426657 10.049218607648967
186 6.265582053426657 9.751339844185653
187 6.265582053426657 6.351489850190181
188 6.265582053426657 6.937752253944641
189 6.265582053426657 7.260692717578624
190 6.265582053426657 6.350882412339586
191 6.265582053426657 7.833697905383823
192 6.265582053426657 6.968167206009679
193 6.265582053426657 6.693177247480505
194 6.265582053426657 7.15871471440522
195 6.265582053426657 7.107356444000078
196 6.265582053426657 6.811380251368072
197 6.265582053426657 6.917994288691431
198 6.265582053426657 8.418314713084458
199 6.265582053426657 8.080475461127508
200 6.265582053426657 7.032543954780339
201 6.265582053426657 6.87324812436236
202 6.265582053426657 7.331227517236906
203 6.265582053426657 6.778309578372735
204 6.265582053426657 8.066549746705174
205 6.265582053426657 7.588351000270004
206 6.265582053426657 6.886340107369633
207 6.265582053426657 6.844336322929186
208 6.265582053426657 7.201257356802055
209 6.265582053426657 8.005964957442345
210 6.265582053426657 8.700270601591974
211 6.265582053426657 7.765742415463303
212 6.265582053426657 7.519873353116034
213 6.265582053426657 7.980407845007399
214 6.265582053426657 7.489219010953333
215 6.265582053426657 9.779670770541347
216 6.265582053426657 7.495729498616302
217 6.265582053426657 8.471151283737226
218 6.265582053426657 8.311969202728163
219 6.265582053426657 8.058058788238005
220 6.265582053426657 6.702552842162039
221 6.265582053426657 6.886988548120619
222 6.265582053426657 7.029614956277968
223 6.265582053426657 6.794898499253014
224 6.265582053426657 7.203524699898824
225 6.265582053426657 7.928305453915683
226 6.265538606328182 8.054080881626803
227 6.265538606328182 7.915577044725986
228 6.265538606328182 8.718773230751232
229 6.265538606328182 7.021143397312176
230 6.265538606328182 7.075013625208175
231 6.265538606328182 7.387340337161764
232 6.265538606328182 6.31414488378769
233 6.265490410940217 6.313049297113604
234 6.265490410940217 7.121379857592087
235 6.265490410940217 7.431572430729509
236 6.265490410940217 8.085116548218027
237 6.265490410940217 9.229424559449615
238 6.265490410940217 7.859382843940004
239 6.265490410940217 6.454824493279229
240 6.2654029242803535 6.742565067901936
241 6.2654029242803535 6.4423412075085364
242 6.2654029242803535 7.935577851269505
243 6.2654029242803535 6.290482406484255
244 6.265221269449967 7.902031471005824
245 6.265221269449967 8.792245651455678
246 6.265221269449967 7.878862262596187
247 6.265221269449967 7.878603711018931
248 6.265221269449967 6.843063021767633
249 6.265221269449967 7.111493426843108
250 6.265221269449967 6.821066895135765
251 6.265221269449967 6.583908835660258
252 6.264877848137431 6.294406084438575
253 6.264877848137431 6.292980474832939
254 6.264877848137431 7.599983407871126
255 6.264877848137431 8.043013288617622
256 6.264877848137431 7.47437690958233
257 6.264877848137431 7.390234428409031
258 6.2647903614775675 6.288019433146885
259 6.2647903614775675 6.408375324428391
260 6.2647903614775675 6.287210752952141
261 6.2647903614775675 6.865933673655442
262 6.2647903614775675 7.055934998312072
263 6.2647903614775675 6.430619476965043
264 6.2647903614775675 6.285917731494218
265 6.2647903614775675 6.287099942598279
266 6.2647903614775675 7.460032993802389
267 6.2647903614775675 6.28731376825899
268 6.2647903614775675 6.979826410892592
269 6.2647903614775675 6.287166495373742
270 6.2647903614775675 6.5323476761336625
271 6.2647903614775675 6.417671043828238
272 6.2647903614775675 6.418915287165615
273 6.2647903614775675 6.890650790171053
274 6.2647903614775675 7.308255855049614
275 6.2647903614775675 6.287095819955263
276 6.2647903614775675 6.682647809053144
277 6.2647903614775675 6.886269514986765
278 6.2647903614775675 8.058347514516209
279 6.2647903614775675 6.638396038780389
280 6.2647903614775675 7.1212039554781335
281 6.2647903614775675 6.285166384872967
282 6.2647903614775675 7.034045145464903
283 6.2647903614775675 6.284896148481331
284 6.2647903614775675 6.824738141492968
285 6.2647903614775675 6.76620699415448
286 6.2647903614775675 7.68485690736194
287 6.2647903614775675 8.118587562996106
288 6.2647903614775675 6.571300894032576
289 6.2647903614775675 7.891282640591879
290 6.2647903614775675 8.470918216985549
291 6.2647903614775675 6.449273127577093
292 6.2647903614775675 6.907460619652759
293 6.2647903614775675 7.4204286981349705
294 6.2647903614775675 7.753317875952978
295 6.264783003947684 6.283581220002336
296 6.264783003947684 6.28388279092335
297 6.264783003947684 6.868825360971265
298 6.264783003947684 6.490152037249543
299 6.264783003947684 6.976194788705125
300 6.264783003947684 6.7881207799327
301 6.264695517287821 7.70612413344292
302 6.264695517287821 6.464067662617731
303 6.264695517287821 7.065615702511107
304 6.264695517287821 8.392113690935451
305 6.264695517287821 7.685088653408082
306 6.264695517287821 7.478333718760825
307 6.264695517287821 7.918929835179828
308 6.264695517287821 6.947353119346071
309 6.264695517287821 6.935221009842502
310 6.264695517287821 7.020165854312283
311 6.264695517287821 7.265053738691299
312 6.264695517287821 6.575961990930548
313 6.264695517287821 6.282977609971914
314 6.264695517287821 8.666901681041173
315 6.264695517287821 8.125075233051247
316 6.264695517287821 6.798452616768767
317 6.264695517287821 7.505864410199415
318 6.264695517287821 7.77182976368416
319 6.264695517287821 6.710854166527717
320 6.264695517287821 7.257497173092794
321 6.264695517287821 8.023912811327351
322 6.264695517287821 6.898964326888502
323 6.264695517287821 6.666673458801267
324 6.264695517287821 7.221593037680463
325 6.264695517287821 7.882240636735763
326 6.264695517287821 6.7200976268534065
327 6.264695517287821 6.589312651588897
328 6.264695517287821 7.400964473807001
329 6.264695517287821 7.401378194901396
330 6.264695517287821 8.893724398970349
331 6.264695517287821 7.241988959968403
332 6.264363846511168 6.643445639940061
333 6.264363846511168 6.639338973925042
334 6.264363846511168 6.800628117251398
335 6.264363846511168 8.325363444392346
336 6.264363846511168 7.547616744318768
337 6.264363846511168 6.331256813090049
338 6.264363846511168 6.283399143675649
339 6.264363846511168 6.90634627948209
340 6.264363846511168 6.8301091137414405
341 6.264363846511168 6.852849237704994
342 6.264363846511168 7.287861105096424
343 6.264363846511168 6.934851807396097
344 6.264363846511168 6.680656485039081
345 6.264349593856901 6.6018199780738005
346 6.264349593856901 6.831864799233308
347 6.264349593856901 6.2933652995866005
348 6.264349593856901 6.868038729754493
349 6.264349593856901 6.291493415835198
350 6.264349593856901 7.065217210438534
351 6.264349593856901 7.575459778044876
352 6.264349593856901 7.605820340934498
353 6.264349593856901 6.562880671724286
354 6.264349593856901 6.508310503406173
355 6.264349593856901 6.4722805175881355
356 6.264349593856901 6.68538425184887
357 6.264349593856901 8.008305475839187
358 6.264349593856901 8.001194532635052
359 6.264349593856901 7.772827483759
360 6.264349593856901 7.528022302148081
361 6.264349593856901 8.033466707498603
362 6.264349593856901 7.501016049775675
363 6.264311572311753 7.719646813382073
364 6.264311572311753 7.46834471135735
365 6.264311572311753 7.04400552655807
366 6.264287203164857 8.050691143029855
367 6.264287203164857 6.816752210651963
368 6.264287203164857 6.924858985567656
369 6.264242926515619 10.407877679360416
370 6.264242926515619 7.241514859866388
371 6.264242538652491 8.192919122426854
372 6.264242538652491 7.512715418860609
373 6.264242538652491 8.43051543868334
374 6.264242538652491 8.709517914931052
375 6.263580253442585 6.910145853719479
376 6.263580253442585 7.281278187658149
377 6.263580253442585 6.874926760770685
378 6.263580253442585 6.381533296073527
379 6.263580253442585 6.655545052921362
380 6.263580253442585 6.457085566416587
381 6.263580253442585 7.938729299301793
382 6.263580253442585 8.876186648303527
383 6.263578204999446 6.892694588383663
384 6.263578204999446 7.2171017682500995
385 6.263538091164774 6.421364321471536
386 6.258104999903294 8.028020772133852
387 6.258104999903294 8.04015631335671
388 6.258104999903294 7.023375806431346
389 6.256370543609966 6.92407462071856
390 6.256370543609966 7.95324428665514
391 6.256363815554087 6.684009197463119
392 6.256363815554087 7.877285459825546
393 6.255192154826348 6.278279857381389
394 6.255192154826348 7.125645136380885
395 6.255192154826348 7.188698126577837
396 6.2368807374372075 6.599662615166648
397 6.2368807374372075 7.9813560793771385
398 6.2368462251961905 6.497561995411901
399 6.236808235585105 6.645695427271518
400 6.236721068716879 6.276522848211275
401 6.23528677820163 6.696544080664506
402 6.231348905641761 7.501180133859201
403 6.231237092388271 6.630034842800848
404 6.231237092388271 6.279872466410402
405 6.231236770745673 8.399104726576402
406 6.227684627912277 6.278820429633214
407 6.227684627912277 8.43883570965298
408 6.227684627912277 9.576879425563725
409 6.224878675829192 6.853874954525195
410 6.2248635095234555 6.482256293358149
411 6.2248635095234555 7.45741059138879
412 6.2248635095234555 7.266376063237455
413 6.224851669347235 6.6010364370263686
414 6.224851669347235 8.143723632742967
415 6.224851669347235 6.2742114066531585
416 6.224851669347235 6.277207189587237
417 6.224851669347235 6.276610928332142
418 6.224851669347235 6.736616898016325
419 6.224851669347235 7.452672516939454
420 6.224849209727482 6.953132838814979
421 6.22482682639891 7.062066147209586
422 6.22482682639891 6.924953755697158
423 6.224795649206955 7.235302141219144
424 6.224795649206955 6.978978094902608
425 6.224795649206955 7.101662563626425
426 6.224795649206955 6.997031980744801
427 6.224795649206955 9.144786226547202
428 6.224795649206955 6.812423574626171
429 6.224795649206955 6.757552310786508
430 6.224795649206955 8.594397821925337
431 6.224795649206955 7.155530124397691
432 6.224795649206955 7.659130979627474
433 6.224795649206955 6.442437432057419
434 6.224795649206955 6.55095444155557
435 6.224795649206955 7.847114310508756
436 6.224795649206955 6.55728238727098
437 6.224795649206955 6.657538704202413
438 6.224795649206955 6.874203326456077
439 6.224795649206955 6.800902627522654
440 6.224795649206955 6.650146856479344
441 6.224790086683223 7.050231878186501
442 6.224790086683223 7.19432101525933
443 6.224790086683223 7.1371650016130115
444 6.224790086683223 7.658442526317848
445 6.224790086683223 7.255454177882414
446 6.224790086683223 7.071081989755616
447 6.224790086683223 8.249560361731502
448 6.224790086683223 7.39763967513872
449 6.224790086683223 6.262916310159651
450 6.22478670942345 6.937574581635293
451 6.22478670942345 6.5507552198274395
452 6.22478670942345 7.214045954404366
453 6.22478670942345 7.186063437199898
454 6.22478670942345 7.632461545270678
455 6.22478670942345 7.880717905414347
456 6.22478670942345 6.515003660796058
457 6.22478670942345 6.263972720188369
458 6.22478670942345 6.276527835563477
459 6.22478670942345 6.874945707217087
460 6.22478670942345 7.550818270834186
461 6.22478670942345 6.263788155113137
462 6.22478670942345 6.665838571116754
463 6.22478670942345 8.068298835589706
464 6.224781686136675 7.881201144625977
465 6.224781686136675 8.175181899351582
466 6.224781686136675 7.544956731745806
467 6.224781686136675 7.398735425850507
468 6.224781686136675 7.309559331321354
469 6.224781686136675 7.190038262218836
470 6.224781686136675 7.468290079136372
471 6.224781686136675 7.199602408385683
472 6.224781686136675 7.434920007839857
473 6.224781686136675 8.022361602287765
474 6.224781686136675 6.2624462896202235
475 6.224781686136675 6.550198100991144
476 6.224781686136675 6.260035534669734
477 6.224781686136675 6.256701266411007
478 6.224781686136675 6.255183500923951
479 6.224778545391539 6.807345677410793
480 6.224778545391539 7.331185685325692
481 6.224778545391539 6.428045722166308
482 6.224778545391539 7.283081873659158
483 6.224778545391539 6.272081676403096
484 6.224778545391539 6.548790483184157
485 6.224778545391539 6.975649910624669
486 6.224778545391539 7.3046359078236325
487 6.224582178613188 7.678566824611089
488 6.224528879055393 8.422535346596396
489 6.224528879055393 7.668309683479647
490 6.224528879055393 6.342445129054761
491 6.224528879055393 7.695087911130879
492 6.224528879055393 6.387665001850529
493 6.224528879055393 6.907426361392613
494 6.224473816826086 8.213980423825669
495 6.224473816826086 6.390231445513762
496 6.224473816826086 6.251567803759013
497 6.224473816826086 6.996316334225587
498 6.224473816826086 7.621193870337071
499 6.224441769925166 8.145087866480532
500 6.224441769925166 6.987787259677508
501 6.224441769925166 7.36564885274361
502 6.224428346091843 6.463725708612127
503 6.224399212274074 7.11324212095349
504 6.224399212274074 7.472654342010137
505 6.224399212274074 6.410453694016955
506 6.224399212274074 6.424556004915936
507 6.224399212274074 6.735061791465816
508 6.224399212274074 6.465042947937666
509 6.224399212274095 6.321074941940975
510 6.224399212274095 6.918191898061508
511 6.224399212274095 7.7890421263641665
512 6.224399212274095 7.430671602767535
513 6.224399212274095 11.460770577652527
514 6.224393907039003 7.196271844685982
515 6.224393907039003 6.431629073971964
516 6.224393907039003 6.4468388563731205
517 6.224393907039003 6.659446835810203
518 6.224393907039003 8.552440603612261
519 6.224385506492455 7.159813052174416
520 6.224385506492455 6.435603206946432
521 6.224385506492455 6.275744071557186
522 6.224376803223587 6.567399289726297
523 6.224376803223587 6.445695901584828
524 6.224376803223587 6.263976134246843
525 6.224376803223587 8.33654475371952
526 6.224376803223587 7.487709226656659
527 6.224376803223587 6.880200911773852
528 6.224376803223587 6.878670623865079
529 6.224376803223587 6.388662861337715
530 6.224376803223587 7.144658855499859
531 6.224376803223587 6.612187286673253
532 6.224376803223587 6.498218254634521
533 6.224376803223587 7.593444689934893
534 6.224374920681948 7.109565206166227
535 6.224374920681948 6.393699371086131
536 6.224374920681948 6.851271048623114
537 6.224371779936812 6.226728753382142
538 6.224371779936812 6.97549781463443
539 6.224371779936812 6.649854360680784
540 6.224371779936812 6.673278382233158
541 6.224371779936812 6.380791306152242
542 6.224371779936812 6.254717057333624
543 6.224371779936812 6.251150839401188
544 6.224371779936812 8.875758227016638
545 6.224371779936812 7.914986173820937
546 6.224371779936812 6.768226429090504
547 6.224371779936812 7.9267219640401105
548 6.224371779936812 7.401947375702498
549 6.224371779936812 6.246101443408064
550 6.224371779936812 7.536958038961151
551 6.224371779936812 7.859837014863809
552 6.224355967494512 7.129887091535343
553 6.224355967494512 7.371792097308669
554 6.224355967494512 6.849211819471313
555 6.224355967494512 6.319818368894513
556 6.224355967494512 8.90247327080264
557 6.224355967494512 7.625233621603975
558 6.224355967494512 6.986311420114244
559 6.224355967494512 7.975669253519269
560 6.224355967494512 8.195239904928602
561 6.224355967494512 7.754720587931131
562 6.224355967494512 7.280797615419056
563 6.224347566947964 7.407107009883845
564 6.224347566947964 7.288403669849019
565 6.224347566947964 6.5766800928196325
566 6.224347566947964 6.848525260669406
567 6.224347566947964 6.671412876795601
568 6.224347566947964 6.233003218007083
569 6.224347566947964 6.71795931553461
570 6.224347566947964 6.645538790140292
571 6.224347566947964 9.663305318327886
572 6.224347566947964 6.863715285151426
573 6.224347566947964 8.057085950705476
574 6.224347566947964 6.921721397654783
575 6.224347566947964 7.35379067318176
576 6.149558108285568 6.383718430503974
577 6.149402812168415 6.23839577046339
578 6.149383608219496 6.235436675519695
579 6.149383608219496 6.235830346860038
580 6.149383608219496 7.362149505651388
581 4.980749201593689 7.259938136531235
582 4.980749201593689 6.755710377993496
583 4.980749201593689 6.6115581133579155
584 4.980749201593689 7.043027820474067
585 4.980749201593689 6.468411109109527
586 4.980749201593689 6.415402703774999
587 4.980749201593689 6.772859331968947
588 4.979043848580311 7.3727437105541265
589 4.978995391262911 6.792799384790043
590 4.978995391262911 7.561453245262364
591 4.978995391262911 6.308894891999901
592 4.97899511455568 6.037529422591172
593 4.978994792913081 6.00752826631913
594 4.978973356450233 7.379950144045234
595 4.978973356450233 7.75452686045399
596 4.978973356450233 7.4072625134369074
597 4.978973356450233 7.517235471048817
598 4.978973356450233 5.691186720940998
599 4.978973034807634 8.755951121523804
600 4.978973034807634 7.1960341874368074
601 4.978973034807634 8.476330224342442
602 4.978973034807634 6.464082147419572
603 4.978973034807634 6.535602350725728
604 4.978973034807634 5.698662211955746
605 4.978973034807634 6.3239206595566655
606 4.978973034807634 5.342780334569387
607 4.978973034807634 6.0604998383976305
608 4.978973034807634 5.089533332851942
609 4.978973034807634 5.620680243860345
610 4.978973034807634 6.612441291728353
611 4.978973034807634 5.069528693746173
612 4.978973034807634 5.44057934663189
613 4.978973034807634 5.866323073741196
614 4.978973034807634 6.356058450402468
615 4.978973034807634 5.697416059566628
616 4.978973034807634 5.447868604623348
617 4.978973034807634 6.134374828221536
618 4.978973034807634 6.055228126509795
619 4.978973034807634 5.756267195630609
620 4.978973034807634 6.106644829604131
621 4.978973034807634 5.624818020954268
622 4.978973034807634 7.370294511460144
623 4.978973034807634 5.308734652720302
624 4.978973034807634 5.510513982272313
625 4.978973034807634 6.082641303503532
626 4.978973034807634 6.510539929800408
627 4.978973034807634 5.590748710700816
628 4.978973034807634 6.08493156265437
629 4.978973034807634 4.998588389670093
630 4.978973034807634 6.879622343299122
631 4.978973034807634 6.4680413972229385
632 4.978973034807634 5.914147128346454
633 4.978973034807634 6.030538857818203
634 4.978973034807634 5.824602420273855
635 4.978973034807634 5.592018007618771
636 4.978973034807634 5.163825252168155
637 4.978973034807634 7.150850748008967
638 4.978973034807634 6.099786951744404
639 4.978973034807634 4.979871130025236
640 4.978973034807634 4.979878569350374
641 4.978973034807634 4.979864954182543
642 4.978973034807634 5.1736009779485395
643 4.978973034807634 5.191803984412546
644 4.978973034807634 5.272860300650833
645 4.978973034807634 5.053231752072898
646 4.978973034807634 5.053208219449259
647 4.978973034807634 4.979802071186527
648 4.978973034807634 4.979839989644742
649 4.978973034807634 5.355509623700446
650 4.978973034807634 5.789068644094226
651 4.978973034807634 6.11393498641926
652 4.978973034807634 5.316537022120652
653 4.978973034807634 4.979960402741716
654 4.978973034807634 5.2384476307703185
655 4.978973034807634 6.141298000205259
656 4.978973034807634 5.275046006654442
657 4.978973034807634 5.813385622720671
658 4.978973034807634 7.467083039324782
659 4.978973034807634 5.416814884046462
660 4.978973034807634 5.122794820296991
661 4.978973034807634 5.27905026953017
662 4.978973034807634 7.00928999397434
663 4.978973034807634 7.63329690384316
664 4.978973034807634 6.463199911809928
665 4.978973034807634 6.337900944472433
666 4.978973034807634 5.57061251243189
667 4.978973034807634 5.1567544687488684
668 4.978973034807634 5.906500456725318
669 4.978973034807634 5.52347015554572
670 4.978973034807634 6.56781575798282
671 4.978973034807634 6.401027587030358
672 4.978973034807634 6.935042663196966
673 4.978973034807634 7.592031754414806
674 4.978973034807634 6.754185368941924
675 4.978973034807634 6.57769810789787
676 4.978973034807634 6.123827311743138
677 4.978973034807634 5.529394571129979
678 4.978973034807634 5.20125480902926
679 4.978973034807634 5.380707081806642
680 4.978973034807634 6.1501999259464375
681 4.978973034807634 5.950428141227705
682 4.978973034807634 4.979740574120068
683 4.978973034807634 4.979723133610521
684 4.978973034807634 4.979775909425
685 4.978973034807634 5.158281810573905
686 4.978973034807634 5.653072484909063
687 4.978973034807634 6.1410920681780885
688 4.978973034807634 6.1873175476418
689 4.978973034807634 5.638085560695953
690 4.978973034807634 6.038178760145871
691 4.978973034807634 8.424168613994494
692 4.978973034807634 5.2946010691968715
693 4.978973034807634 5.974660775139415
694 4.978973034807634 5.1577580644300305
695 4.978973034807634 5.258382389668418
696 4.978973034807634 6.446161996957922
697 4.978973034807634 5.288112062103879
698 4.978973034807634 6.4299593136925965
699 4.978973034807634 5.480148679941895
700 4.978973034807634 5.125959384849623
701 4.978973034807634 6.752725343076503
702 4.978973034807634 5.974595347452321
703 4.978973034807634 6.204252194625987
704 4.978973034807634 5.127684324660041
705 4.978973034807634 5.564597800428846
706 4.978973034807634 5.070889911282148
707 4.978973034807634 6.026065440921826
708 4.978973034807634 5.273885042398113
709 4.978973034807634 5.272523434188338
710 4.978973034807634 6.162155947498729
711 4.978973034807634 8.232175508662088
712 4.978973034807634 8.45393056103579
713 4.978973034807634 6.810063052099029
714 4.978973034807634 7.241692616068455
715 4.978973034807634 5.280527407582293
716 4.978973034807634 5.8992670472527005
717 4.978973034807634 5.779110169914299
718 4.978973034807634 7.13033966439956
719 4.978973034807634 7.131132207862415
720 4.978973034807634 6.094966080634389
721 4.978973034807634 6.79024446027881
722 4.978973034807634 6.413750231296722
723 4.978973034807634 6.350265126209965
724 4.978973034807634 6.455621262580901
725 4.978973034807634 5.321180475679565
726 4.978973034807634 6.6271314936230725
727 4.978973034807634 7.78414608207319
728 4.978973034807634 6.121009690006398
729 4.978973034807634 5.39958958636507
730 4.978973034807634 6.638450448470268
731 4.978973034807634 5.580591787390956
732 4.978973034807634 6.1475710312777085
733 4.978973034807634 6.656996245349664
734 4.978973034807634 6.12959010701329
735 4.978973034807634 5.194982013834949
736 4.978973034807634 5.146682449957082
737 4.978973034807634 5.078921174995717
738 4.978973034807634 5.500031721974901
739 4.978973034807634 4.980064321433509
740 4.978973034807634 7.103475719072248
741 4.978973034807634 6.1341168004649465
742 4.978973034807634 7.511787578813455
743 4.978973034807634 7.205027142742536
744 4.978973034807634 6.041434097254571
745 4.978973034807634 5.65641869975045
746 4.978973034807634 6.554728271825708
747 4.978973034807634 8.380686709297278
748 4.978973034807634 6.275918790748906
749 4.978973034807634 5.779668267231257
750 4.978973034807634 8.287737931344939
751 4.978973034807634 6.680626306954964
752 4.978973034807634 5.894382589462391
753 4.978973034807634 5.669358344309685
754 4.978973034807634 5.309520567698794
755 4.978973034807634 6.204270136103422
756 4.978973034807634 6.140782012221966
757 4.978973034807634 6.445078242703857
758 4.978973034807634 5.243350834575719
759 4.978973034807634 5.0270042761087685
760 4.978973034807634 4.979468535530861
761 4.978973034807634 6.8330222867382595
762 4.978973034807634 7.33335053847819
763 4.978973034807634 6.608710194043304
764 4.978973034807634 5.271176869277869
765 4.978973034807634 5.916311225858947
766 4.978971042253921 6.917718433402355
767 4.978971042253921 5.87325066526785
768 4.978971042253921 7.297226247011296
769 4.978971042253921 5.701916233480392
770 4.978971042253921 6.693466731402659
771 4.978971042253921 6.263035471277755
772 4.978971042253921 5.051885638978297
773 4.978900869401421 5.642926735070318
774 4.978900869401421 5.616994717811923
775 4.978900547758823 5.838888091827415
776 4.978900547758823 6.789868467048459
777 4.978900547758823 5.373334333097571
778 4.978900547758823 6.325683059416556
779 4.978900547758823 7.064525685037293
780 4.978816174441 6.249149563057066
781 4.978816174441 7.713434331874537
782 4.978748076328664 6.739178973154712
783 4.978748076328664 5.17880094630052
784 4.978748076328664 5.374722852250614
785 4.978748076328664 5.615463789177415
786 4.978748076328664 6.851657355155847
787 4.978748076328664 7.743244310116791
788 4.978748076328664 6.611962700145415
789 4.978748076328664 4.979679460509141
790 4.978748076328664 5.444282734805444
791 4.978747754686065 9.210192936591882
792 4.978747754686065 6.699507292576697
793 4.978747754686065 5.180489507084072
794 4.978741480307384 5.783203546026779
795 4.978741480307384 6.731314874193449
796 4.978741480307384 6.296062553456463
797 4.978741480307384 5.244028258456978
798 4.978741158664786 5.131518157404774
799 4.978741158664786 6.221237499301159
800 4.978741158664786 5.1987484393026815
801 4.978741158664786 6.500262424273964
802 4.978741158664786 5.365342688766915
803 4.978741158664786 5.868435150849398
804 4.978741158664786 7.138021119003975
805 4.978741158664786 6.986429833936066
806 4.978402744782322 5.554152846450304
807 4.978402744782322 6.883482171844941
808 4.978402744782322 7.1043935291327935
809 4.978402744782322 5.638579129483253
810 4.978402744782322 5.887993739412958
811 4.978402744782322 5.441712692827387
812 4.978402744782322 5.158424999152992
813 4.978402744782322 5.065810542265458
814 4.978402744782322 5.660097877906159
815 4.97798711477224 6.599898695981162
816 4.97798711477224 6.771837642879648
817 4.97798711477224 5.8436659449244
818 4.97798711477224 5.199145749734973
819 4.97798711477224 6.1299175559543695
820 4.97798711477224 7.443042402177997
821 4.97798711477224 5.9892785910964585
822 4.97798711477224 5.617726288512075
823 4.97798711477224 6.391408868785085
824 4.97798711477224 6.092349094654818
825 4.97798711477224 7.003724337767385
826 4.97798711477224 7.622623055658951
827 4.97798711477224 6.6234687404769055
828 4.97798711477224 6.017801570446489
829 4.97798711477224 5.3940068335328295
830 4.97798711477224 5.630598986190657
831 4.97798711477224 6.858686373534764
832 4.97798711477224 6.674278299954386
833 4.97798711477224 6.044078588230749
834 4.97798711477224 5.8765250439017755
835 4.97798711477224 6.0713170444607805
836 4.97798711477224 7.846412194906652
837 4.97798711477224 6.491599193712727
838 4.97798711477224 6.719081876276274
839 4.97798711477224 5.667001926928304
840 4.97798711477224 6.401568434286435
841 4.97798711477224 7.661783788088118
842 4.97798711477224 6.979587232927251
843 4.97798711477224 6.080290574777714
844 4.97798711477224 5.86422426579221
845 4.97798711477224 5.0412943608080685
846 4.97798711477224 6.953480655490681
847 4.97798711477224 7.9288198546379185
848 4.97798711477224 6.139864522215326
849 4.97798711477224 5.25871641023183
850 4.97798711477224 5.488503344985422
851 4.97798711477224 6.511194741469791
852 4.97798711477224 5.493633753368625
853 4.97798711477224 5.323108586275907
854 4.97798711477224 4.984772246555988
855 4.97798711477224 6.203611927798405
856 4.97798711477224 5.999329520825011
857 4.97798711477224 5.534696121886396
858 4.97798711477224 5.879056362652972
859 4.97798711477224 8.22419643159569
860 4.97798711477224 5.50687693295427
861 4.97798711477224 7.124537121389669
862 4.97798711477224 6.393419594017241
863 4.97798711477224 6.016876169379161
864 4.97798711477224 7.06214866112779
865 4.97798711477224 7.194999499136542
866 4.97798711477224 6.0127494375265895
867 4.97798711477224 5.444746739780215
868 4.97798711477224 7.187527757169255
869 4.97798711477224 7.413595606133899
870 4.97798711477224 7.781941498158693
871 4.97798711477224 5.521048640957527
872 4.97798711477224 6.016591604053236
873 4.97798711477224 6.1621160660648275
874 4.97798711477224 6.110981743680764
875 4.97798711477224 5.209599497291895
876 4.97798711477224 7.949236727892209
877 4.97798711477224 6.338796978668913
878 4.97798711477224 5.539915867739254
879 4.97798711477224 5.251124350579581
880 4.97798711477224 5.692511672097487
881 4.97798711477224 5.3710614919238715
882 4.97798711477224 6.059687170795741
883 4.97798711477224 5.7831307422175176
884 4.97798711477224 5.401878241954444
885 4.97798711477224 6.882140679553812
886 4.97798711477224 5.2688372233062175
887 4.97798196376529 7.798116035118658
888 4.97798196376529 6.286103377010696
889 4.97798196376529 5.459644053830337
890 4.97798196376529 5.921786595935425
891 4.97798196376529 5.936072190432978
892 4.97798196376529 5.146530610470098
893 4.977981325210152 5.206870444593228
894 4.977981325210152 6.170948391341135
895 4.977981325210152 5.659944229982267
896 4.977981325210152 6.685645022054214
897 4.977964354034803 7.0521334234262225
898 4.977964354034803 6.31971166129237
899 4.977964354034803 6.162229810111793
900 4.977964354034803 6.201994924793906
901 4.977964354034803 8.104073679243609
902 4.977964354034803 6.428391210681409
903 4.977963483720103 6.552922946090568
904 4.977963483720103 8.128629609987527
905 4.977963483720103 5.884805333411724
906 4.977963483720103 6.240532832889106
907 4.977963483720103 5.032341177334065
908 4.977963483720103 6.399718205176498
909 4.977963483720103 5.893246500785847
910 4.977963483720103 5.3147830617609335
911 4.977963483720103 6.568587954928541
912 4.977963483720103 5.419103280484793
913 4.977963483720103 5.854493094095147
914 4.977963483720103 6.2217797553082015
915 4.977963483720103 5.431049860794312
916 4.977963483720103 5.61977030757738
917 4.977963483720103 5.655215155153206
918 4.977963483720103 5.610485002018654
919 4.977963483720103 5.387994137676094
920 4.977963483720103 6.417539156083717
921 4.977963483720103 6.396991051323381
922 4.977963483720103 5.993046390301117
923 4.977963483720103 6.878254387541995
924 4.977963483720103 6.113296591796463
925 4.977963483720103 5.6645419847853065
926 4.977943144785058 5.250690414506883
927 4.977943144785058 6.177331142754772
928 4.977943144785058 6.21947970625113
929 4.977943144785058 5.234693993862242
930 4.977943144785058 6.939005173017038
931 4.977943144785058 6.343974166517487
932 4.977943144785058 5.833599750588343
933 4.977943144785058 8.4198968135857
934 4.977943144785058 7.194950857341374
935 4.977943144785058 6.527879207775413
936 4.977943144785058 5.947667241706208
937 4.977943144785058 5.503352972365978
938 4.977943144785058 5.96755757757202
939 4.977943144785058 7.059297221919922
940 4.977943144785058 6.216498329629965
941 4.977943144785058 7.285309313113726
942 4.977943144785058 7.826706880682531
943 4.977943144785058 7.112039587765438
944 4.977943144785058 6.871188859321012
945 4.977943144785058 5.90397934094774
946 4.977943144785058 6.331730701910068
947 4.977943144785058 6.580365380594194
948 4.977943144785058 5.266531455979084
949 4.977943144785058 6.124471892558324
950 4.977943144785058 4.982346509596355
951 4.977943144785058 6.315131867236982
952 4.977943144785058 7.143302117726064
953 4.977943144785058 6.311418013300999
954 4.977943144785058 5.110847742548272
955 4.977943144785058 6.2028476285136245
956 4.977943144785058 5.528492718429606
957 4.977943144785058 5.644771403756912
958 4.977943144785058 5.475849266905324
959 4.977943144785058 6.948356841770784
960 4.977872988948626 5.9322736954054855
961 4.977872988948626 7.930599585534356
962 4.977872988948626 6.4914789494781795
963 4.977872988948626 6.3664205034476815
964 4.977872988948626 5.933444972521491
965 4.977872988948626 6.145019207799464
966 4.977872988948626 6.062941821436279
967 4.977872988948626 6.279055324565679
968 4.977872988948626 6.107097451444465
969 4.977872988948626 5.218072675053779
970 4.977872988948626 6.295477013867996
971 4.977872988948626 5.111263643468169
972 4.977872988948626 5.074606558641167
973 4.977872988948626 5.550832362399656
974 4.977872988948626 5.339870309306119
975 4.977872988948626 5.706861829415443
976 4.977872988948626 5.37505468202522
977 4.977872988948626 5.999257627993162
978 4.977872988948626 5.191225936020709
979 4.977872988948626 5.665623082809402
980 4.977872988948626 5.350386571627339
981 4.977872988948626 7.214802899233966
982 4.977872988948626 6.189108151746699
983 4.977872988948626 6.745436888271058
984 4.977872988948626 6.541670362686023
985 4.977872988948626 6.356450262570008
986 4.977872988948626 7.928042149048548
987 4.977872988948626 5.7706426902195584
988 4.977872988948626 5.485908426954766
989 4.977872988948626 5.282079720549743
990 4.977869072477247 6.789393209334306
991 4.977869072477247 5.825138986221253
992 4.977869072477247 5.387452935931148
993 4.977869072477247 5.406639094389235
994 4.977869072477247 7.903455137958481
995 4.977869072477247 6.601141409938265
996 4.977869072477247 6.308837403923425
997 4.977869072477247 7.170970642016003
998 4.977869072477247 6.6431562115863105
999 4.977869072477247 5.544667818007769
