# iteración mejor promedio
0 104.14574146973072 187.97700792749401
1 104.14574146973072 181.4510943229247
2 101.61716919535864 175.85594814820485
3 84.85190883267718 174.50744785141748
4 84.85190883267718 173.43489034030543
5 84.85190883267718 166.35660163887266
6 84.85190883267718 161.74625878070162
7 84.85190883267718 159.81935175259215
8 81.54189226978754 151.40884884421965
9 81.54189226978754 150.37467545221992
10 81.54189226978754 146.30308189415678
11 63.46939518933924 142.60705115596312
12 63.46939518933924 137.0783201323805
13 62.546990715075424 132.68687840035426
14 62.546990715075424 125.35442258566405
15 61.75197528474571 125.76681681223154
16 61.75197528474571 120.624599211058
17 54.5659347157515 115.34483235570882
18 54.502102539457674 112.3317737032574
19 53.74319160346095 105.0270159149326
20 44.61537560709772 106.42800279164744
21 44.61537560709772 104.03991204390111
22 44.61537560709772 98.18170003698597
23 41.10069096062195 95.69333495293853
24 38.83012934110418 93.18583225360828
25 38.83012934110418 87.76872880764871
26 35.63823982113 85.2293998395099
27 34.8073574683509 80.00498788887975
28 34.8073574683509 80.15977653554593
29 30.769006760335266 78.54914610063175
30 30.769006760335266 77.18973902838337
31 26.969483280105944 72.14542404528004
32 23.269970414187945 67.94715130759842
33 22.97995916635415 65.36405140933424
34 22.97995916635415 63.48811491607503
35 22.618543024462284 63.01208065727497
36 22.618543024462284 59.77455041093571
37 22.618543024462284 57.34941560287231
38 14.130593579490224 54.36101755313159
39 14.130593579490224 52.52717625379724
40 14.130593579490224 47.98156381142422
41 14.130593579490224 46.29673925417429
42 14.130593579490224 44.781570047952044
43 13.47113928388997 40.132734772761495
44 13.47113928388997 38.283182594923474
45 11.996415489408768 33.567513725083835
46 11.996415489408768 32.0922599968933
47 11.307863876696002 31.628178990827056
48 11.307863876696002 29.73092627665252
49 10.730740390774622 29.02611482130953
50 10.730740390774622 27.6414934194742
51 9.635852446629118 23.987793719670908
52 9.488700151788237 23.95633625242407
53 9.152523752833188 19.79501272227544
54 7.561926147671105 20.176424035060364
55 7.561926147671105 18.61760992879505
56 7.384491434398376 18.09754327469277
57 7.384491434398376 16.813170250221134
58 7.384491434398376 17.985278772050307
59 7.384491434398376 16.32702829938744
60 7.384338938130048 16.554653267241605
61 7.384338938130048 14.995878082917875
62 7.26645082188441 15.645566299486957
63 7.1652829769204285 15.068135692736616
64 7.107357582715869 13.019550080159043
65 7.0145028533997795 12.133390637070228
66 7.0145028533997795 11.594506424048333
67 6.825920835177799 12.370785163196778
68 6.6732537188146335 10.716843488249738
69 6.6732537188146335 11.288872619763115
70 6.521942106266144 11.268980328301033
71 6.521942106266144 11.15414065853826
72 6.521942106266144 10.751888314879812
73 6.521942106266144 11.565993732337864
74 6.521942106266144 11.180792995795757
75 6.521942106266144 11.2104706936647
76 6.521942106266144 11.240408649924264
77 6.508666432435531 11.224995200968134
78 6.503950058840941 12.063580707710024
79 6.439104058844096 12.18396972553732
80 6.439104058844096 11.724906979292152
81 6.439104058844096 11.79635115544791
82 6.392715505148617 10.46284920878679
83 6.392715505148617 12.333934677948802
84 6.392715505148617 10.777165844995544
85 6.358736740112928 9.766325470967843
86 6.356827468369925 10.816784790388967
87 6.354258936317773 10.22480033019412
88 6.343486643998991 9.070677366918478
89 6.337376107852306 9.571722226443605
90 6.336345358235052 10.774934000234357
91 6.319185258836599 10.664358555972337
92 6.3182233885176124 10.542271554337558
93 6.292028279979041 8.965469186711864
94 6.292028279979041 10.830305796059763
95 6.286995401455288 8.448224952017522
96 6.285262177410395 7.594199556335046
97 6.271661481329083 8.297822200890815
98 6.271661481329083 8.676039910458885
99 6.271661481329083 7.156612164505654
100 6.238206874261627 7.626523999807376
101 6.238206874261627 6.75182736732496
102 6.23274564479067 7.3766562157863325
103 6.230848388651257 6.979662660636719
104 6.230661257518609 6.973661011312011
105 6.2302264497739 6.630253726265411
106 6.2302264497739 7.391170245708532
107 6.2302264497739 8.316090856746882
108 6.2302264497739 7.820231800515035
109 6.2302264497739 9.572451835424662
110 6.2302264497739 7.505064077746742
111 6.22007216051969 10.80701449483501
112 6.22007216051969 10.39873550797731
113 6.22007216051969 7.97312156214798
114 6.21357507921064 7.164310177097187
115 6.21357507921064 8.083248082108065
116 6.213400333158644 7.15425515359712
117 6.213400333158644 6.44047803480357
118 6.213400333158644 8.071843901928363
119 6.213400333158644 7.4070331885808605
120 6.213400333158644 7.600512714317166
121 6.213400333158644 7.571525966931102
122 6.213324436734192 7.850941089912396
123 6.213324436734192 6.733523245323674
124 6.213324436734192 6.405476458456384
125 6.213324436734192 7.426290272594521
126 6.211151317834792 6.400807891187572
127 6.211151317834792 6.39257927675371
128 6.208405328637296 8.517522991285297
129 6.206313078529375 6.6339687262565175
130 6.206313078529375 8.702985603080055
131 6.206313078529375 7.2711450038615
132 6.206313078529375 7.12540613165684
133 6.206313078529375 6.561347259941893
134 6.206313078529375 7.046251038931362
135 6.206313078529375 6.95998917912836
136 6.206313078529375 6.793124067875311
137 6.206313078529375 6.930747222266508
138 6.206313078529375 7.503038675029274
139 6.206313078529375 7.009135528608692
140 6.206313078529375 7.400542772501981
141 6.206313078529375 7.4500826991134605
142 6.206313078529375 8.20104023272993
143 6.206313078529375 6.316763261702855
144 6.206313078529375 7.03808292509889
145 6.206313078529375 7.787849666442388
146 6.206313078529375 10.44870365781494
147 6.206313078529375 8.702132221751455
148 6.206313078529375 8.403170260345721
149 6.200544178368176 7.1354236361448695
150 6.200544178368176 8.141029456667788
151 6.200544178368176 8.156483079439148
152 6.200521034401616 7.346974747003235
153 6.200521034401616 7.636125624013217
154 6.200521034401616 7.519474775045658
155 6.20026004081984 7.610062674509524
156 6.20026004081984 7.998936355634289
157 6.200133678140119 7.811003244302688
158 6.200133678140119 6.783592656710382
159 6.200133678140119 7.299191715042932
160 6.200133678140119 7.630722475904824
161 6.200133678140119 6.282722801179342
162 6.200133678140119 6.279882437902746
163 6.200133678140119 6.279416945125862
164 6.200133678140119 7.339433784193496
165 6.200133678140119 6.9650453746352206
166 6.200133678140119 7.891344606294727
167 6.200133678140119 6.761168457633804
168 6.200133678140119 7.035445113220667
169 6.200133678140119 6.2677907233373595
170 6.200133678140119 6.266438494758454
171 6.200133678140119 6.875203368597696
172 6.200133678140119 6.741738160400137
173 6.200133678140119 6.266626585468137
174 6.200133678140119 6.263469739333548
175 6.200133678140119 6.2638983671628345
176 6.200133678140119 7.325782262436422
177 6.199953454210295 7.4582071245731285
178 6.199953454210295 7.098216711035492
179 6.199953454210295 7.494589105242011
180 6.199953454210295 6.790291319320038
181 6.199953454210295 6.686410218732365
182 6.199953454210295 7.294711428451929
183 6.199953454210295 7.286949302346552
184 6.199953454210295 7.110313437358764
185 6.199953454210295 7.015300211191892
186 6.199953454210295 7.172499361037751
187 6.199953454210295 7.037182704596539
188 6.199953454210295 7.535872518077706
189 6.199953454210295 7.07771508126572
190 6.199953454210295 7.592839261373144
191 6.199953454210295 6.962074940246323
192 6.1999531018225245 6.3255888775242735
193 6.1999531018225245 7.100893513578829
194 6.1999531018225245 7.276282838221926
195 6.1999531018225245 6.89857198331688
196 6.1999531018225245 7.392796011538442
197 6.1999531018225245 7.245619124581275
198 6.1999531018225245 7.607400606714585
199 6.1999531018225245 6.566877283631796
200 6.1999531018225245 6.827604710885673
201 6.1999531018225245 6.752999105781796
202 6.1999531018225245 7.451592725660861
203 6.1999531018225245 6.861576142816922
204 6.1999531018225245 6.774493917338356
205 6.1999531018225245 9.62471809997359
206 6.199145073551032 7.394575630098327
207 6.199145073551032 6.26807595635472
208 6.199145073551032 8.639762519047355
209 6.199145073551032 7.498379344539764
210 6.199145073551032 6.7221976656426765
211 6.199113316957169 7.060609183208875
212 6.198849999451534 6.936485918029916
213 6.198849999451534 7.069903108835448
214 6.198849999451534 6.580160130642799
215 6.198849999451534 6.270504622038896
216 6.198849999451534 8.708668091599023
217 5.7857704390854785 7.86633448452103
218 5.7857704390854785 6.797626686947234
219 5.7857704390854785 6.539433354635312
220 5.7857704390854785 7.5490927460488715
221 5.7857704390854785 6.642914288265713
222 5.781904553258279 6.905433894858127
223 5.781904553258279 6.4812917462638415
224 5.781904553258279 7.351579216362832
225 5.781904553258279 8.524542457998262
226 5.781904553258279 7.1407629199748195
227 5.776526851639298 7.871354257211865
228 5.776526851639298 6.611553876816088
229 5.776504453846124 7.257650273956258
230 5.776504453846124 9.087902271353576
231 5.776504453846124 8.01981947137483
232 5.776504453846124 7.110821770680787
233 5.776504453846124 7.810383656510977
234 5.776463239542709 6.221833942744208
235 5.76946980120559 7.958583344692235
236 5.76946980120559 6.160028797235407
237 5.76946980120559 6.140295480225002
238 5.768885855958693 6.401788167951826
239 5.768885855958693 6.414770513735508
240 5.768885855958693 7.04342765024658
241 5.768885855958693 6.7445570518768605
242 5.768885855958693 7.301358017449348
243 5.768885146452998 6.8320178879664955
244 5.768885146452998 6.3705634286741
245 5.768885146452998 6.05746134555195
246 5.768885146452998 6.078419826442431
247 5.768885146452998 6.082395250840781
248 5.768885146452998 6.061083622105278
249 5.768885146452998 6.343340357069239
250 5.759217420267532 7.402365196578883
251 5.759217420267532 6.9207122986820435
252 5.759217420267532 7.999663127383241
253 5.759217420267532 7.6364949039693
254 5.759215187689586 8.474105858889056
255 5.757135190273576 6.288183109868938
256 5.757135190273576 6.801616963603966
257 5.757135190273576 6.096025584927425
258 5.757135190273576 8.344669289131339
259 5.757135190273576 6.760404204902493
260 5.757135190273576 6.570637656498801
261 5.757135190273576 6.633700011871419
262 5.757135190273576 7.884836507065018
263 5.757135190273576 6.880125059744618
264 5.757135190273576 6.759278145259004
265 5.757135190273576 6.436186844068935
266 5.757135190273576 6.694779889879899
267 5.757135190273576 6.5434850324501905
268 5.757135190273576 6.161560688693601
269 5.756620019996113 8.497322179321255
270 5.756620019996113 6.642541485596615
271 5.756620019996113 6.833941293373767
272 5.756620019996113 5.864197772631197
273 5.756235377904824 6.322633689901806
274 5.756235377904824 6.624777928984886
275 5.756235377904824 7.3213822943563835
276 5.756235377904824 6.582612899604397
277 5.756235377904824 6.464546946591416
278 5.7562333487188315 8.035169692083954
279 5.7562333487188315 6.916083676589252
280 5.7562333487188315 7.709798990338214
281 5.7562333487188315 5.952206564691799
282 5.7562333487188315 5.868453967000862
283 5.7562333487188315 6.083849974393413
284 5.7562333487188315 6.498945664481945
285 5.7562333487188315 5.822444622085918
286 5.7562333487188315 6.275496350870493
287 5.7562333487188315 6.76973510303363
288 5.7562333487188315 5.971219911557498
289 5.7562333487188315 6.150533750360878
290 5.756229938361647 5.809928845127895
291 5.756229938361647 7.133795690302456
292 5.756229938361647 7.313131557133247
293 5.756229938361647 6.926074729598872
294 5.756229938361647 6.074205371278838
295 5.756229938361647 6.4497840398476605
296 5.756229938361647 6.492125514272301
297 5.688628973813163 7.226568417445951
298 5.688628973813163 6.874513085622851
299 5.688628973813163 5.872237218525033
300 5.688628973813163 5.993580437807833
301 5.6886269446271704 7.832285210813861
302 5.6886269446271704 6.997023175124897
303 5.6886269446271704 6.640381489434012
304 5.55032612581309 6.1116394626223505
305 5.55032612581309 6.571038509236637
306 5.55032612581309 9.607714488572245
307 5.55032612581309 7.447259958426587
308 5.55032612581309 6.5114333435841365
309 5.5503247351821425 6.607388648927498
310 5.54907046510208 5.78917603218691
311 5.54907046510208 6.115867937188889
312 5.54907046510208 6.50164728712012
313 5.546710009913081 7.370396874452933
314 5.538272655971102 6.737239359153295
315 5.538272655971102 6.096323834944037
316 5.538272655971102 6.730990936585576
317 5.538272655971102 6.434233732520361
318 5.538272655971102 5.947332826095777
319 5.538272655971102 6.291906128850648
320 5.538272655971102 6.207304725004628
321 5.538272655971102 7.03576817081289
322 5.538272655971102 6.276237455287883
323 5.538272655971102 5.93521994851694
324 5.538272655971102 6.725984304040388
325 5.538272655971102 6.730202088947888
326 5.538272655971102 7.421478981781799
327 5.538272017416057 6.506424872967523
328 5.531357056901099 6.84030573426896
329 5.516587707385829 5.800590615723626
330 5.516587707385829 7.192055282573874
331 5.516587707385829 6.9460054889608385
332 5.516587707385829 7.555579395184943
333 5.516587707385829 6.991045281550199
334 5.516587707385829 6.633866859135887
335 5.516587707385829 8.823912304329232
336 5.516587707385829 8.22985164938501
337 5.516587707385829 6.691411000671916
338 5.516587707385829 5.879612304915653
339 5.516587707385829 5.817275636759374
340 5.516587707385829 6.673075195776559
341 5.516587707385829 7.438157704477684
342 5.516587707385829 7.8477157581502786
343 5.516587707385829 8.506491304487211
344 5.516587707385829 6.1214590801261455
345 5.515942836466257 6.047734293803095
346 5.5153076323665395 6.248662729102614
347 5.5153076323665395 6.098840903330744
348 5.5153076323665395 6.579742178409442
349 5.515067175919992 6.572299512338976
350 5.515067175919992 6.556291106557689
351 5.515067175919992 6.296769427840563
352 5.515060705229605 5.758088554856058
353 5.515060705229605 6.478524628827205
354 5.515060705229605 6.420357911365017
355 5.515060705229605 5.745139867993215
356 5.515060705229605 7.40210703229116
357 5.515060705229605 7.47750028940225
358 5.515060705229605 6.993577731242566
359 5.515060705229605 7.259827174012532
360 5.515060705229605 6.449014919461823
361 5.515060705229605 6.048440768036214
362 5.515060705229605 7.150000170460766
363 5.515060705229605 7.036673149482448
364 5.515060705229605 6.522351272594113
365 5.515060705229605 6.475251621917117
366 5.515060705229605 6.804429704445322
367 5.515060705229605 6.915624046474659
368 5.515060705229605 6.719385590442577
369 5.515060705229605 8.28518276908243
370 5.515060705229605 6.104555365240818
371 5.515060705229605 7.071216394704825
372 5.515060705229605 7.125479609070489
373 5.515060705229605 8.588314766337152
374 5.515060705229605 6.279910977286768
375 5.421029033113983 6.725194997946363
376 5.315046164689095 7.9213363604076275
377 5.315046164689095 6.991975593810873
378 5.313766089669805 7.988630442080046
379 5.313766089669805 7.829279293283738
380 5.313766089669805 5.963425663240946
381 5.308470121560685 6.6504359695860185
382 5.308470121560685 6.2992739428556375
383 5.21289863301341 5.8134802798498155
384 5.186695907558487 6.540397208947126
385 5.1866908274990475 6.764880083837986
386 5.185589430645935 7.343875757820838
387 5.185589430645935 6.790901671156949
388 5.185589430645935 6.322841839212398
389 5.185589430645935 6.266039222852304
390 5.185504174413412 6.302248422426761
391 5.185502783782464 5.66191203344605
392 5.185502783782464 7.052497149694863
393 5.185502783782464 5.950283603409415
394 5.185502783782464 5.654294512742581
395 5.185502783782464 6.229369883488116
396 5.185502783782464 7.966327787922368
397 5.185502783782464 7.225805476397264
398 5.185502783782464 8.05406001691955
399 5.185502783782464 7.22256748648199
400 5.185257201286351 6.553591172299285
401 5.185257201286351 6.465603268930395
402 5.185257201286351 5.637724238311444
403 5.185257201286351 7.709274669258954
404 5.185257201286351 7.715739660138702
405 5.185257201286351 7.841992231881915
406 5.185257201286351 6.409980398221795
407 5.185255856645529 6.386047092607836
408 5.185255856645529 6.1802180504126225
409 5.185255856645529 8.71827262305762
410 5.185255856645529 6.938303469540318
411 5.185255856645529 6.274629439419215
412 5.185255856645529 6.799763223887104
413 5.185255856645529 6.145437264665471
414 5.185255856645529 5.984373544458972
415 5.185255856645529 7.747735981622985
416 5.185255856645529 6.277081860013655
417 5.185255856645529 5.784434895458102
418 5.185255856645529 6.555989731794938
419 5.185255856645529 6.510653186176421
420 5.185255856645529 5.750964748958356
421 5.185255856645529 6.018741509224967
422 5.185255856645529 5.459822075045922
423 5.185255856645529 5.464597902323126
424 5.185255856645529 7.292413329221744
425 5.185255856645529 10.07431359555834
426 5.185255856645529 6.646190101259217
427 5.185255856645529 6.796162922555116
428 5.185255856645529 7.617994495294572
429 5.185255856645529 6.284442470806544
430 5.185234663204827 6.750304266316316
431 5.185234663204827 6.518597934028338
432 5.185234663204827 6.721265275240397
433 5.185234663204827 6.018593533454095
434 5.185234663204827 7.7449658882020325
435 5.185234663204827 6.268903588445106
436 5.185234663204827 5.903933513845357
437 5.185234663204827 6.288374187478446
438 5.185234663204827 6.226282875193816
439 5.185234663204827 5.378051991565518
440 5.185234663204827 7.367323340914965
441 5.185234663204827 7.392564864077633
442 5.185234663204827 6.394095853368103
443 5.185234663204827 6.403818818770478
444 5.185234663204827 6.479410470603297
445 5.185234663204827 7.1604602354703
446 5.185234663204827 7.123880722695844
447 5.185234663204827 6.040161089633999
448 5.185234663204827 7.665129242410809
449 5.185234663204827 6.966509577611143
450 5.185234663204827 5.818699203508041
451 5.185234663204827 6.235788445210311
452 5.185234663204827 7.200715544514497
453 5.185234663204827 5.718723722120205
454 5.185234663204827 5.952141452372993
455 5.185234663204827 5.780800810385317
456 5.185234663204827 5.933278355800907
457 5.185234663204827 5.6812301908285745
458 5.185234663204827 5.513533785751295
459 5.185234663204827 6.171315323315387
460 5.185234663204827 5.827268881775517
461 5.185234663204827 6.089674858364154
462 5.185234663204827 5.862288346670928
463 5.185234663204827 5.518536711774791
464 5.185234663204827 8.583302769966659
465 5.185234663204827 5.917292960440034
466 5.185234663204827 7.717703358006733
467 5.185234663204827 6.082816770211516
468 5.185234663204827 6.543591477566787
469 5.185234663204827 6.315180202951428
470 5.185226899663402 6.71880418666584
471 5.185226899663402 6.277343898624065
472 5.185226899663402 8.252779179557832
473 5.138189064195915 7.4404491410447395
474 5.138189064195915 5.645081986798269
475 5.138189064195915 5.401643660282776
476 5.138189064195915 6.169043703800443
477 5.11530867590586 5.789040529402954
478 5.11530867590586 5.859739050852081
479 5.11530867590586 5.713957314367584
480 5.11530867590586 5.725360795175288
481 5.11530867590586 5.333613551977203
482 5.11530867590586 6.484704685488892
483 5.11402860088657 5.4489336696062125
484 5.11402860088657 5.260758257104583
485 5.11402860088657 5.265378975044013
486 5.113380200514076 5.26101367255205
487 5.113380200514076 5.9852729364016515
488 5.113380200514076 6.059859203213541
489 5.113380200514076 6.697492731249458
490 5.113380200514076 6.070083943766053
491 5.113380200514076 5.942915608994573
492 5.113380200514076 6.185292802537635
493 5.113380200514076 5.3685030463007095
494 5.113380200514076 5.641150211162247
495 5.113380200514076 5.247069854106094
496 5.113380200514076 5.250869215558542
497 5.113380200514076 6.036768255639434
498 5.113380200514076 6.51841121582568
499 5.113380200514076 5.240271594821333
500 5.113380200514076 5.235060069888846
501 5.113380200514076 6.799402648299499
502 5.113380200514076 5.610687062541477
503 5.113380200514076 5.529787430136617
504 5.1132391511932305 5.2355664893535785
505 5.1132391511932305 6.06844903036814
506 5.113231387651805 5.2951332157039905
507 5.113231387651805 5.929698347724472
508 5.113231387651805 5.21479006601947
509 5.113231387651805 6.0677018220004975
510 5.113231387651805 7.309307361557648
511 5.113231387651805 6.587111050281485
512 5.113231387651805 6.036306994346728
513 5.113231387651805 6.414893696144998
514 5.113231387651805 7.582838145723773
515 5.113231387651805 6.024791552455607
516 5.113231387651805 6.028477892454848
517 5.113231387651805 7.210197485068953
518 5.113231387651805 5.799886486208314
519 5.113231387651805 5.193368094587822
520 5.113231387651805 5.192184347722681
521 5.113231387651805 7.113574344523337
522 5.113231387651805 6.897609011301974
523 5.113231387651805 5.693985284407269
524 5.113231387651805 5.829595523821133
525 5.113231387651805 5.293895083549704
526 5.113231387651805 6.637013338263198
527 5.113231387651805 5.773621739526886
528 5.113231387651805 7.182727011545074
529 5.113231387651805 7.064085851583119
530 5.113231387651805 5.372955828722235
531 5.113231387651805 5.173906566351232
532 5.113231387651805 5.169411827976967
533 5.113231387651805 5.17370748076734
534 5.113231387651805 5.178141417701336
535 5.113231387651805 6.466243675794868
536 5.113231387651805 6.507475088436572
537 5.113231387651805 5.429551136536804
538 5.113231387651805 5.457558779408179
539 5.113231387651805 5.946571662584841
540 5.113231387651805 5.176476531113898
541 5.113231387651805 7.3352766491876755
542 5.113231387651805 8.883162500190934
543 5.113231387651805 6.551879264775259
544 5.113231387651805 5.731347841108954
545 5.113231387651805 5.172499960008483
546 5.113231387651805 5.1744198716035905
547 5.113231387651805 5.451558725262327
548 5.113231387651805 5.6631095705226775
549 5.113231387651805 6.647640458749459
550 5.113231387651805 7.444282460850982
551 5.113231387651805 6.213456238360559
552 5.113231387651805 5.322560989259107
553 5.113231387651805 7.457585412355777
554 5.113231387651805 5.609004883776656
555 5.113231387651805 6.254198530030051
556 5.113231387651805 8.43124891506357
557 5.113231387651805 7.825208296949816
558 5.113231387651805 6.470620418697198
559 5.113231387651805 5.398547055374023
560 5.113231387651805 5.908149681528767
561 5.113231387651805 6.745781122800824
562 5.113231387651805 5.170960258668091
563 5.113231387651805 5.169832649807351
564 5.113231387651805 5.981770560657974
565 5.113231387651805 6.222820883165282
566 5.113231387651805 5.427933466721804
567 5.113231387651805 5.174482930786826
568 5.113231387651805 6.2472332864824205
569 5.113231387651805 5.167257614625583
570 5.113231387651805 5.169893323069565
571 5.113231387651805 6.421070740777029
572 5.113231387651805 7.220991943196811
573 5.1132307490967595 7.263182613318119
574 5.1132307490967595 6.081118165895514
575 5.1132307490967595 6.0580041265158195
576 5.1132307490967595 6.0811385218162535
577 5.113230749096781 5.638046880370696
578 5.113230749096781 6.03383634823512
579 5.113230749096781 5.418816044159703
580 5.113230749096781 5.9134404288678715
581 5.113230749096781 6.822758900094135
582 5.113230749096781 5.806082804887938
583 5.113230749096781 5.467310535140517
584 5.113230749096781 6.752965042509125
585 5.113230749096781 8.060852156984762
586 5.113230749096781 10.251971591797325
587 5.113230749096781 7.697029913364014
588 5.113230749096781 6.10954518714425
589 5.1132307490967595 7.091424817148376
590 5.1132307490967595 6.965477117295312
591 5.1132307490967595 6.407165132884236
592 5.1132307490967595 7.234054192046156
593 5.113230749096781 7.597408259128349
594 5.113230749096781 5.737829843781683
595 5.113230749096781 6.390302192811912
596 5.113230749096781 6.374039670654001
597 5.113230749096781 5.935183321533034
598 5.113230749096781 5.9084871320216585
599 5.113230749096781 7.978550632360291
600 5.113230749096781 8.257436883740636
601 5.113230749096781 6.830782556410675
602 5.113230749096781 5.555560562331056
603 5.113230749096781 6.001726373991642
604 5.113230749096781 6.52808477986431
605 5.113230749096781 5.975962568086417
606 5.113230749096781 6.672546233537491
607 5.113230749096781 7.132827814272619
608 5.113230749096781 6.636592280137771
609 5.113230749096781 6.365982868095355
610 5.113230749096781 5.992723598876069
611 5.113230749096781 5.39973187921742
612 5.113230749096781 6.875165190966787
613 5.113230749096781 6.634558050123636
614 5.113230749096781 7.404374405945317
615 5.113230749096781 5.952403670325806
616 5.113230749096781 6.4317088966571445
617 5.113230749096781 6.529026708268881
618 5.113230749096781 6.309980543416323
619 5.113230749096781 7.304038227927071
620 5.113230749096781 7.1979936113919765
621 5.113230749096781 5.341161069676287
622 5.113230749096781 6.885754558935764
623 5.113230749096781 8.358101004794767
624 5.1132307490967595 7.9683580958087505
625 5.1132307490967595 5.402811478825912
626 5.1132307490967595 8.733605335762627
627 5.112831806460415 6.87172025990399
628 5.112831806460415 5.269061987966085
629 5.112831806460415 5.139662741513619
630 5.112831806460415 6.83028748948984
631 5.112831806460415 7.990065470955192
632 5.112831806460415 6.834692988503072
633 5.112366223213991 6.378967443719518
634 5.112366223213991 6.503105412708153
635 5.112366223213991 5.801449491435594
636 5.112366223213991 5.8301000768957145
637 5.112366223213991 5.382207830263791
638 5.112366223213991 6.042736996332952
639 5.112366223213991 5.926916151468038
640 5.112366223213991 7.057203890110373
641 5.112366223213991 5.55543446069253
642 5.112366223213991 8.313350396157588
643 5.112366223213991 5.88341806883632
644 5.112366223213991 6.057501015059659
645 5.112366223213991 5.483268277355444
646 5.112366223213991 6.86193354045648
647 5.112366223213991 7.134790116959521
648 5.1123503401824255 6.563409743050666
649 5.1123503401824255 5.982967724839465
650 5.1123503401824255 5.604036103457442
651 5.1123503401824255 7.423727853155518
652 5.1123503401824255 6.003791598390145
653 5.1123503401824255 5.910093345814266
654 5.1123503401824255 6.178228860141912
655 5.1123503401824255 5.677508339695835
656 5.112289330573336 6.089129490876221
657 5.112289330573336 5.809220812309771
658 5.112289330573336 5.847763333567157
659 5.112289330573336 8.66978384294979
660 5.112289330573336 5.513132285165279
661 5.112289330573336 6.448844434463708
662 5.112289330573336 5.749987319029669
663 5.112289330573336 5.133790605657192
664 5.112289330573336 6.468138358933502
665 5.112289330573336 7.608055054261934
666 5.112289330573336 6.23481868445893
667 5.1122812110831966 8.457439227445695
668 5.1122812110831966 7.052109640915285
669 5.1122812110831966 5.272920127628156
670 5.1122812110831966 7.213340459749396
671 5.1122812110831966 6.860174297058624
672 5.1122812110831966 6.5819466833948646
673 5.1122812110831966 10.834599849988795
674 5.1122812110831966 9.112443340245996
675 5.1122812110831966 6.776216579729482
676 5.1122812110831966 6.160962601704442
677 5.1122812110831966 5.802476181364016
678 5.1122812110831966 6.052237822168743
679 5.1122812110831966 5.7902840147636105
680 5.1122812110831966 6.30168225032135
681 5.1122812110831966 8.133776464855265
682 5.11222423430409 6.71358784919665
683 5.11222423430409 7.277487299731198
684 5.11222423430409 6.561466452831261
685 5.11222423430409 5.822004406107388
686 5.11222423430409 7.754190525977703
687 5.11222423430409 6.000044135969587
688 5.11222423430409 6.308864742972358
689 5.11222423430409 5.77461262365944
690 5.11222423430409 6.766161037665626
691 5.11222423430409 6.9935699948446395
692 5.11222423430409 7.386587266093598
693 5.11222423430409 7.93726456050553
694 5.11222423430409 5.740020876299698
695 5.11222423430409 6.1284664948398815
696 5.11222423430409 7.746158506982443
697 5.11222423430409 5.653241525971772
698 5.11222423430409 6.467880624604377
699 5.11222423430409 5.744106753038632
700 5.11222423430409 5.275804553855354
701 5.11222423430409 5.772175082748708
702 5.11222423430409 6.545050860652833
703 5.11222423430409 5.963148524831244
704 5.11222423430409 6.267980128600839
705 5.11222423430409 6.573337242087363
706 5.11222423430409 6.674580601802095
707 5.11222423430409 5.752293088321271
708 5.11222423430409 6.695844579529637
709 5.11222423430409 8.038419576465337
710 5.11222423430409 5.627390568799135
711 5.11222423430409 5.491533900216683
712 5.11222423430409 6.1732383953247
713 5.1122164707626645 5.825694097162845
714 5.1122164707626645 7.92787776541492
715 5.1122164707626645 6.221555154864229
716 5.1122164707626645 7.623629600115829
717 5.1122164707626645 6.918883877815508
718 5.1122164707626645 6.3082004225202795
719 5.1122164707626645 7.584019151731375
720 5.1122164707626645 7.680987115875443
721 5.1122164707626645 6.17763699302841
722 5.1122164707626645 7.06220298834233
723 5.1122164707626645 6.197741521930019
724 5.1122164707626645 5.687533085655826
725 5.1122164707626645 5.532571342456696
726 5.1122164707626645 7.041075968522287
727 5.1122164707626645 6.5412429408302515
728 5.1122164707626645 6.740390094587226
729 5.1122164707626645 6.2074824662095445
730 5.1122164707626645 5.475925970903571
731 5.1122164707626645 5.3843957442330925
732 5.1122164707626645 5.501007711628558
733 5.1122164707626645 5.382914114196812
734 5.1122164707626645 6.437646203881611
735 5.1122164707626645 7.145101806689183
736 5.1122164707626645 5.830168735891639
737 5.1122164707626645 5.946536571750211
738 5.1122164707626645 6.07542357023156
739 5.1122164707626645 7.323972962604844
740 5.1122164707626645 6.154492900571884
741 5.1122164707626645 5.447618913344745
742 5.1122164707626645 5.939769945802026
743 5.1122164707626645 6.4933811568128235
744 5.1122164707626645 6.140194847207314
745 5.1122164707626645 6.6752510012550665
746 5.1122164707626645 6.412845892133085
747 5.1122164707626645 5.909693668575248
748 5.1122164707626645 5.306430251031199
749 5.1122164707626645 6.139617483586781
750 5.1122164707626645 5.5192809975773915
751 5.1122164707626645 5.50418442519827
752 5.1122164707626645 5.578246396313171
753 5.1122164707626645 8.028249198301364
754 5.1122164707626645 5.7361215194297195
755 5.1122164707626645 6.037511867830842
756 5.112145499544251 6.393130321620054
757 5.112145499544251 7.819584427611915
758 5.112145499544251 7.058057852722786
759 5.112145499544251 5.557861882905154
760 5.112145499544251 5.683860377134357
761 5.112145499544251 6.005759920928234
762 5.112145499544251 5.847913071033581
763 5.112145499544251 5.3987305250137885
764 5.112145499544251 6.586138160716064
765 5.112145499544251 5.454534163340395
766 5.112145499544251 6.516181728709544
767 5.112145499544251 7.4786077177850485
768 5.112145499544251 6.3620374618514965
769 5.112145499544251 5.1831665836295056
770 5.112145499544251 5.851861009602423
771 5.112145499544251 7.550957665043069
772 5.112145499544251 6.508377956841246
773 5.112145499544251 5.3785536946889465
774 5.112145499544251 6.3564212675908145
775 5.112145499544251 6.973769821297486
776 5.112145499544251 6.2540169483615
777 5.112145499544251 5.408027170309766
778 5.112145499544251 5.4904535064237585
779 5.112145499544251 6.830794497268776
780 5.112145499544251 5.844584878714909
781 5.112145499544251 5.128967180510984
782 5.112145499544251 5.129334365334894
783 5.1121377360028255 5.850503362547304
784 5.1121377360028255 6.0369792816110275
785 5.1121377360028255 6.676352132986404
786 5.1121377360028255 6.516517628054364
787 5.1121377360028255 5.651951008590774
788 5.1121377360028255 6.026450644219511
789 5.1121377360028255 5.7579987669082975
790 5.1121377360028255 7.043100466801856
791 5.1121377360028255 6.68099577731238
792 5.1121377360028255 6.734502984504198
793 5.1121377360028255 5.312710853245777
794 5.1121377360028255 6.024437438621983
795 5.1121377360028255 5.560956946913206
796 5.1121377360028255 5.548229879134283
797 5.1121377360028255 6.147121861229224
798 5.1121377360028255 6.8498215116791235
799 5.1121377360028255 5.482174871917305
800 5.1121377360028255 5.697102898711765
801 5.1121377360028255 5.6416190574993275
802 5.1121377360028255 5.76975547205517
803 5.1121377360028255 5.95775008762496
804 5.1121377360028255 6.1447515474806504
805 5.1121377360028255 6.007865048410585
806 5.1121377360028255 5.869280873934294
807 5.1121377360028255 5.801274942058152
808 5.1121377360028255 7.027421303276239
809 5.1121377360028255 7.668281815791664
810 5.1121377360028255 6.1847390952404275
811 5.1121377360028255 6.43127441697918
812 5.1121377360028255 6.898782830712998
813 5.1121377360028255 6.634071120556701
814 5.1121377360028255 5.912618075864398
815 5.1121377360028255 5.666551915164426
816 5.1121377360028255 6.822445334409454
817 5.1121377360028255 6.571848781720953
818 5.1121377360028255 8.22105703173726
819 5.1121377360028255 5.635751178529159
820 5.1121377360028255 6.607731126281217
821 5.1121377360028255 5.333449782686398
822 5.1121377360028255 6.975667017991693
823 5.1121377360028255 5.8281517789329005
824 5.1121377360028255 5.642083125367601
825 5.1121377360028255 5.147684107556912
826 5.1121377360028255 5.152523573832731
827 5.1121377360028255 5.650649530584179
828 5.1121377360028255 5.576981765537652
829 5.1121377360028255 6.0693187412553815
830 5.1121377360028255 5.31249969750765
831 5.1121377360028255 5.892354035194512
832 5.1121377360028255 6.618422040207413
833 5.1121377360028255 5.178981518537764
834 5.1121377360028255 5.761080332458358
835 5.1121377360028255 6.161038225587517
836 5.1121377360028255 6.1257077530501
837 5.1121377360028255 7.769762886125627
838 5.104460485370165 7.689372284353598
839 5.102637834404771 6.898922995506493
840 5.102637834404771 6.748558488400403
841 5.0945469298929495 6.053916517592421
842 5.0945469298929495 5.950485427489055
843 5.094451988161877 6.545949093907224
844 5.094451988161877 7.046323508694204
845 5.094451988161877 6.731964562674314
846 5.094451988161877 7.909882260094313
847 5.094451988161877 6.97027601891108
848 5.093385328447409 6.154683451140943
849 5.093385328447409 5.525093731762216
850 5.093385328447409 5.583155454602023
851 5.093385328447409 5.169915436280867
852 5.049006518887387 6.051714378320742
853 5.049006518887387 5.424271239011652
854 5.049006518887387 5.699918928235359
855 5.049006518887387 5.715562129397405
856 5.049006518887387 6.564646127523489
857 5.049006518887387 6.536597507910598
858 5.049006518887387 5.815683622107814
859 5.049006518887387 5.963386834431264
860 5.049006518887387 5.198569675077644
861 5.049006518887387 6.638589310516988
862 5.049006518887387 5.894172497959922
863 5.049006518887387 5.428168880667447
864 5.049006518887387 5.661470217117054
865 5.049006518887387 6.290545990048749
866 5.049006518887387 5.452925113107665
867 5.049006518887387 5.494153286235285
868 5.048989072207785 6.119580591914922
869 5.048989072207785 5.119093978918894
870 5.048989072207785 6.212767576219643
871 5.048989072207785 5.3918149327718075
872 5.024495632949208 6.64094843743048
873 5.024495632949208 6.310825629588581
874 5.024495632949208 6.526159244198645
875 5.024495632949208 5.436602049543543
876 5.024495632949208 5.637610776552806
877 5.024495632949208 6.981920810460107
878 5.024495632949208 6.343972990834271
879 5.024495632949208 5.7230499375449275
880 5.024495632949208 5.992631135189542
881 5.024495632949208 5.196656095375286
882 5.024495632949208 5.974265890701288
883 5.024495632949208 5.369782377702974
884 5.024495632949208 6.315141695079852
885 5.024495632949208 5.57845486313667
886 5.024495632949208 5.105680069029527
887 5.024495632949208 5.102812252301458
888 5.024495632949208 5.658736377249918
889 5.024495632949208 5.0976125111985695
890 5.024495632949208 5.395484511954525
891 5.024495632949208 6.340786101030376
892 5.024495632949208 5.572384882850583
893 5.024495632949208 6.167172084527632
894 5.024495632949208 7.077672085686731
895 5.024495632949208 6.646533141617989
896 5.024495632949208 5.898679079215685
897 5.024495632949208 6.015409072815641
898 5.024495632949208 6.138125322859739
899 5.024495632949208 7.8592821013943635
900 5.024495632949208 6.120724475502997
901 5.024495632949208 5.297852450842337
902 5.024495632949208 5.622439663009462
903 5.024495632949208 5.678924537583718
904 5.024495632949208 7.21886595760156
905 5.024495632949208 6.703423679509147
906 5.024495632949208 6.037910381681733
907 5.024495632949208 5.371617532042974
908 5.024495632949208 5.894957954190821
909 5.024495632949208 6.971867389156247
910 5.024495632949208 5.6144925945026865
911 5.024495632949208 5.436622504034371
912 5.024495632949208 6.45454816000875
913 5.024495632949208 5.078193302115572
914 5.024495632949208 5.862621930567413
915 5.024495632949208 5.079395858130169
916 5.024495632949208 5.4867818638955725
917 5.024495632949208 6.116167346707224
918 5.024495632949208 5.251246706248271
919 5.024495632949208 5.165418314025842
920 5.024495632949208 5.610539972274761
921 5.024495632949208 5.3789274528401485
922 5.024495632949208 7.18851867625135
923 5.024495632949208 6.151240035788671
924 5.024495632949208 7.195030088376448
925 5.024495632949208 6.219758017639626
926 5.024495632949208 6.245069939330901
927 5.024495632949208 6.755012168851937
928 5.024495632949208 5.700718788942505
929 5.024495632949208 6.523073689036874
930 5.024495632949208 5.968635200424578
931 5.024495632949208 5.3344267550933
932 5.02429093972486 6.462689409040604
933 5.02429093972486 6.241380340837196
934 5.02429093972486 5.611235045638929
935 5.024252193009932 5.929721845496997
936 5.024252193009932 6.546540081914546
937 5.024252193009932 6.544390242300735
938 5.024252193009932 6.503712275868912
939 5.024252193009932 5.402608398846574
940 5.024252193009932 5.179149504186915
941 5.024252193009932 5.069082446885322
942 5.024252193009932 5.36771784190081
943 5.024252193009932 5.063465010771094
944 5.024252193009932 6.430887699594522
945 5.024252193009932 5.431047967145072
946 5.024252193009932 5.086900000889677
947 5.024252193009932 5.3191571916000475
948 5.024252193009932 7.122308839551084
949 5.024252193009932 5.594795120621736
950 5.024252193009932 5.49180680467226
951 5.024252193009932 5.061405259910026
952 5.024252193009932 5.685285886030835
953 5.024252193009932 5.631780870606766
954 5.024252193009932 6.05949463479709
955 5.024252193009932 6.124190585023858
956 5.024252193009932 6.461949131289882
957 5.024252193009932 6.343526243064958
958 5.024252193009932 7.417591131917227
959 5.024252193009932 7.757784409560357
960 5.024252193009932 6.134682176042054
961 5.024252193009932 7.455487549844828
962 5.024252193009932 5.466038293669293
963 5.024252193009932 6.056272431108613
964 5.024252193009932 5.715240650220185
965 5.024252193009932 5.487614059404089
966 5.024252193009932 5.678813788219356
967 5.024252193009932 5.345217639317951
968 5.024252193009932 6.908203641494619
969 5.024252193009932 7.64169177724229
970 5.024252193009932 6.029555407459433
971 5.024252193009932 5.061668106657901
972 5.024252193009932 6.05504888613303
973 5.024252193009932 6.767023095802025
974 5.024252193009932 7.1006300938331
975 5.024252193009932 6.009911346583124
976 5.024252193009932 5.807330772486965
977 5.024252193009932 6.2653067289112805
978 5.024252193009932 5.626676850876221
979 5.024251554454887 5.069585226705718
980 5.024251554454887 5.568997386976992
981 5.024251554454887 5.070138138270888
982 5.024251554454887 5.725029268950615
983 5.024251554454887 6.057094139206763
984 5.024251554454887 5.068621839580813
985 5.024251554454887 6.43468389036319
986 5.024251554454887 5.813999897399563
987 5.024251554454887 5.078739499073546
988 5.024251554454887 5.5393139050761695
989 5.024251554454887 5.480883150255777
990 5.024251554454887 6.228723766717805
991 5.024251554454887 5.391566578985951
992 5.024251554454887 5.18645441991362
993 5.024251554454887 5.385336427509235
994 5.024251554454887 5.9811178477867815
995 5.024251554454887 5.591603843634187
996 5.024251554454887 6.52336252081192
997 5.024251554454887 7.307138320016243
998 5.024251554454887 7.523519237692755
999 5.024251554454887 6.9347652468228285
