# iteración mejor promedio
0 94.53638350021563 182.05665255530891
1 94.53638350021563 176.5437083596375
2 94.53638350021563 173.19569403872214
3 94.53638350021563 169.67726755933938
4 58.8021553170269 162.89958975996072
5 58.8021553170269 153.12026158448148
6 58.8021553170269 152.39299124834056
7 58.8021553170269 148.32800852888604
8 52.920804815796174 140.1406540826843
9 38.915354184235284 136.86792358192284
10 38.915354184235284 125.32180085927625
11 38.915354184235284 121.61079481154064
12 36.493557943353316 109.968210286297
13 36.493557943353316 102.17831635984464
14 36.493557943353316 97.97338581833323
15 36.493557943353316 91.9279192774347
16 36.493557943353316 83.6078323885246
17 35.08647076699901 81.9604981533757
18 25.15824848401105 79.51182558611436
19 25.15824848401105 75.2566640656379
20 21.83006410280589 70.01290687945401
21 21.83006410280589 64.65907723270382
22 21.83006410280589 61.72392894253068
23 21.730989769021818 57.306139305742924
24 21.538615521011224 50.83777586645072
25 17.79787361198828 49.78588938244465
26 17.79787361198828 45.06277451167651
27 17.779454779225183 41.950110391774366
28 17.779454779225183 39.74813040654439
29 17.72247247874919 38.17410589197326
30 17.718370509614026 38.16656645751341
31 14.559124246727174 36.09744618824005
32 13.97679657396459 32.689333029701366
33 13.97679657396459 31.63170734733727
34 13.892219993945242 31.017185001981357
35 13.892219993945242 30.150107725665922
36 13.892219993945242 28.55011238148187
37 13.770024127679635 27.179067163539603
38 13.770024127679635 27.16325579405277
39 13.770024127679635 25.897638492870147
40 13.770024127679635 27.822626410038993
41 13.770024127679635 26.686441886275315
42 12.975943740043963 24.522080880061655
43 12.975943740043963 23.708515894752026
44 12.962595347321038 22.9422462893897
45 12.962595347321038 21.690102005553122
46 12.91032680026872 21.584971237646222
47 12.032347571382072 21.29120723043107
48 12.032347571382072 22.810645848087525
49 12.032347571382072 22.706220209229826
50 12.032347571382072 21.773767903816037
51 12.032347571382072 19.84557705051226
52 12.032347571382072 19.746767777955117
53 12.032347571382072 19.415993813490534
54 11.9448977485521 19.283682512709127
55 10.896385780560125 17.628060236085147
56 10.896385780560125 17.859811658864636
57 10.66254316873691 17.852705238819254
58 10.66254316873691 16.592054856563383
59 10.66254316873691 16.62875947608644
60 10.66254316873691 16.83168200250386
61 10.66254316873691 15.505120761011938
62 10.511257414536367 15.052391502538924
63 10.511257414536367 15.569631513582213
64 10.511257414536367 14.696180010159999
65 10.511257414536367 14.743942648712254
66 10.44565642208611 16.02143915234491
67 10.44565642208611 15.724466072906234
68 9.803606233491955 16.96841606181748
69 9.803606233491955 15.227227153462206
70 9.79370518636746 15.72497768366806
71 9.79370518636746 14.789984409775524
72 9.725566271559565 14.293660644096091
73 9.725566271559565 14.369479935522017
74 9.725566271559565 15.138845349386706
75 9.72556627155957 15.347788505111467
76 9.72556627155957 14.266447934330767
77 9.72556627155957 14.479539894358865
78 9.72556627155957 13.601077445238978
79 9.72556627155957 13.29982269763186
80 9.72556627155957 14.1079636785431
81 9.72556627155957 14.686477248625911
82 9.72556627155957 12.976000460239234
83 9.72556627155957 12.70164838954153
84 9.72556627155957 11.701388103091572
85 9.59909267094471 11.735864247548495
86 9.59909267094471 11.713338776449104
87 9.59909267094471 11.760013953465661
88 9.59909267094471 11.545417972043001
89 9.59909267094471 12.060495199147045
90 9.043261106907284 12.729775511426581
91 9.043261106907284 12.490680844265325
92 8.949831315248854 11.65547350767193
93 8.86536845150159 11.167026275510464
94 8.86536845150159 11.621740476238818
95 8.86536845150159 11.807025301716294
96 8.86536845150159 12.646945781862192
97 8.86536845150159 11.583356924900933
98 8.86536845150159 12.32984120255182
99 8.86536845150159 12.592853099727702
100 8.86536845150159 12.576701123699026
101 8.86536845150159 13.236979852156052
102 8.805991296556991 11.741631503395167
103 8.805991296556991 12.19697628420467
104 8.437073932298938 12.087812571526717
105 8.21792884674599 11.37296183102743
106 8.21792884674599 11.902268478894817
107 8.21792884674599 11.348136027298738
108 8.21792884674599 12.481902240653792
109 8.21792884674599 12.133585659982527
110 8.108240100982972 11.582126990746676
111 7.805113345592 11.37458546093894
112 7.789493529700758 11.267222934344812
113 7.789493529700749 12.814853257830732
114 7.669977445882555 12.083016835845333
115 7.669977445882555 13.095704820468088
116 7.669977445882555 13.049607482840289
117 7.669977445882555 13.623573356368647
118 7.55797464445156 11.491845641502517
119 7.55797464445156 12.583449363538
120 7.55797464445156 10.880813263755636
121 7.55797464445156 10.347942335541894
122 7.55797464445156 11.484278695956531
123 7.544874698786515 10.634714313165984
124 7.544874698786515 10.038782656808124
125 7.544874698786515 9.639746646390043
126 7.544874698786515 10.006685785887269
127 7.544874698786515 10.581974004291714
128 7.5372749051736765 10.075119901420665
129 7.5372749051736765 9.301364362415859
130 7.5372749051736765 9.761189496946313
131 7.535050015400149 9.544715374619965
132 7.4551742193651815 9.170302864630719
133 7.4551742193651815 9.502408836767138
134 7.425522265626645 8.882348361354026
135 7.398713748379748 10.01169161905431
136 7.398713748379748 8.926365592060623
137 7.398713748379748 9.64280537792802
138 7.337793754339744 8.906142573948312
139 7.300415886065727 10.814344471898764
140 7.300415886065727 10.078576485667751
141 7.300415886065727 9.435113079032867
142 7.235260235156257 11.142013046567136
143 7.235260235156257 10.941328131102141
144 7.235260235156257 9.473962637108764
145 7.235260235156257 8.850635331894326
146 7.235260235156257 10.799606962584358
147 7.235260235156257 9.16576877549452
148 7.186569391844767 8.535402938064713
149 7.186569391844767 8.386485223472953
150 7.186569391844767 8.065128843976336
151 7.005018052849026 7.873423574180784
152 6.968170967314581 8.082739669322935
153 6.968170967314581 8.505983652823728
154 6.968170967314581 9.50619881085352
155 6.968170967314581 8.022717816423533
156 6.928849635082289 8.299143249486525
157 6.928849635082289 8.054379337797286
158 6.928849635082289 9.541993800549328
159 6.882253824008027 8.00826701092061
160 6.882253824008027 7.721347715828991
161 6.882253824008027 9.761260041325952
162 6.882253824008027 8.370440367891224
163 6.882253824008027 8.496767472422356
164 6.882253824008027 8.208119439609682
165 6.882253824008027 7.8355279515312315
166 6.882253824008027 8.212175201785048
167 6.882253824008027 7.8599645262191515
168 6.882253824008027 8.419033140471953
169 6.882253824008027 9.016405303583507
170 6.882253824008027 8.45424491750158
171 6.882253824008027 7.868203134251253
172 6.882253824008027 8.181613000735059
173 6.882253824008027 7.911850288744119
174 6.882253824008027 7.569804187357245
175 6.879034359569074 7.552505824736097
176 6.879034359569074 7.5279837587265686
177 6.879034359569074 8.951685158140913
178 6.879034359569074 8.599341614862347
179 6.878335431722624 9.027723900305608
180 6.878335431722624 8.574081907218526
181 6.878335431722624 10.857929828257387
182 6.878335431722624 7.978638768087751
183 6.878335431722624 7.910772115086822
184 6.878193398371854 7.677871668954477
185 6.878193398371854 7.563691030168604
186 6.878193398371854 8.529640599217473
187 6.878193398371854 8.898616244829993
188 6.876392165804834 8.557176623220865
189 6.876392165804834 10.268994769161031
190 6.876392165804834 8.625325013690487
191 6.853772127723145 8.367727055600016
192 6.853772127723145 9.059693152118694
193 6.853772127723145 8.997893111515026
194 6.853772127723145 9.296599741214596
195 6.853772127723145 8.06868070527412
196 6.853772127723145 8.108100889677697
197 6.853772127723145 10.858011881921854
198 6.853772127723145 8.219855017903363
199 6.853772127723145 7.967284942354612
200 6.853772127723145 8.06675269478931
201 6.85327072461345 8.211709019519214
202 6.85327072461345 8.737280651351966
203 6.85327072461345 8.669721540965776
204 6.85327072461345 9.761698581366282
205 6.85327072461345 8.801558831998284
206 6.85327072461345 7.5380836553868935
207 6.85327072461345 8.829120221568466
208 6.85327072461345 7.839821867097875
209 6.85327072461345 8.309470902323461
210 6.85327072461345 7.426995198524999
211 6.85327072461345 8.212301342275083
212 6.85327072461345 8.868513263514762
213 6.85327072461345 9.636731593141025
214 6.85327072461345 10.49380658105353
215 6.85327072461345 9.904845202466344
216 6.85327072461345 9.689402467708856
217 6.85327072461345 8.72594654972434
218 6.85327072461345 7.83679835687673
219 6.85327072461345 8.017577748668515
220 6.85327072461345 7.46839951119019
221 6.85327072461345 7.77329198118202
222 6.6734143420683605 8.980266566155088
223 6.6734143420683605 7.716734427508806
224 6.6734143420683605 8.10962983209012
225 6.526610105649466 8.277642658978
226 6.526610105649466 7.227033056048298
227 6.526610105649466 8.046800784125349
228 6.526610105649466 7.524976839171452
229 6.526610105649466 8.841765467125382
230 6.526610105649466 8.623650998997666
231 6.526610105649466 7.679718948617994
232 6.526610105649466 10.124174144975807
233 6.524252573312294 7.737101344928117
234 6.524252573312294 8.795803617306504
235 6.524252573312294 8.164339826921209
236 6.524252573312294 7.229922775724009
237 6.524252573312294 7.58613649741872
238 6.524252573312294 8.223854024735772
239 6.498227665690436 8.027667891141405
240 6.498227665690436 8.071464187956407
241 6.498227665690436 7.806337074705709
242 6.498227665690436 8.358157119755603
243 6.498227665690436 8.575895727471963
244 6.498227665690436 9.330493175284138
245 6.497744330038824 9.037994078772355
246 6.496374859303007 7.578975614581254
247 6.49581686185619 7.173379542020694
248 6.49581686185619 7.898265667025275
249 6.49581686185619 7.462396400724961
250 6.49581686185619 7.982678446572694
251 6.493976578190809 9.22782836120437
252 6.493976578190809 7.4920257340647
253 6.493976578190809 7.629519861897425
254 6.493641750744773 7.868590846883795
255 6.493641750744773 8.987349184567949
256 6.493641750744773 7.518121034077182
257 6.493641750744773 7.697415553951763
258 6.493552939727243 7.749334936834279
259 6.493552939727243 7.346777951103199
260 6.493552939727243 8.07581088996723
261 6.493552939727243 7.498518610172268
262 6.493552939727243 7.56646309228561
263 6.493552939727243 7.177502815537141
264 6.493552939727243 6.835177491685673
265 6.49335315805733 6.828063203928065
266 6.4927212173045685 7.538679650002917
267 6.4927212173045685 7.529870156768239
268 6.4927212173045685 7.0167815343251085
269 6.4927212173045685 7.75217252323052
270 6.4927212173045685 8.579293440187872
271 6.4927212173045685 8.327184666897228
272 6.492544458424389 7.168294918466366
273 6.492544458424389 6.922490568055983
274 6.492544458424389 7.547431750299902
275 6.492544458424389 7.110373767448308
276 6.492544458424389 7.164546801347783
277 6.492544458424389 7.971729013103439
278 6.492544458424389 6.986206313844718
279 6.492544458424389 8.343459322952974
280 6.492544458424389 8.35590480501342
281 6.492544458424389 7.405898713700354
282 6.492544458424389 7.3651650438172895
283 6.492544458424389 7.837290474394819
284 6.492544458424389 8.27612488651028
285 6.492544458424389 8.789141248950912
286 6.492544458424389 8.214184333201798
287 6.489511950848678 7.423826602325263
288 6.489423139831148 6.919675315984186
289 6.489423139831148 6.911564694757889
290 6.489423139831148 7.594346727282768
291 6.488393423536532 7.679083821468531
292 6.48813335348296 7.099600184158661
293 6.48813335348296 6.838460296535411
294 6.48813335348296 7.369911046433795
295 6.48813335348296 8.593875505696612
296 6.48813335348296 8.437139889950963
297 6.48813335348296 6.972979260586828
298 6.487626671546208 7.6601116529541216
299 6.487626671546208 7.613789351848637
300 6.487626671546208 7.564431788839934
301 6.487626671546208 7.103695479167426
302 6.487626671546208 7.465597566094765
303 6.487626671546208 7.6628530173677305
304 6.487626671546208 7.863981163851109
305 6.487626671546208 7.176312423372661
306 6.486993156044678 7.708418558553575
307 6.486993156044678 7.4457646083432465
308 6.486993156044678 8.613682861943847
309 6.309548437057275 7.585900468916324
310 6.309548437057275 8.640867297405748
311 6.3094519146440575 8.45190437367437
312 6.3094519146440575 8.548992916667473
313 6.3094519146440575 7.784038427760197
314 6.30944819330937 8.273378825593342
315 6.308896817536228 7.734834768175191
316 6.308896817536228 8.324709320111554
317 6.308896817536228 8.112478281966823
318 6.116235750997648 7.64667671471104
319 6.116235750997648 7.687500398867498
320 5.9925399091513185 8.479436440864536
321 5.992447736837805 8.04226187424273
322 5.83053286190064 7.954220808706522
323 5.81473261383144 7.92707186691739
324 5.634593546037118 8.808820868400357
325 5.634593546037118 8.248954625295008
326 5.634593546037118 8.163788319766214
327 5.634593546037118 7.093652319682809
328 5.634593546037118 8.124629634623755
329 5.634085289351598 7.519929871621368
330 5.634085289351598 9.190771905989163
331 5.480744375694588 8.437284970653264
332 5.441888466348704 8.705596644821844
333 5.441888466348704 7.799479290129414
334 5.427519528220246 8.529809692791922
335 5.427519528220246 8.549780499814435
336 5.427519528220246 8.23446888194188
337 5.427496764198404 8.749997032918026
338 5.427496764198404 7.941238854342482
339 5.427496764198404 8.201147775252101
340 5.427496764198404 10.127639018580838
341 5.427496764198404 8.689930853238522
342 5.427496764198404 9.375087903199548
343 5.427496764198404 10.209245410051366
344 5.427496764198404 8.139568646172998
345 5.427496764198404 9.139306013661685
346 5.427496764198404 8.117227462134712
347 5.427407953180873 10.514213868684871
348 5.427407953180873 7.674729029598086
349 5.427407953180873 9.3211816538325
350 5.427407953180873 8.3751785148569
351 5.427407953180873 9.031473963648223
352 5.427407953180873 9.00681295512615
353 5.394654628256978 8.663905986611685
354 5.394654628256978 9.356447796135624
355 5.394654628256978 9.129378402434256
356 5.394654628256978 9.828902713452832
357 5.394654628256978 8.507746940371092
358 5.394650056841675 9.987275746011857
359 5.394650056841675 8.531606825736407
360 5.394650056841675 8.65751133557332
361 5.394650056841675 8.786814290806037
362 5.394650056841675 8.510963258898276
363 5.394650056841675 9.600274956901954
364 5.394650056841675 9.436235351149389
365 5.394650056841675 9.051462391462827
366 5.394650056841675 8.746461273919731
367 5.394650056841675 8.15114231227231
368 5.394650056841675 7.962294173657094
369 5.394447043538808 8.902145755373194
370 5.394447043538808 9.421561009917498
371 5.394447043538808 11.25872306174158
372 5.394447043538808 9.529777142716465
373 5.394110072433929 8.266225625161127
374 5.394110072433929 9.258740985680351
375 5.394110072433929 9.146061177126686
376 5.394110072433929 9.92991880400499
377 5.394110072433929 10.560096586897274
378 5.394110072433929 8.782375738840228
379 5.394110072433929 10.815027977982224
380 5.394110072433929 8.99186962074762
381 5.394110072433929 8.049552495936542
382 5.394110072433929 8.628545439018229
383 5.394110072433929 8.915500406821234
384 5.394110072433929 9.95626275577317
385 5.394110072433929 10.279833153036416
386 5.394110072433929 9.396921034131363
387 5.394110072433929 9.052270688049413
388 5.394110072433929 9.143891698323731
389 5.394110072433929 10.081529152818975
390 5.394110072433929 10.772147435310607
391 5.394110072433929 10.981778678360751
392 5.394110072433929 10.881452558641122
393 5.394110072433929 10.283256362982726
394 5.394110072433929 11.031712735154802
395 5.394110072433929 9.227033519600669
396 5.394110072433929 8.765472652125917
397 5.394110072433929 9.53318195420794
398 5.394110072433929 8.093404203847909
399 5.389623450055678 8.450520460148288
400 5.389623450055678 8.11818181192453
401 5.389623450055678 8.110117942254657
402 5.389623450055678 9.813158517145448
403 5.389623450055678 7.2919662332027055
404 5.389623450055678 8.86445345581942
405 5.389623450055678 9.407392706954477
406 5.389623450055678 8.893103310841969
407 5.3883694572186975 8.438705668915018
408 5.388104839342446 7.817722257789907
409 5.388104839342446 7.2371834207249215
410 5.388104839342446 6.52008589004112
411 5.388104839342446 8.342083713445765
412 5.388104839342446 7.200045598691743
413 5.388104839342446 8.704279754233301
414 5.388104839342446 7.750291011523643
415 5.388104839342446 7.408699352818462
416 5.388104839342446 8.458975568608203
417 5.382161476250767 9.42410855235414
418 5.382161476250767 8.993441094244252
419 5.382161476250767 7.319290535275875
420 5.382161476250767 6.96909047932041
421 5.382161476250767 6.636683377975081
422 5.382161476250767 6.461763594646993
423 5.382161476250767 7.616787001899873
424 5.382022216836804 8.262149292668557
425 5.382022216836804 7.846866461887303
426 5.382022216836804 8.076510402260807
427 5.382022216836804 7.879351025512461
428 5.382022216836804 7.737531857148415
429 5.382022216836779 7.316828157762727
430 5.382022216836779 7.012210084570342
431 5.382022216836779 7.204600620225614
432 5.382022216836779 6.230576786045984
433 5.382022216836779 7.968334056450423
434 5.382022216836779 7.672768221152969
435 5.382022216836779 7.956375150859134
436 5.382022216836779 7.047614019254752
437 5.382022216836779 7.495991215564078
438 5.382022216836779 10.609293255528463
439 5.382022216836779 7.0793211202998565
440 5.382022216836779 7.364526306884954
441 5.382022216836779 7.388111513788201
442 5.382022216836779 7.4968981087245785
443 5.382022216836779 7.12429731607555
444 5.382022216836779 6.684413961471144
445 5.382022216836779 6.761469718360278
446 5.382022216836779 5.932551690484775
447 5.382022216836779 5.88684325384151
448 5.382022216836779 6.324489845328649
449 5.382022216836779 6.916105324641819
450 5.382022216836779 8.15070110940269
451 5.382022216836779 9.019178216845859
452 5.382022216836779 8.224150334811268
453 5.382022216836779 7.821197045396568
454 5.382022216836779 6.852456248911225
455 5.382022216836779 6.3222583583227605
456 5.382022216836779 6.10007528531153
457 5.382022216836779 6.181933653353808
458 5.382022216836779 6.2008473285056604
459 5.382022216836779 6.480158910313261
460 5.382022216836779 6.6844295603513135
461 5.382022216836779 7.684743155907435
462 5.382022216836779 6.467054488670431
463 5.382022216836779 6.287747657457851
464 5.382022216836779 8.132312767984887
465 5.382022216836779 8.549965384811793
466 5.382022216836779 6.830462435836729
467 5.382022216836779 6.664003296625273
468 5.382022216836779 7.266731700019815
469 5.382022216836779 9.079937187705301
470 5.382022216836779 8.80426751845842
471 5.382022216836779 8.612649599252858
472 5.382022216836779 9.344144908515492
473 5.382022216836779 9.279514414288522
474 5.382022216836779 6.714510112166132
475 5.382022216836779 5.873157797357428
476 5.382022216836779 6.8311526320049145
477 5.382022216836779 7.694091493630469
478 5.382022216836779 8.574449411377868
479 5.382022216836779 7.602868440910333
480 5.382022216836779 7.7246394498461335
481 5.382022216836779 8.553665455281449
482 5.382022216836779 7.423296280812582
483 5.382022216836779 8.221710756938572
484 5.382022216836779 7.2385709317864135
485 5.382022216836779 9.18126171425105
486 5.382022216836779 6.863516820850792
487 5.382022216836779 6.547053101329771
488 5.382022216836779 8.251996389345326
489 5.382022216836779 8.527373885378784
490 5.382022216836779 7.272255698490015
491 5.382022216836779 6.939840999592369
492 5.382022216836779 7.2926198154215385
493 5.382022216836779 8.434542096603817
494 5.382022216836779 7.8298896688619894
495 5.382022216836779 6.658476502514454
496 5.382022216836779 8.726086221046556
497 5.382022216836779 6.349760191994811
498 5.382022216836779 6.360649860465982
499 5.382022216836779 6.5395467595293955
500 5.382022216836779 6.471631556856938
501 5.382022216836779 7.919544121353487
502 5.382022216836779 6.484582003339954
503 5.382022216836779 7.699560000223013
504 5.382022216836779 6.366629512893412
505 5.382022216836779 6.563097066829005
506 5.382022216836779 7.631082806061523
507 5.382022216836779 8.333069283827061
508 5.382022216836779 6.304742637998576
509 5.382022216836779 6.194384426206645
510 5.382022216836779 9.806577538770185
511 5.382022216836779 7.886276978203728
512 5.382022216836779 6.383670425879064
513 5.382022216836779 7.401688595942644
514 5.382022216836779 6.641408419962418
515 5.382022216836779 6.791252065189646
516 5.382022216836779 7.928331391722256
517 5.382022216836779 6.6369387682231125
518 5.382022216836779 6.140728030158406
519 5.382022216836779 7.081031417684543
520 5.382022216836779 6.820110700841569
521 5.382022216836779 6.6798449306475085
522 5.382022216836779 8.106929995980062
523 5.382022216836779 7.11351888010998
524 5.380864985108815 9.481119639133105
525 5.380864985108815 10.608774270775024
526 5.331002417624973 7.388376694489161
527 5.292321193457697 7.178048054489004
528 5.292321193457697 7.2629759235235865
529 5.292321193457697 8.59004161352172
530 5.292167897388492 7.298018054286533
531 5.2460260856118754 7.6363651644749915
532 5.2387508657099335 8.077699799778713
533 5.2387508657099335 6.6088504555496135
534 5.233217640463531 5.890530638014516
535 5.151358171618732 6.0677935538041545
536 5.151358171618732 5.958228118568695
537 5.151358171618732 7.301799173139452
538 5.150324813412277 9.231519261830321
539 5.1387206543019985 6.637439088959895
540 5.1387206543019985 8.128190175442485
541 5.137620835609658 6.28426551065123
542 5.137492294303218 6.085077091899122
543 5.137492294303218 6.97365192321104
544 5.137492294303218 7.046863303857993
545 5.137492294303218 6.670135030563103
546 5.137492294303218 8.559733987136358
547 5.137492294303218 6.889658771070507
548 5.137492294303218 7.1135694078309015
549 5.137492294303218 6.294348910812305
550 5.137492294303218 6.184110089515912
551 5.137492294303218 6.442253288705512
552 5.137492294303218 8.104589532719606
553 5.137492294303218 6.484909986418504
554 5.120608767365869 9.704113092986383
555 5.120608767365869 6.642374945794912
556 5.120608767365869 7.337966239185045
557 5.120608767365869 5.806238904490707
558 5.120608767365869 5.6189986431841366
559 5.120608767365869 7.721099169090804
560 5.120608767365869 6.530451090898217
561 5.120608767365869 6.925156720246543
562 5.120608767365869 7.140111813768154
563 5.120608767365869 6.592770472037007
564 5.120608767365869 6.796654505361383
565 5.120608767365869 6.322550210720998
566 5.120608767365869 7.467984695967624
567 5.120608767365869 6.492200531710342
568 5.119648876629938 6.434111102704396
569 5.119648876629938 8.736284371616094
570 5.1097617019811885 7.640602653932655
571 5.1097617019811885 6.517141058254251
572 5.109717797724905 6.603599222240028
573 5.1096348083616245 6.799197497385528
574 5.1096348083616245 5.995655139224742
575 5.1096348083616245 6.738674417513478
576 5.10869137623804 5.26606933024753
577 5.10869137623804 5.5642027763517365
578 5.10869137623804 6.439074543696344
579 5.0992666346044135 6.367733453590979
580 5.099266634604387 7.265151633550633
581 5.099266634604387 6.272908093468943
582 5.099266634604387 5.598816371291024
583 5.099266634604387 6.606451531072263
584 5.099266634604387 6.806057515119143
585 5.0988218739511435 8.146733024983796
586 5.0988218739511435 6.748785083843847
587 5.0988218739511435 7.228803266629028
588 5.0988218739511435 9.575314774112096
589 5.0988218739511435 7.7266599202256945
590 5.0986641282174965 6.561685906038764
591 5.0986641282174965 7.992115426121806
592 5.0986641282174965 5.716325280798231
593 5.096572476294659 5.2953609558581896
594 5.096572476294659 5.42099777120144
595 5.096572476294659 5.567564657451998
596 5.096572476294659 5.506201071661923
597 5.089066468256055 6.302152301293144
598 5.0884125737516435 5.82043941540828
599 5.0884125737516435 6.253451902707566
600 5.0884125737516435 6.833848319874067
601 5.0884125737516435 5.598112575592745
602 5.0884125737516435 6.5162761993814176
603 5.0884125737516435 6.829710044734707
604 5.0884125737516435 6.195547426522276
605 5.087287133822805 5.361488742414696
606 5.087287133822805 5.240902121617697
607 5.087287133822805 5.19587043241192
608 5.087287133822805 5.369011421081361
609 5.087287133822805 5.6198357092492595
610 5.087287133822805 6.431175130774511
611 5.087287133822805 6.021475561765555
612 5.087287133822805 5.4592481648439195
613 5.087287133822805 6.493388318924072
614 5.087287133822805 5.55529282788943
615 5.086931761371996 5.191367891256825
616 5.086931761371996 8.540103501890743
617 5.086931761371996 6.550221952802165
618 5.086931761371996 6.263355776189339
619 5.086931761371996 6.273828859990951
620 5.086931761371996 5.183419747781653
621 5.082762252845946 6.784214788786622
622 5.082762252845946 5.324232318427553
623 5.0806075955371295 6.710051999477892
624 5.0806075955371295 6.971696461687303
625 5.0806075955371295 6.098265702547723
626 5.0806075955371295 5.735131171027619
627 5.0806075955371295 7.236912436723781
628 5.0806075955371295 5.950720546917153
629 5.0806075955371295 5.777465220474975
630 5.0806075955371295 5.974478300367974
631 5.0806075955371295 5.84929732272902
632 5.0806075955371295 5.689368108190547
633 5.0806075955371295 6.0852651938882465
634 5.0806075955371295 6.457683200101069
635 5.0806075955371295 5.1626308621563695
636 5.0806075955371295 7.0212400400424135
637 5.080607595537122 5.321312316582879
638 5.080607595537122 5.158802177187422
639 5.080607595537122 8.307144172287973
640 5.080607595537122 6.623064672795419
641 5.080607595537122 8.040206835693144
642 5.080607595537122 6.634815601766104
643 5.080607595537122 6.080686983373223
644 5.080607595537122 5.8526634385426055
645 5.080607595537122 6.076665381215374
646 5.080607595537122 7.833271059470196
647 5.080607595537122 8.984028659112951
648 5.080607595537122 5.510564142046599
649 5.080607595537122 5.826569723514359
650 5.080607595537122 5.928244716442802
651 5.080607595537122 6.007692314636314
652 5.080607595537122 5.481247073511148
653 5.080607595537122 8.013786230546257
654 5.080607595537122 6.38546126954427
655 5.080607595537122 8.640131439371615
656 5.080607595537122 5.939176569926623
657 5.080607595537122 6.008192070100056
658 5.080607595537122 7.580565247434947
659 5.080607595537122 6.337477749962747
660 5.080607595537122 6.967938634456178
661 5.080607595537122 5.761866285737455
662 5.080607595537122 8.51665682059933
663 5.080607595537122 7.011168450159733
664 5.080607595537122 10.07868817148771
665 5.080607595537122 6.582466703425106
666 5.080607595537122 5.604953633727022
667 5.080607595537122 5.3789106941204325
668 5.080607595537122 7.473872754237551
669 5.080607595537122 5.809621521849957
670 5.080607595537122 6.520536603855436
671 5.080607595537122 6.807731545336842
672 5.080607595537122 6.2335467724059255
673 5.080607595537122 6.273616210957226
674 5.080607595537122 5.661483038990362
675 5.080607595537122 6.323284150723381
676 5.080607595537122 5.619224332540937
677 5.080607595537122 6.286362439974113
678 5.080607595537122 5.4137644047657885
679 5.080607595537122 5.819669829059449
680 5.080607595537122 5.666190511009711
681 5.080607595537122 5.692618958881358
682 5.080607595537122 6.042365591704758
683 5.080607595537122 6.663793722677076
684 5.080607595537122 7.500355251193497
685 5.0806075955371295 5.95394965258726
686 5.0806075955371295 5.163714707008373
687 5.0806075955371295 5.69216447950128
688 5.0806075955371295 6.193029651546774
689 5.0806075955371295 5.44433087379317
690 5.0806075955371295 5.16343381552383
691 5.0806075955371295 6.550514101238508
692 5.0806075955371295 5.741155293351529
693 5.0806075955371295 5.917366285444998
694 5.080527271088227 5.84767530158968
695 5.080527271088227 5.258917112699866
696 5.080527271088227 5.133440033312622
697 5.080527271088227 5.134517873368516
698 5.080359175480201 5.9681629497784225
699 5.080359175480201 6.374300639677804
700 5.080359175480201 5.64855466169953
701 5.07999875008338 6.3234149423162265
702 5.07999875008338 6.696688989607545
703 5.07999875008338 5.468436398624011
704 5.07999875008338 6.209745012809779
705 5.07999875008338 7.856406757955955
706 5.07999875008338 6.287485643251192
707 5.079973170047854 6.5811594348112
708 5.079973170047854 6.451028236858512
709 5.079973170047854 6.928969642399237
710 5.079973170047854 5.973859816239258
711 5.079973170047854 5.929722008149534
712 5.079895730654105 5.127086553029787
713 5.079895730654105 5.801889504741971
714 5.079883156939818 5.832508568167262
715 5.079857576904292 5.120121489015518
716 5.079857576904292 5.671248095169228
717 5.079857576904292 5.644663574406303
718 5.079857576904292 6.539358370700734
719 5.079857576904292 5.393219428208278
720 5.079857576904292 5.860979332353777
721 5.079857576904292 6.520627533752546
722 5.079857576904292 5.115642709687444
723 5.079857576904292 5.361054345203646
724 5.079857576904292 6.005857513241715
725 5.079857576904292 5.263260841096805
726 5.079558705654566 6.5186213468434575
727 5.079558705654566 6.3786423574144875
728 5.079558705654566 5.284749379162592
729 5.079558705654566 6.355709754007755
730 5.0795000994724795 6.376448681170932
731 5.0795000994724795 5.340440482292292
732 5.0795000994724795 5.111481035215627
733 5.0795000994724795 6.008583572144305
734 5.0795000994724795 5.408416561379624
735 5.0795000994724795 6.961918477887016
736 5.0795000994724795 7.28460365937415
737 5.0795000994724795 5.654171048231813
738 5.0795000994724795 6.176746202101482
739 5.0795000994724795 5.6066880855941665
740 5.0795000994724795 5.637477594070023
741 5.0795000994724795 6.2514180217744615
742 5.0795000994724795 7.231238551073625
743 5.0795000994724795 7.65867525309966
744 5.0795000994724795 7.165950283844764
745 5.0795000994724795 5.438261854018187
746 5.0795000994724795 6.162821267956722
747 5.0795000994724795 5.711054261848658
748 5.0795000994724795 5.7492149316921735
749 5.079433657806344 5.8748863853207345
750 5.079433657806344 5.36168290433918
751 5.079433657806344 5.517939515159916
752 5.079311504222876 7.438539559812844
753 5.079311504222876 6.390841746070614
754 5.079311504222876 6.8087324760077115
755 5.079311504222876 5.386041033349142
756 5.079311504222876 7.530293869730657
757 5.079311504222865 7.382631928747716
758 5.079311504222865 6.257657119461767
759 5.079311504222865 6.16602702877829
760 5.079311504222865 5.460085838494798
761 5.079311504222865 5.293476295000952
762 5.079311504222865 6.077082544591943
763 5.079311504222865 5.261860957288946
764 5.079311504222865 6.758949530711726
765 5.079311504222876 6.190656043678886
766 5.079311504222876 5.1006536769173225
767 5.079311504222876 5.099289094576685
768 5.079309787221199 6.515260466145386
769 5.079309787221199 6.173860812378806
770 5.079309787221199 6.849123833261555
771 5.079309787221199 6.054225938860261
772 5.079309787221199 5.949733336683306
773 5.079309787221199 5.212105549255504
774 5.079309787221199 6.817143892004159
775 5.079309787221199 6.094339243572783
776 5.079309787221199 7.875944814156466
777 5.079309787221199 5.4547769528456715
778 5.079309787221199 5.098357957827963
779 5.079309787221199 5.550581732846909
780 5.079309787221199 6.830364062693522
781 5.079309787221199 6.210796341290279
782 5.079309787221199 10.004643212826657
783 5.079309787221199 6.721550830471539
784 5.078420440818956 7.224994314398217
785 5.078401842484009 6.783030596009357
786 5.078401842484009 7.047128828239871
787 5.078401842484009 6.35823923470873
788 5.078401842484009 6.0063055051534535
789 5.078401842484009 5.614290879027782
790 5.078401842484009 5.870347044013652
791 5.078401842484009 6.286617655211348
792 5.078401842484009 5.53344955875553
793 5.078401842484009 5.134650145521383
794 5.078401842484009 7.392164230892124
795 5.078401054932737 8.421564877640023
796 5.078401054932737 7.329104222030843
797 5.078401054932737 5.578921734246259
798 5.078401054932737 5.582276018000675
799 5.078401054932737 6.168107073319316
800 5.078401054932726 5.90594514248556
801 5.078401054932726 6.432772262834292
802 5.078401054932726 5.546771730702631
803 5.078401054932726 5.5424365872415535
804 5.078401054932726 5.100539149168616
805 5.078401054932726 5.697036213194605
806 5.078401054932726 6.018846579203898
807 5.078401054932726 5.961475699384641
808 5.078401054932726 7.5413295641004785
809 5.078401054932726 6.782609395754232
810 5.078401054932726 5.912589485608687
811 5.078401054932726 6.117739232873132
812 5.078401054932726 7.1870289091633985
813 5.078401054932726 5.25109172605478
814 5.078401054932726 6.0036188869002
815 5.078401054932726 6.031469000426771
816 5.068890847104807 6.97659936779007
817 5.068890847104807 7.905121268226538
818 5.068890847104807 5.605895590373401
819 5.068890847104807 5.1085690325751205
820 5.068890847104807 6.279050023123963
821 5.068890847104807 7.0930677631044965
822 5.068890847104807 7.108808467897083
823 5.068890847104807 6.658086181561033
824 5.068890847104807 6.510429954190519
825 5.068890847104807 8.382340138995936
826 5.068890847104807 6.743143825088003
827 5.068890847104807 6.562599318729987
828 5.068890847104807 6.246570098939959
829 5.068890847104807 5.66189613008465
830 5.068890847104807 5.959611122024897
831 5.068890847104807 6.688837403884835
832 5.068890847104807 7.308116271104938
833 5.068890847104807 6.8911829311678705
834 5.068890847104807 7.501088880950155
835 5.068890847104807 6.382878443440806
836 5.068890847104807 6.594324767916037
837 5.068890847104807 6.042847481076223
838 5.068890847104807 5.530939260544687
839 5.068890847104807 6.080214373376461
840 5.068890847104807 6.806475503809298
841 5.068890847104807 7.197383853356199
842 5.068890847104807 7.3401670856380505
843 5.068890847104807 7.443203454535141
844 5.068890847104807 8.205352714584594
845 5.068890847104807 5.408584278837074
846 5.068890847104807 5.098092983749616
847 5.068890847104807 8.059537513166482
848 5.068890847104807 6.367556957384568
849 5.068890847104807 6.048040368133595
850 5.068890847104807 6.136116817711886
851 5.068890847104807 7.807840945170726
852 5.068890847104807 5.376947315522954
853 5.068890847104807 6.533648981189078
854 5.068890847104807 5.78451803702168
855 5.068890847104807 5.969779799224214
856 5.068890847104807 5.900012006198292
857 5.068890847104807 6.221621405683719
858 5.068890847104807 5.490894144479123
859 5.068890847104807 5.2971344360657175
860 5.068890847104807 5.754818323449315
861 5.068890847104807 5.597883390775618
862 5.068890847104807 6.142648924566805
863 5.068890847104807 6.994750163909288
864 5.068890847104807 6.336851284062237
865 5.068890847104807 7.846995268836021
866 5.068890847104807 7.171115373826098
867 5.068890847104807 5.428152716511781
868 5.068890847104807 10.207525245153727
869 5.068890847104807 5.674041304884704
870 5.068890847104807 6.103493945484093
871 5.068890847104807 7.421565699938542
872 5.068890847104807 6.53669271559292
873 5.068890847104807 5.705297490437363
874 5.068890847104807 7.134916105503887
875 5.068890847104807 7.996042946669816
876 5.068890847104807 6.454704677796805
877 5.068890847104814 6.788354110330403
878 5.068890847104814 5.8756386774845994
879 5.06779020617731 7.6107217720223135
880 5.06779020617731 6.644344996961212
881 5.06779020617731 6.6554890424128805
882 5.06779020617731 6.526334727449738
883 5.06779020617731 5.82216382887068
884 5.06779020617731 6.084038255921323
885 5.06779020617731 6.416865504710184
886 5.06779020617731 5.520322825574125
887 5.067780637306658 5.133249489243277
888 5.067780637306658 6.369231639688301
889 5.067780637306658 8.348252427452822
890 5.067780637306658 5.297993161893076
891 5.067780637306658 5.846590019675668
892 5.067780637306658 6.165621363973678
893 5.067780637306658 6.223928622223733
894 5.06705956053187 5.40779101137284
895 5.06705956053187 5.574086165825862
896 5.06705956053187 5.301158394667868
897 5.067040950341184 6.258309261520589
898 5.067040950341184 6.092717759203619
899 5.067040950341184 6.562312220741074
900 5.067040950341184 6.604795303296965
901 5.067040950341184 8.48928642666499
902 5.067040950341184 7.792337281963317
903 5.067040950341184 6.095114054898481
904 5.067036825778775 5.65193495594944
905 5.067036811588654 6.455873311871166
906 5.067036811588654 6.38589414882329
907 5.067036811588654 5.119758764198629
908 5.067036811588654 5.979994529179723
909 5.067036811588654 7.191588706514639
910 5.067036811588654 6.010153162028579
911 5.067031561212001 5.781692231287575
912 5.067031561212001 5.133478656003365
913 5.067031561212001 6.076344269854073
914 5.067031561212001 6.122307611558706
915 5.067031561212001 5.697441717750338
916 5.067031561212001 5.141995466765122
917 5.067031561212001 5.436984236263592
918 5.067031561212001 5.3123700162755085
919 5.067031561212001 5.459898762656601
920 5.067031561212001 5.294311332633796
921 5.067031561212001 5.113529982899546
922 5.067031381470539 5.107191840024606
923 5.067031381470539 5.107598535793007
924 5.067031381470539 5.7453509981151125
925 5.067031381470539 5.108546216563413
926 5.067031381470539 6.506798421492647
927 5.067031381470539 6.3930982974765564
928 5.067031381470539 6.3257611351567276
929 5.067031381470539 6.164380583945566
930 5.067031381470539 5.409982342889609
931 5.067031381470539 5.1096475595499555
932 5.067031381470539 6.118544931114397
933 5.067031381470539 5.115611663455678
934 5.067031381470539 5.1163907863520945
935 5.067031381470539 6.655375198481912
936 5.067031381470539 5.7368424481104014
937 5.067031381470539 6.670849531769858
938 5.067031381470539 5.6569073476149905
939 5.067031381470539 6.035533634853664
940 5.067031381470539 7.283899057391582
941 5.067031381470539 5.369810286027217
942 5.067031381470539 5.2998100122810765
943 5.067031381470539 5.370165296429154
944 5.067031381470539 6.818320190414485
945 5.067031381470539 6.53683173425623
946 5.067031381470539 7.060757294803283
947 5.067031381470539 5.683370880960413
948 5.067031381470539 5.803061693502702
949 5.067031381470539 5.106657113066889
950 5.067031381470539 5.101879827197277
951 5.067031381470539 7.069096973027289
952 5.067031381470539 6.438542840788915
953 5.067031381470539 7.1005788062351805
954 5.067031381470539 6.321334977565624
955 5.067031381470539 5.102600753278606
956 5.067031381470539 5.7656985844786
957 5.067031381470539 5.720227099803194
958 5.067031381470539 5.998634143744077
959 5.067031381470539 5.97302379345918
960 5.067031381470539 6.725982555365587
961 5.067031381470539 5.231518792329263
962 5.067031381470539 6.701275919433153
963 5.067031381470539 6.477374526139868
964 5.067031381470539 6.154267471250425
965 5.067031381470539 5.782929944470968
966 5.067031381470539 7.824424898005121
967 5.067031381470539 6.245329381393596
968 5.067031381470539 7.385807475122613
969 5.067031381470539 5.6488729353164295
970 5.067031381470539 5.904113291380327
971 5.067031381470539 5.95544880243757
972 5.067031381470539 6.384982181321729
973 5.067031381470539 6.3513772117887095
974 5.067027242718002 7.239143798036077
975 5.067027242718002 6.231704465128031
976 5.067027242718002 6.393314380703985
977 5.067027242718002 5.685453347516834
978 5.067027242718002 6.284262457896202
979 5.067027242718002 5.534420762367003
980 5.067027242718002 5.449192926602979
981 5.067027242718002 5.318835948953702
982 5.067027242718002 6.164847748163335
983 5.067027242718002 7.014325676638659
984 5.067027242718002 6.306508906031687
985 5.067027242718002 5.57024383404335
986 5.067027242718002 6.337326381643947
987 5.067027242718002 5.698028031372367
988 5.067027242718002 6.650657181050575
989 5.067027242718002 5.75158163014571
990 5.067027242718002 5.111195821418637
991 5.067027242718002 5.6461355380817615
992 5.067027242718002 5.095813970886257
993 5.067027242718002 5.469679410418057
994 5.067027242718002 5.097922829735989
995 5.067027242718002 5.703566147128646
996 5.067027242718002 7.238148452556332
997 5.067027242718002 7.009560753888338
998 5.067027242718002 6.566071922205908
999 5.067027242718002 6.743359938811409
