# iteración mejor promedio
0 1133.9658270230248 4506.640956959932
1 728.6470006248505 3745.1936261139076
2 415.8659461163786 2793.2825925655306
3 255.4386924014323 2103.6407863595373
4 121.14713846182761 1303.9053107856244
5 117.80518554388195 836.8430476901925
6 88.13565075287534 584.6797802300684
7 68.93275191650066 418.6799479617321
8 45.38467636249029 312.3613041905453
9 45.38467636249029 257.6881958067572
10 42.83773970154324 199.61780971943625
11 42.83773970154324 210.56376133885442
12 37.1447322429689 123.189590683801
13 37.1447322429689 124.56282603121235
14 31.137223673247185 164.09070068146514
15 31.137223673247185 110.35175205600139
16 30.799665793524316 112.3478852976639
17 24.218278907425617 91.02736868352842
18 18.901819296105867 115.06643009849832
19 18.901819296105867 91.85946828343148
20 18.6239957611855 79.79345931879764
21 17.43983660524078 48.43979540049176
22 14.777381448869658 68.88580870644547
23 13.764221125370291 91.76553476552063
24 13.764221125370291 45.68831714300596
25 13.764221125370291 81.48885665367429
26 13.750287531562792 27.722138511774894
27 13.750287531562792 27.760383908677362
28 13.750287531562792 27.245254189745467
29 13.750287531562792 19.334438528569645
30 13.750287531562792 19.408608760396092
31 13.750287531562792 25.409431095501997
32 13.750287531562792 19.35044367278553
33 13.639135498652795 38.111341051116185
34 13.639135498652795 25.699173926994746
35 13.639135498652795 18.177603485812334
36 13.639135498652795 23.12618233776799
37 13.500991926568394 18.05984175003274
38 13.500991926568394 23.696742055525224
39 13.500991926568394 16.27515474312692
40 13.500991926568394 16.149575054366352
41 13.500991926568394 19.328833780623658
42 13.500991926568394 19.729184172750532
43 13.344422841928695 24.52353167222941
44 13.344422841928695 42.49511263756611
45 13.344422841928695 15.219377155131998
46 13.344422841928695 15.11457712729714
47 13.061135912105577 14.7917921443074
48 13.060890533718123 16.057408905551355
49 13.055700010931908 23.969930453755815
50 13.015814906414818 14.784108353059558
51 12.84974104248345 17.642079613269868
52 12.84974104248345 21.566070891205833
53 12.762444419509109 20.216827406681695
54 12.762444419509109 14.561208038458762
55 12.762444419509109 14.593828891904238
56 12.762444419509109 14.887402014699017
57 12.762444419509109 20.735304421101805
58 12.762444419509109 34.75805993460589
59 12.762444419509109 46.58089991159379
60 12.762444419509109 18.11045591560165
61 12.762389029563785 47.01248162412803
62 12.695977855964927 18.036858507163984
63 12.695977855964927 14.355892741752792
64 12.695977855964927 37.5036438886465
65 12.695977855964927 21.669146706278795
66 12.684593031902995 18.242424603685958
67 12.684593031902995 15.27789784162913
68 12.684593031902995 14.79079496565226
69 12.683518063562522 14.875620717403205
70 12.67636208226471 20.11241293895932
71 12.67636208226471 26.899874817516075
72 12.654474357490583 19.994811330634636
73 12.644534281627864 13.95359339219501
74 12.644534281627864 14.062036458475966
75 12.644534281627864 14.047709019497114
76 12.644534281627864 63.908327993968385
77 12.644534281627864 41.66362529893385
78 12.644534281627864 20.553888310043234
79 12.644534281627864 25.46393170716985
80 12.644534281627864 16.057776270149088
81 12.644534281627864 15.962023109317945
82 12.644534281627864 13.758362887264148
83 12.644534281627864 13.93586877232793
84 12.6416806522906 13.692194737982184
85 12.6416806522906 13.66605592377281
86 12.6416806522906 13.757861857924583
87 12.6416806522906 13.61175540811013
88 12.6416806522906 16.316383805606105
89 12.6416806522906 13.666423384262917
90 12.6416806522906 13.72368474114962
91 12.6416806522906 15.222096539772206
92 12.6416806522906 13.876024330741204
93 12.626876781741815 16.0821052282313
94 12.626876781741815 13.783006825135944
95 12.626147092536401 59.84366846557233
96 12.626147092536401 13.597242889102382
97 12.626147092536401 13.713755375139144
98 12.626147092536401 18.525324966489322
99 12.626147092536401 18.32190470527336
100 12.626147092536401 16.535517914330356
101 12.626147092536401 45.3023842511433
102 12.626147092536401 22.487435116711875
103 12.626147092536401 43.16604405152789
104 12.626147092536401 13.945111267379216
105 12.626147092536401 21.51220823818866
106 12.626147092536401 26.433117854518983
107 12.626147092536401 14.919795832354732
108 12.626147092536401 45.1697402639137
109 12.626147092536401 18.77914914735717
110 12.626147092536401 13.653968475074526
111 12.626147092536401 20.49339900011937
112 12.626147092536401 13.67325096381794
113 12.626147092536401 33.68757004952588
114 12.626147092536401 13.652087615836821
115 12.626147092536401 13.578177083653479
116 12.626147092536401 13.416535653487088
117 12.626147092536401 13.416865729372367
118 12.626147092536401 17.747416897678242
119 12.626147092536401 18.69736484805638
120 12.625732199459652 13.358735832447673
121 12.625732199459652 13.159238334445716
122 12.625732199459652 13.17850406157102
123 12.625732199459652 13.230769060227733
124 12.625732199459652 13.273107239679526
125 12.625732199459652 34.972895514706586
126 12.625732199459652 13.638710100922816
127 12.625732199459652 15.619443220663829
128 12.625732199459652 34.70351672026826
129 12.625732199459652 13.118145066182917
130 12.625732199459652 13.293633148930537
131 12.625732199459652 13.283096597600847
132 12.625732199459652 33.91748978545218
133 12.625732199459652 13.345349204520785
134 12.625732199459652 13.181547684509635
135 12.625732199459652 13.538791434910502
136 12.625732199459652 18.961916379764094
137 12.625732199459652 19.371866077558618
138 12.625732199459652 13.043589689218601
139 12.625732199459652 13.213720924791325
140 12.625732199459652 13.212703556585259
141 12.625732199459652 17.86630541572182
142 12.625732199459652 17.413694551116805
143 12.625732199459652 13.120829151846099
144 12.625732199459652 13.019868147313234
145 12.625732199459652 12.957879993808797
146 12.625643141210661 13.228187834134728
147 12.625643141210661 17.477441169099126
148 12.625643141210661 13.041569597088703
149 12.625643141210661 13.136144172410921
150 12.625643141210661 13.240750161587851
151 12.625643141210661 14.41801294888217
152 12.625643141210661 14.816388836440535
153 12.625642642315107 13.114624980373526
154 12.625642642315107 13.10778493737594
155 12.625642642315107 12.917168468414902
156 12.625642642315107 13.430076008163486
157 12.625642642315107 13.031494522944472
158 12.625642642315107 13.131879851487595
159 12.625642642315107 13.336017557597925
160 12.625642642315107 17.18211513232548
161 12.625642642315107 16.908023047922907
162 12.625642642315107 13.02772245863
163 12.625642642315107 17.575324416146575
164 12.625642642315107 15.441545409835248
165 12.625642642315107 13.227164742842366
166 12.625642642315107 13.42760338066908
167 12.625642642315107 17.388470047538082
168 12.625642642315107 13.142012592722375
169 12.625642642315107 13.042241666147127
170 12.625642642315107 15.82996788651958
171 12.625642642315107 19.88688396587926
172 12.625642642315107 13.247399167387032
173 12.625642642315107 14.443641871018622
174 12.625642642315107 23.001018940045196
175 12.625642642315107 12.956179920468687
176 12.625642642315107 13.154334061370164
177 12.625642642315107 13.333239046930693
178 12.625642642315107 26.101893559544393
179 12.625642642315107 13.230031407765082
180 12.625642642315107 15.548822995772282
181 12.625642642315107 14.366544121287541
182 12.625642642315107 14.288465231377591
183 12.625642642315107 13.371013871343475
184 12.625642642315107 13.084805216587977
185 12.625642642315107 13.275044821744073
186 12.625642642315107 17.634452454603778
187 12.625642642315107 14.051602545673447
188 12.625642642315107 14.192309500646527
189 12.625642642315107 13.090691663852356
190 12.625642642315107 17.632216035518596
191 12.625638455139587 15.934038289425278
192 12.625638455139587 12.985120828106439
193 12.625638455139587 12.984663383756907
194 12.625638455139587 14.399026215320319
195 12.625638455139587 13.150865213974663
196 12.625638455139587 36.412938757920685
197 12.625638455139587 14.305905992250205
198 12.625638455139587 12.939763444928417
199 12.625638455139587 13.134851946658062
200 12.625638455139587 14.70153090899404
201 12.625638455139587 12.938546899313405
202 12.625638455139587 17.315395213886486
203 12.625638455139587 14.669313218969789
204 12.625638455139587 16.267507834503768
205 12.625638455139587 15.204050071001372
206 12.625638455139587 13.221092134358479
207 12.625638455139587 26.616426975492782
208 12.625638455139587 13.019412067971285
209 12.625638455139587 13.222174224839783
210 12.625638455139587 15.992507234018182
211 12.625638455139587 21.3458745244525
212 12.625638455139587 16.31772459175115
213 12.625638455139587 13.004388582590845
214 12.625638455139587 13.01251687316904
215 12.625638455139587 13.094144312882241
216 12.625638455139587 18.515543269315227
217 12.625638455139587 12.892606192631517
218 12.625638455139587 12.995245071069268
219 12.625638455139587 13.083075683839468
220 12.625638455139587 14.15153920513163
221 12.625638455139587 12.88634249808565
222 12.625638455139587 12.791229950853733
223 12.625638455139587 12.890058726214813
224 12.625638455139587 12.873005592502262
225 12.625638455139587 13.273233694673685
226 12.625638455139587 18.485993332742257
227 12.625638455139587 13.25855221280306
228 12.625638455139587 12.762850475319219
229 12.625638455139587 12.9572309088313
230 12.625638455139587 13.054466350444159
231 12.625638455139587 16.20182341105931
232 12.625638455139587 12.863708575465985
233 12.625638455139587 12.966571629235835
234 12.625158296459132 12.953609466274655
235 12.625144526297934 12.75137499797571
236 12.625144526297934 13.051304112538599
237 12.6248507818825 39.7414166080172
238 12.6248507818825 12.943498387078346
239 12.6248507818825 15.746529041038373
240 12.6248507818825 17.191785811526614
241 12.6248507818825 12.826115497740446
242 12.6248507818825 17.030574374331035
243 12.6248507818825 58.44733403900465
244 12.6248507818825 19.349757724000852
245 12.6248507818825 34.40974791993435
246 12.6248507818825 18.0706846619443
247 12.6248507818825 12.713536318110368
248 12.6248507818825 12.7086714939364
249 12.6248507818825 12.894961695152869
250 12.6248507818825 39.48373156036052
251 12.6248507818825 16.97665397879397
252 12.6248507818825 15.341459836837512
253 12.6248507818825 12.693298965029951
254 12.6247961623694 13.085181063690532
255 12.6247961623694 15.461176475022844
256 12.6247961623694 15.370549812349177
257 12.624723925534576 13.085990461243592
258 12.624723925534576 14.227949350364034
259 12.624723925534576 12.872141766652517
260 12.624723925534576 14.11974784071942
261 12.624723925534576 12.866808013106974
262 12.624723925534576 12.773744460326348
263 12.624723925534576 15.95295710585414
264 12.624723925534576 17.320193777029388
265 12.624720612442914 36.954042234816434
266 12.624720612442914 36.002235616799425
267 12.624720612442914 12.766433883578848
268 12.624720612442914 12.7674309213253
269 12.624720612442914 12.765598418043764
270 12.624720612442914 37.96881807029104
271 12.62470244401165 12.765007291344654
272 12.62470244401165 14.767270795904965
273 12.62470244401165 12.762148791967952
274 12.62470244401165 13.056467423041646
275 12.62470244401165 12.85789764635755
276 12.62470244401165 35.28014395047897
277 12.624702418049335 12.955135677307148
278 12.624702418049335 17.582642259936893
279 12.624702418049335 18.16581031226276
280 12.624702418049335 12.858309373805783
281 12.624702418049335 12.756753331819489
282 12.624702418049335 12.756972354489376
283 12.624702418049335 12.85269101852924
284 12.624702418049335 12.753666600410304
285 12.624702418049335 12.855617059816302
286 12.624702418049335 22.881050560103187
287 12.624702418049335 16.81460315525865
288 12.624702418049335 16.380189215486386
289 12.624702418049335 18.931916531809875
290 12.624702418049335 12.946293343199628
291 12.624702418049335 12.654112515159769
292 12.624702418049335 12.750529737548813
293 12.624702418049335 12.8475062875814
294 12.624702418049335 12.750735782899888
295 12.624702418049335 17.4457420525708
296 12.624702418049335 20.907261544358704
297 12.624702418049335 17.001697041620922
298 12.624702418049335 14.842472165918643
299 12.624702418049335 12.847602616336927
300 12.624702418049335 15.359021801946735
301 12.624702418049335 16.9406484742246
302 12.624702418049335 16.87342293705511
303 12.624702418049335 15.015707725291652
304 12.624702418049335 18.391989897684425
305 12.624702418049335 13.04772388744307
306 12.624702418049335 19.081043070635598
307 12.624702418049335 12.85629723235857
308 12.624702418049335 14.496637232715557
309 12.624702418049335 12.777868984152976
310 12.624702418049335 12.661629468781303
311 12.624702418049335 12.845200187134697
312 12.624702418049335 17.322025557431495
313 12.624702418049335 54.461804635171376
314 12.624702418049335 36.40145808667669
315 12.624702418049335 14.214318404536627
316 12.624702418049335 26.533317663281238
317 12.624702418049335 42.63471034670664
318 12.624702418049335 13.035751567824295
319 12.624697730219298 12.84284471065483
320 12.624697730219298 12.93800066699545
321 12.624697730219298 38.22606862998871
322 12.624697730219298 14.700284855003298
323 12.624697730219298 18.30380983221766
324 12.624697730219298 22.266403976321218
325 12.624697730219298 36.80491133716683
326 12.624697730219298 12.83878514867887
327 12.624697730219298 16.31910503162752
328 12.624697730219298 12.939271888715197
329 12.624697730219298 12.74526947365566
330 12.624697730219298 17.144721483393642
331 12.624697730219298 12.746421017156253
332 12.624697730219298 12.745570165198977
333 12.624697730219298 12.648614789915259
334 12.624697730219298 12.841579569064622
335 12.624697730219298 12.742385335627345
336 12.624697730219298 12.835727075885291
337 12.624697730219298 13.028184300259031
338 12.624697730219298 22.35701634583656
339 12.624697730219298 16.28658565911098
340 12.624697730219298 14.207179177021239
341 12.624697730219298 16.346033687860828
342 12.624697730219298 18.59010099526953
343 12.624697730219298 66.0188012405612
344 12.624697730219298 12.737914320202233
345 12.624697730219298 41.745015950803825
346 12.624697730219298 19.52196086632983
347 12.624697730219298 13.511721721424756
348 12.624697730219298 13.028134553718706
349 12.624697730219298 13.028846967150864
350 12.624697730219298 14.941848351948074
351 12.624697730219298 38.467781233095536
352 12.624697730219298 13.997958312897914
353 12.624697730219298 22.01894755145654
354 12.624697730219298 12.930764613021955
355 12.624697730219298 23.184863361992228
356 12.624697730219298 19.670050702516743
357 12.624697730219298 12.907964523722676
358 12.624697730219298 12.644446445389018
359 12.624697730219298 12.839158215813924
360 12.624697730219298 13.94222008235371
361 12.624697730219298 13.227161459382977
362 12.624697730219298 20.114206227697217
363 12.624697730219298 21.287565141679153
364 12.624697730219298 12.735520593642523
365 12.624697730219298 17.188438097244717
366 12.624697730219298 18.672144716267596
367 12.624697730219298 12.734790774600619
368 12.624697730219298 34.22692799266058
369 12.624697730219298 15.490254311511329
370 12.624697730219298 12.831140204192288
371 12.624697730219298 13.021812751218388
372 12.624697730219298 12.829020792614255
373 12.624697730219298 13.022137113445126
374 12.624697730219298 19.624230007271443
375 12.624697730219298 12.82423179264458
376 12.624697730219298 12.72827367965059
377 12.624697730219298 12.919796217158835
378 12.624697730219298 12.726114118238042
379 12.624697730219298 12.919866754340585
380 12.624697730219298 15.41356036147678
381 12.624697730219298 15.177147995642065
382 12.624697730219298 13.902106420302287
383 12.624697730219298 13.80316444685091
384 12.624697730219298 12.726556640414085
385 12.624697730219298 17.156555633764764
386 12.624697730219298 27.85301060646644
387 12.624697730219298 15.866772556158214
388 12.624697730219298 13.96722699937937
389 12.624697730219298 12.72418488257376
390 12.624697730219298 12.916890217742253
391 12.624697730219298 13.110680068168637
392 12.624697730219298 12.72508710258491
393 12.624697730219298 17.008987429661666
394 12.624697730219298 13.111520514535714
395 12.624697730219298 16.973661416758397
396 12.624697730219298 12.823278160054373
397 12.624697730219298 17.29721361205916
398 12.624697730219298 13.111907859615606
399 12.624697730219298 15.121783979473928
400 12.624697730219298 12.918254218213681
401 12.624697730219298 36.97902687216445
402 12.624697730219298 16.617247304693077
403 12.624697730219298 12.919148511087853
404 12.624697730219298 16.216662470588233
405 12.624697730219298 15.989668529395505
406 12.624697730219298 38.53652147939685
407 12.624697730219298 12.91741991218661
408 12.624697730219298 12.72437144780308
409 12.624697730219298 13.111041720229666
410 12.624697730219298 39.428837676443706
411 12.624697730219298 45.68966703659408
412 12.624697730219298 13.109411808540244
413 12.624697730219298 52.54564317699087
414 12.624697730219298 12.916424283383755
415 12.624697730219298 23.6836047205817
416 12.624697730219298 14.297231340287423
417 12.624697730219298 15.287391091331324
418 12.624697730219298 16.670758521392962
419 12.624697730219298 67.94021993473288
420 12.624697730219298 12.62556676338467
421 12.624697730219298 12.819376737853677
422 12.624697730219298 36.902548742279784
423 12.624697730219298 19.089199971480244
424 12.624697730219298 13.011316563100358
425 12.624697730219298 35.04944824720429
426 12.624697730219298 13.011210187337246
427 12.624697730219298 38.655385769370135
428 12.624697730219298 16.181014472349457
429 12.245275925204334 13.538954268377342
430 12.244666564225355 17.09519971469034
431 12.244666564225355 13.10018389726391
432 12.244666564225355 28.686699036893888
433 12.244666564225355 13.699979990626899
434 12.244666564225355 17.00227850979208
435 12.244666564225355 12.621010375690059
436 12.244666564225355 13.009220560912047
437 12.244666564225355 20.869005633655107
438 12.244661876395318 62.59410178816415
439 12.244661876395318 19.310538178586064
440 12.244661876395318 19.38500768991536
441 12.244661876395318 25.557610597334943
442 12.244661876395318 12.9106920191925
443 12.244661876395318 12.912589374134598
444 12.244661876395318 17.52873305807361
445 12.244661876395318 13.766421050148212
446 12.244661876395318 13.04505662653294
447 12.244661876395318 14.33478621271867
448 12.244661876395318 12.823311275155401
449 12.244661876395318 15.549516957077463
450 12.244661876395318 12.834393656048086
451 12.244661876395318 12.765750561797827
452 12.244661876395318 13.04437594694722
453 12.244661876395318 17.330567369169426
454 12.244661876395318 38.34789094163512
455 12.244661876395318 16.617122419071723
456 12.244661876395318 17.63260196170348
457 12.244661876395318 18.221551375719812
458 12.244661876395318 12.6095340714546
459 12.244661876395318 12.60763503780922
460 12.244661876395318 14.42005753201748
461 12.244661876395318 17.000743826647277
462 12.244661876395318 32.4827163722559
463 12.244661876395318 12.905503829033353
464 12.244661876395318 25.023694565290253
465 12.244661876395318 12.711046563604684
466 12.244661876395318 12.594334816931823
467 12.244661876395318 12.598139565957323
468 12.244661876395318 32.667387775011015
469 12.244661876395318 19.16874048678586
470 12.244661876395318 68.38357279230719
471 12.244661876395318 18.60926241218661
472 12.244661876395318 59.94574497936018
473 12.244661876395318 16.204423562202646
474 12.244661876395318 12.845595381177798
475 12.244661876395318 12.891348884511824
476 12.244661876395318 12.690926078347827
477 12.244661876395318 12.652113579637502
478 12.244661876395318 12.757447619357722
479 12.244661876395318 36.01765574788701
480 12.244661876395318 12.569601334071148
481 12.244661876395318 12.836908378168713
482 12.244661876395318 12.825128682685664
483 12.244661876395318 34.929946478941616
484 12.243540221932198 38.44246206520664
485 12.242446272945354 17.619141385981045
486 12.242446272945354 36.065216930578565
487 12.242446272945354 31.367103884181837
488 12.239252281676967 34.351622468307426
489 12.239252281676967 19.966120759836627
490 12.239252281676967 32.76685805814791
491 12.239252281676967 40.748278012836465
492 12.23924759384693 14.83872486592026
493 12.23924759384693 12.566684536604768
494 12.23924759384693 32.45887445837827
495 12.23924759384693 12.881178016474031
496 12.239212487638186 32.48360906851313
497 12.239212487638186 14.129346537850708
498 12.239212487638186 12.984270095202064
499 12.239212487638186 50.165225364331256
500 12.239212487638186 17.873695522870918
501 12.239212487638186 12.97785825682715
502 12.239212487638186 12.885205131642998
503 12.239212487638186 13.077313039850713
504 12.239212487638186 14.51205232063738
505 12.239212487638186 13.563472242600628
506 12.239212487638186 12.793016001109734
507 12.239212487638186 18.344634897441434
508 12.239212487638186 13.91001353249401
509 12.239212487638186 12.745876200469182
510 12.239212487638186 17.36530207200794
511 12.239212487638186 34.11022961450223
512 12.239212487638186 37.68622874743194
513 12.239212487638186 14.314753821492479
514 12.235868950631053 13.416878454486397
515 12.235868950631053 20.848811392305315
516 12.235832549733102 14.307336261359602
517 12.235832549733102 12.58206649222186
518 12.235832549733102 12.816422569000167
519 12.235832549733102 14.860918334925227
520 12.235832549733102 47.98063554479452
521 12.235832549733102 13.021535619941062
522 12.235827861903063 14.212810598564054
523 12.235827861903063 14.310553900750508
524 12.235827861903063 14.811759872206732
525 12.235827861903063 33.742070002729434
526 12.235827861903063 13.795575235239152
527 12.235827861903063 12.527577142007983
528 12.235827861903063 13.27269746250764
529 12.235827861903063 46.76389443136632
530 12.235827861903063 12.651424081127294
531 12.235827861903063 12.910045498711977
532 12.235827861903063 51.96787019053096
533 12.235827861903063 12.539471209205773
534 12.235827861903063 33.953369029897146
535 12.235827861903063 36.79788044646671
536 12.235827861903063 17.839704934086143
537 12.235827861903063 33.95582544054776
538 12.235827861903063 86.34980321250637
539 12.235827861903063 26.74541936780593
540 12.235827861903063 18.548671657795648
541 12.235827861903063 13.49722918513795
542 12.235827861903063 34.00011196978966
543 12.235827861903063 15.22460332705545
544 12.235827861903063 12.737975760939744
545 12.235827861903063 17.97814213409233
546 12.235827861903063 17.719126356958
547 12.235827861903063 30.870426548975693
548 12.235827861903063 12.927605390487127
549 12.235827861903063 47.320594206745874
550 12.235827861903063 13.665811487297347
551 12.235827861903063 14.696177924557947
552 12.235827861903063 12.431239200358124
553 12.235827861903063 12.485242513606366
554 12.234765462910445 17.522082218565853
555 12.234765462910445 12.6500847916704
556 12.234743264712211 73.64486984767474
557 12.234729062012494 13.005902501528556
558 12.23470686381426 14.428410762498185
559 12.23470686381426 14.568401247551627
560 12.233645133845565 22.317191873168827
561 12.233645133845565 37.40549873519007
562 12.233645133845565 15.983465038793309
563 12.233645133845565 12.511489967740024
564 12.233645133845565 33.88858451986843
565 12.233645133845565 77.07142325748197
566 12.233645133845565 21.241126323400223
567 12.233645133845565 14.350503284066468
568 12.233608732947614 12.521877473839224
569 12.233608732947614 12.864314530189336
570 12.233608732947614 13.071790319843265
571 12.233608732947614 18.891915981007404
572 12.233608732947614 45.14617986368437
573 12.233608732947614 12.515940799872462
574 12.233608732947614 14.91603947727077
575 12.233608732947614 24.806332047423606
576 12.233591233198252 12.455685660476574
577 12.233591233198252 14.899514921419785
578 12.233586545368215 13.178513578117085
579 12.233586545368215 12.399943426702643
580 12.233586545368215 12.681073019698138
581 12.233586545368215 16.566689667596844
582 12.233586545368215 36.43824024230755
583 12.233586545368215 20.785775060591956
584 12.233586545368215 14.420470311948367
585 12.233586545368215 32.276754867326105
586 12.233586545368215 18.961117318730885
587 12.233586545368215 33.076192088278546
588 12.233586545368215 12.408167379030978
589 12.233586545368215 18.888139130215436
590 12.233586545368215 14.079109415668652
591 12.233586545368215 12.354438331636302
592 12.233586545368215 12.676596973099288
593 12.233586545368215 22.25648340645102
594 12.233586545368215 14.024221041515627
595 12.233586545368215 12.242536012257332
596 12.233586545368215 12.241854799345584
597 12.233586545368215 12.346413243597322
598 12.233586545368215 12.763875599799348
599 12.233586545368215 18.544158377884752
600 12.233586545368215 20.75465264785087
601 12.233586545368215 16.269123204909885
602 12.233586545368215 12.345292450004244
603 12.233586545368215 12.763191011964992
604 12.233586545368215 13.73174701258395
605 12.233586545368215 12.34641737162599
606 12.233586545368215 14.194246545513774
607 12.233586545368215 12.346977168188362
608 12.233586545368215 12.347180605602324
609 12.233586545368215 15.876302619447705
610 12.233586545368215 13.445664009841586
611 12.233586545368215 12.556449883820108
612 12.233586545368215 13.95633516113403
613 12.233586545368215 12.242583733503093
614 12.233586545368215 12.346211347276423
615 12.233586545368215 12.555497174786272
616 12.233586545368215 21.42933374319645
617 12.233586545368215 14.161610646869855
618 12.233586545368215 30.743375236698185
619 12.233586545368215 12.555852081195015
620 12.233586545368215 38.25994814021399
621 12.233586545368215 12.659370609371349
622 12.233586545368215 54.87213141811617
623 12.233586545368215 14.634070428040479
624 12.233586545368215 12.503033035219243
625 12.233586545368215 12.484461121284289
626 12.233586545368215 15.119891073914495
627 12.233586545368215 12.553877743589483
628 12.233586545368215 12.44984631739376
629 12.233586545368215 12.450126503848438
630 12.233586545368215 12.345981656006009
631 12.233586545368215 12.554877242336344
632 12.233586545368215 31.56076217809864
633 12.233586545368215 13.700444986008447
634 12.233586545368215 12.34584255108598
635 12.233586545368215 12.450612238816934
636 12.233586545368215 12.345763711075374
637 12.233586545368215 17.174611863761495
638 12.233586545368215 20.877023926659746
639 12.233586545368215 12.554791989227304
640 12.233586545368215 16.852066470416656
641 12.233586545368215 12.449715831172153
642 12.233586545368215 24.46057508862888
643 12.233586545368215 14.666709095499671
644 12.233586545368215 36.81153439513444
645 12.233586545368215 14.915162117893756
646 12.233586545368215 14.797998237787983
647 12.233586545368215 12.451668474437716
648 12.233586545368215 13.861393803410149
649 12.233586545368215 17.124482690755993
650 12.233586545368215 12.765156478978522
651 12.233586545368215 24.831137424064607
652 12.233586545368215 16.325236121257017
653 12.233586545368215 22.28313126201059
654 12.233586545368215 38.53130467974938
655 12.233586545368215 12.661293396431775
656 12.233586545368215 14.91614410982195
657 12.233586545368215 12.766567994149582
658 12.233586545368215 12.453016387869324
659 12.233586545368215 12.55773912344779
660 12.233586545368215 15.78070942712082
661 12.233586545368215 12.348399771466926
662 12.233586545368215 12.244165715534638
663 12.233586545368215 12.244587888128452
664 12.233586545368215 12.244019753124503
665 12.233586545368215 12.661540571834792
666 12.233586545368215 14.362834087316225
667 12.233586545368215 20.902479317441724
668 12.233586545368215 12.242945491384276
669 12.233586545368215 12.347999011558167
670 12.233586545368215 14.756634652994455
671 12.233586545368215 14.880539175636128
672 12.233586545368215 12.45213707703258
673 12.233586545368215 12.66105464289885
674 12.233586545368215 19.235032301662258
675 12.233586545368215 15.790874779774548
676 12.233586545368215 16.56446781933405
677 12.233586545368215 12.554938340490706
678 12.233586545368215 12.5553772337754
679 12.233586545368215 37.9522419548274
680 12.233586545368215 38.20897320638683
681 12.233586545368215 16.789160289196417
682 12.233586545368215 14.651286097104903
683 12.233586545368215 16.538774106198936
684 12.233586545368215 12.346240931093064
685 12.233586545368215 35.97177171217758
686 11.694978445554963 13.627544518040551
687 11.694978445554963 12.298977812504289
688 11.670452652502092 12.454103125919717
689 11.515288283335865 12.537475073047714
690 11.486228876175336 12.71689645680153
691 11.486228876175336 21.01393398472538
692 11.486228876175336 12.468358319232662
693 11.486228876175336 16.03149163317654
694 11.486228876175336 12.806918335391344
695 11.486228876175336 34.1098679522584
696 11.486228876175336 14.477229502621801
697 11.486228876175336 12.400949144750308
698 11.486228876175336 34.96913069762396
699 11.486228876175336 18.97141471769054
700 11.486228876175336 14.568509926005047
701 11.486228876175336 12.780286331218925
702 11.486228876175336 33.8790752431018
703 11.488443328766476 18.048464601328075
704 11.478685186530917 12.65609862781807
705 11.478685186530917 12.526468676037645
706 11.478685186530917 50.92895472728203
707 11.478685186530917 12.34490324166356
708 11.478685186530917 12.879460541009667
709 11.476437678694499 48.92362883102167
710 11.381749530342319 17.0573924975336
711 11.381749530342319 15.570734598312136
712 11.381749530342319 18.869188057527428
713 11.380623772633633 12.879973709611
714 11.380623772633633 16.721112378171018
715 11.380623772633633 16.878409340148057
716 11.372757821444427 12.507582407946519
717 11.372757821444427 12.231314810230359
718 11.372757821444427 12.80145805129611
719 11.372757821444427 12.538302840104448
720 11.372757821444427 14.15112083428385
721 11.372757821444427 12.514503750273368
722 11.372757821444427 12.642714702220216
723 11.372757821444427 54.69888495797526
724 11.372515840228468 12.341552117537267
725 11.372515840228468 12.540140861350242
726 11.372515840228468 12.76851485735191
727 11.372511445546213 18.73572871971136
728 11.372511445546213 15.346137155621102
729 11.372511445546213 19.14652386503675
730 11.363529570235427 34.858677252385725
731 11.363529570235427 16.899168995247475
732 11.363529570235427 15.883221175557074
733 11.363529570235427 69.90609600666983
734 11.363529570235427 62.81573760307343
735 11.363529570235427 37.622101023576086
736 11.363529570235427 17.775297744543515
737 11.363529570235427 56.7489123928632
738 11.363529570235427 39.79070736741733
739 11.363529570235427 51.97552709369295
740 11.3357012133711 56.29648494393563
741 11.3357012133711 19.09748652933568
742 11.3357012133711 56.72650005181494
743 11.335696525541064 34.590306532332434
744 11.335684928789583 69.07581718408525
745 11.335680240959546 33.75596091507893
746 11.32757230855438 31.66660096007921
747 11.32757230855438 37.06371105559542
748 11.32757230855438 30.881001016242426
749 11.32757230855438 43.87225480508992
750 11.32757230855438 77.92800865401539
751 11.32757230855438 32.762413723802
752 11.32757230855438 15.614771251705786
753 11.32757230855438 50.163443512195926
754 11.326703346984369 34.832865351373265
755 11.326703249506966 30.73246104933009
756 11.326703249506966 62.82581529577331
757 11.326703249506966 40.12712364435522
758 11.326703249506966 71.70558369826014
759 11.326703249506966 33.920566878087755
760 11.326703249506966 30.867043862065366
761 11.326703249506966 13.911401049197165
762 11.326703249506966 51.676104178164906
763 11.318592236964712 20.124630098020976
764 11.318592236964712 34.81573820653706
765 11.088770603371803 16.75243572282476
766 11.088770603371803 23.76661678500598
767 11.088770603371803 56.039132741018996
768 11.072930010715224 17.111690082199992
769 11.072930010715224 31.939159136369696
770 11.087541144334246 35.911656074281844
771 11.087536456504209 56.86836433122113
772 11.087536456504209 46.574099879453215
773 11.075425017259462 29.46880868884637
774 11.075425017259462 41.25759588911713
775 11.075424626276487 15.638931913303466
776 11.073697513823824 22.46676079770959
777 11.073697513823824 53.493889034574806
778 11.073697122840848 36.67876555099381
779 11.073697122840848 17.775227514865957
780 11.073697122840848 32.82667798361226
781 11.073697122840848 14.85540102119051
782 11.073697122840848 11.89100198569721
783 11.065842197147509 30.716708815825925
784 11.065842197147509 11.937417852613235
785 11.065842197147509 29.432046488241404
786 11.065842197147509 13.532775758576381
787 11.065842197147509 32.83204186332146
788 11.065841903999726 12.165705494089497
789 11.065841903999726 17.686452970946277
790 11.065841903999726 18.68982633278756
791 11.065841903641935 14.198491671785245
792 11.065841806164533 32.8332860020491
793 11.065841806164533 11.687027078732187
794 11.065841806164533 69.04293442663517
795 11.065841806164533 12.000028795669216
796 11.065841806164533 13.964047041402928
797 11.065841806164533 42.65402648225664
798 11.065841806164533 11.822800752364426
799 11.065841806164533 15.277315092749419
800 11.0646954509553 46.300250100111114
801 11.0646954509553 35.992558491031645
802 11.0646954509553 16.218680949503156
803 11.0646954509553 12.367293300226361
804 11.0646954509553 15.834374319055055
805 11.064689211124664 41.320179890507
806 11.064689211124664 34.40138403692359
807 11.064689211124664 11.892869359649621
808 11.064689113289472 12.112541815879654
809 11.063245846882442 34.661364201433074
810 11.063245846882442 14.037574356987122
811 11.063245846882442 11.861859396262378
812 11.063245846882442 18.101390451706408
813 11.063245846882442 46.18019938941256
814 11.063245846882442 12.392054836800655
815 11.063239903227295 31.43876160108831
816 11.061683600958004 19.662642594801188
817 11.061683600958004 39.23576108626687
818 11.061683600958004 12.738929212705225
819 11.061683600958004 12.472514531276332
820 11.061683600958004 11.297767713969533
821 11.061683600958004 34.34892163072327
822 11.061683600958004 31.051307421492584
823 11.061683600958004 40.55390036545104
824 11.06132711159577 11.38159578161072
825 11.06132711159577 11.65073895496074
826 11.06132711159577 11.68727483292686
827 11.061128423359078 13.186682388901781
828 11.061128423359078 11.643101644542504
829 11.061128423359078 11.588446084847451
830 11.061128325881675 16.150090774128103
831 11.061128325881675 17.15808023583993
832 11.061128325881675 31.55912052375128
833 11.061128325881675 15.538731254945663
834 11.061087459627089 14.552663403694508
835 11.061087459627089 40.54658708052323
836 11.061087459627089 19.113833413597334
837 11.061087459269299 11.423140951552945
838 11.061087459269299 11.418553902588423
839 11.061087459269299 11.188287592793724
840 11.061087459269299 51.419147831434145
841 11.061087459269299 53.78557034702689
842 11.060207086297506 20.489095196521983
843 11.060207086297506 16.636878536884335
844 11.060207086297506 11.483790455159676
845 11.06020669531453 15.378708292107147
846 11.06020669531453 11.271496648470618
847 11.06020669531453 11.411734285462604
848 11.06020669531453 14.187662396141546
849 11.06020669531453 32.29707998443984
850 11.06020669531453 11.792799174992068
851 11.06020669531453 11.25442205839493
852 11.06020669531453 11.360515198657328
853 11.06020669531453 15.665674198574425
854 11.06020669531453 11.132802132227898
855 11.06020669531453 11.586996925673597
856 11.06020669531453 11.475606064948595
857 11.06020669531453 15.809383195036066
858 11.06020669531453 15.441992016124743
859 11.06020669531453 11.462092635828824
860 11.06020669531453 19.4548221519218
861 11.06020669531453 17.086346802263275
862 11.06020669531453 39.36616838330732
863 11.06020669531453 15.510193042658443
864 11.06020669531453 13.066536048973914
865 11.06020669531453 11.55444913020959
866 11.06020669531453 11.215627134629177
867 11.06020669531453 11.669067087266896
868 11.06020669531453 37.81399852144102
869 11.06020669531453 14.549509930130851
870 11.06020669531453 11.332312049060135
871 11.06020669531453 13.80799718195342
872 11.06020669531453 14.536985859947134
873 11.06020669531453 11.210286730203967
874 11.06020669531453 11.544991733844695
875 11.06020669531453 11.325805895249283
876 11.06020669531453 15.628088371225465
877 11.06020669531453 11.429441943817388
878 11.06020669531453 15.736681381254682
879 11.06020669531453 11.202048552483125
880 11.06020669531453 11.20389468248972
881 11.06020669531453 11.65286246941902
882 11.06020669531453 21.453068005286337
883 11.06020669531453 11.535356420094812
884 11.06020669531453 15.621856790767131
885 11.06020669531453 12.888166273839998
886 11.06020669531453 13.415731258161207
887 11.06020669531453 32.606021908928895
888 11.06020669531453 14.92130354862773
889 11.06020669531453 18.12042049737802
890 11.06020669531453 11.834859197689783
891 11.06020669531453 15.957250750222668
892 11.06020669531453 11.425920462750609
893 11.06020669531453 16.25516277462758
894 11.06020669531453 11.311437549235173
895 11.06020669531453 15.830138858709564
896 11.06020669531453 13.30031004127355
897 11.06020669531453 34.92315826350551
898 11.06020669531453 13.402728803989953
899 11.06020669531453 15.10132651700314
900 11.06020669531453 11.413809500798864
901 11.06020669531453 37.06784171066952
902 11.06020669531453 14.746646976373128
903 11.06020669531453 11.077653616542909
904 11.06020669531453 11.414775896601702
905 11.06020669531453 11.189876843379611
906 11.06020669531453 11.417910273480938
907 11.06020669531453 35.01363606701288
908 11.06020669531453 11.527417397849577
909 11.06020669531453 11.413247061651434
910 11.06020669531453 11.186917473559149
911 11.06020669531453 11.30142381013857
912 11.06020669531453 11.298842157983819
913 11.059967434328826 11.188298944036074
914 11.059967434328826 11.075237636756121
915 11.05996704334585 11.527462152810559
916 11.05996704334585 17.59268672258111
917 11.05996704334585 41.31705191903304
918 11.05996704334585 16.1024323731067
919 11.05996704334585 19.09570910148319
920 11.05996704334585 13.750148338804616
921 11.05996704334585 11.414065397650848
922 11.05996704334585 13.24401215304499
923 11.05996704334585 11.078873879184037
924 11.05996704334585 11.303341906660334
925 11.05996704334585 15.226758004519516
926 11.05996704334585 38.37790800014244
927 11.05996704334585 32.62212765301854
928 11.05996704334585 11.6434528197807
929 11.05996704334585 15.360832658041764
930 11.05996704334585 11.416598459180442
931 11.05996704334585 11.19195846323008
932 11.05996704334585 11.416654133254681
933 11.05996704334585 11.192969314357544
934 11.05996704334585 11.195360994399918
935 11.05996704334585 11.0826477989765
936 11.05996704334585 11.533624670529212
937 11.05996704334585 14.524327024021163
938 11.05996704334585 38.11442564200515
939 11.05996704334585 14.622290910242958
940 11.05996704334585 13.66662469291043
941 11.05996704334585 11.308211250638577
942 11.05996704334585 11.194873997214117
943 11.05996704334585 11.195987751080166
944 11.05996704334585 11.309774856004042
945 11.05996704334585 11.651266617174633
946 11.05996704334585 53.76198350697112
947 11.05996704334585 11.932749066880898
948 11.05996704334585 11.881204359506894
949 11.05996704334585 78.76622308360432
950 11.05996704334585 12.357787376352885
951 11.05996704334585 29.242429363304556
952 11.05996704334585 11.194374040072702
953 11.05996704334585 12.488750109924851
954 11.05996704334585 11.305016379529304
955 11.05996704334585 15.774004682375336
956 11.05996704334585 11.306668407882949
957 11.05996704334585 11.758577621475887
958 11.05996704334585 15.273906014018328
959 11.05996704334585 12.816732046860126
960 11.05996704334585 11.41816502434454
961 11.05996704334585 11.307286691669526
962 11.05996704334585 11.30440541326793
963 11.05996704334585 11.41839267749645
964 11.05996704334585 11.417894889989435
965 11.05996704334585 39.55896996715432
966 11.05996704334585 11.195632133867216
967 11.05996704334585 11.308408361873092
968 11.05996704334585 30.751331181335708
969 11.05996704334585 11.311422356770013
970 11.05996704334585 11.310969639074049
971 11.05996704334585 11.196949263720088
972 11.05996704334585 11.083718554815086
973 11.05996704334585 11.31137358676192
974 11.05996704334585 11.311476198565758
975 11.05996704334585 18.508954746958697
976 11.05996704334585 11.202467854513372
977 11.05996704334585 11.31557640770776
978 11.05996704334585 11.42627789071403
979 11.05996704334585 36.025710369629316
980 11.05996704334585 49.44558564968504
981 11.05996704334585 11.42124289316288
982 11.05996704334585 16.663907715464962
983 11.05996704334585 18.255972471710564
984 11.05996704334585 11.197963311378855
985 11.05996704334585 11.53261973456779
986 11.05996704334585 12.643870589634105
987 11.05996704334585 11.3086356015418
988 11.05996704334585 14.88240344275961
989 11.05996704334585 17.783499194300955
990 11.05996704334585 15.488500071586005
991 11.05996704334585 11.200493487634567
992 11.05996704334585 11.090366312321958
993 11.05996704334585 11.54125458320023
994 11.05996704334585 15.00189962626621
995 11.05996704334585 18.596667297217458
996 11.05996704334585 25.079718541614703
997 11.05996704334585 15.728822507140354
998 11.05996704334585 35.14765752685454
999 11.05996704334585 17.139359187745004
