# iteración mejor promedio
0 647.9976509218478 4374.472272235348
1 360.08395811883076 3148.8688290536556
2 138.05777805857022 2148.0119446117765
3 138.05777805857022 1268.130424677014
4 108.8572639544071 968.590182714854
5 105.06722674923505 713.1802481945283
6 79.86468927485897 468.52053571436716
7 63.8128902102705 373.4001930323919
8 38.045762456465255 247.9551914935923
9 35.54571027405705 222.57204675839304
10 35.52307326456665 187.4513343218154
11 29.849287209047493 119.832471612886
12 29.413792964831025 85.82287091257277
13 29.413792964831025 79.51654251046403
14 27.809400835172863 109.80633479222693
15 23.875413722886456 99.18786295933121
16 22.5428540934888 80.11280956935224
17 22.5428540934888 68.12317875691544
18 21.17629948679821 49.47594385934369
19 20.96826500554661 68.26396090115932
20 20.96826500554661 41.27660806972141
21 20.96826500554661 55.215855228429426
22 20.689528530488335 38.460528746103925
23 19.922762225686284 36.9734239467811
24 19.49038539461873 34.40632403607418
25 19.17329853202227 34.20906909771037
26 19.17329853202227 48.92811529635369
27 19.17329853202227 29.095478933116546
28 18.353130575631383 38.63028858747182
29 17.761284760017926 33.47737219388296
30 17.761284760017926 29.89588288538731
31 16.594976538568794 25.016300709776143
32 16.456331143132473 33.74785364875015
33 16.456331143132473 32.370044313075084
34 16.451425346844776 41.652501218265904
35 16.451425346844776 25.54359731162836
36 16.451425346844776 28.247238719912183
37 16.44392182098337 30.59574198421205
38 16.391947488004863 39.491021443427286
39 16.391947488004863 39.021568425245306
40 16.391593054680392 24.225161380253194
41 16.391593054680392 43.04082827374919
42 16.391593054680392 26.099590746103363
43 16.391593054680392 25.980970785988152
44 16.391593054680392 28.822085074790408
45 16.36972684777171 29.178257171574966
46 16.36972684777171 22.71399510603901
47 16.36323089228263 25.355630828561445
48 16.35801237370058 24.820505949018155
49 16.35801237370058 30.564721547433308
50 16.322490178445804 31.662135923818905
51 16.322490178445804 24.15127384610141
52 16.322490178445804 27.15726016306763
53 16.304693132757247 27.029966373643603
54 16.304693132757247 35.811621828123904
55 16.304693132757247 23.871870040686186
56 16.304693132757247 23.443716113564566
57 16.304693132757247 20.57005102264278
58 16.304693132757247 20.332657782545557
59 16.304693132757247 26.29000293321417
60 16.304693132757247 17.2194600328297
61 16.290997837955988 20.157274466743385
62 16.290997837955988 29.131286083538114
63 16.290997837955988 23.110222592253553
64 16.290997837955988 26.1649303344642
65 16.290997837955988 35.102659612929976
66 16.290997837955988 20.0782349468579
67 16.290997837955988 29.179141146047332
68 16.290997837955988 17.131054516431337
69 16.290997837955988 23.045627949782865
70 16.290997837955988 23.0102793018881
71 16.290997837955988 16.910728973342394
72 16.290997837955988 22.93522520139905
73 16.290997837955988 19.673733058413443
74 16.290997837955988 22.810315325472644
75 16.290503000160093 22.803586573255025
76 16.290503000160093 25.805241331591542
77 16.291190358973953 22.733257188499664
78 16.27242432947476 16.726552833039335
79 16.27242432947476 22.75280547919777
80 16.263980106393674 25.7324433961244
81 16.263980106393674 19.660944311726436
82 16.263980106393674 19.615486625641736
83 16.263980106393674 22.607116710355136
84 16.263980106393674 22.59997804706313
85 16.263980106393674 28.628526197517804
86 16.263980106393674 22.57378572019926
87 16.263980106393674 25.60575445670771
88 16.263980106393674 22.530571738680816
89 16.263980106393674 22.552241019067466
90 16.263980106393674 22.558818333879525
91 16.25974597567593 31.584014139961567
92 16.25886342166619 25.57365182547507
93 16.25886342166619 25.599723307527892
94 16.25886342166619 16.533919213985453
95 16.25886342166619 22.547955479301354
96 16.25886342166619 28.590635418023254
97 16.25886342166619 25.592785402170485
98 16.25886342166619 19.524569056060034
99 16.25886342166619 19.53993933947378
100 16.25886342166619 19.539774251957045
101 16.25886342166619 49.37724348521425
102 16.25886342166619 16.492755680944608
103 16.25820325798448 22.510973107476254
104 16.25820325798448 28.5704539208552
105 16.251809319072056 19.53772961518981
106 16.24882006662735 25.560840537253416
107 16.24882006662735 28.6099425789584
108 16.248115798574776 25.57338031172887
109 16.248115798574776 28.59132510486581
110 16.248115798574776 16.485659672033297
111 16.248115798574776 28.596937897045514
112 16.248115798574776 25.57504160026325
113 16.248115798574776 25.563511689853097
114 16.248115798574776 28.606952674580203
115 16.248115798574776 19.52609225498959
116 16.248115798574776 16.481050323307844
117 16.248115798574776 22.528024500931757
118 16.248115798574776 22.550842332599576
119 16.248115798574776 19.504306778145587
120 16.248115798574776 25.540541303673027
121 16.248115798574776 22.516630699373312
122 16.248115798574776 22.526863783702225
123 16.248115798574776 22.508655574667415
124 16.248115798574776 25.54314946887263
125 16.248115798574776 22.519501762213928
126 16.248115798574776 28.541265311875872
127 16.248115798574776 33.13161917285904
128 16.248115798574776 26.04994507960948
129 16.248115798574776 25.521755499695235
130 16.248115798574776 22.454524083078148
131 16.248115798574776 22.455144943685212
132 16.248115798574776 16.420160920793027
133 16.248000932979263 22.430866204967664
134 16.248000932979263 19.426758867958412
135 16.248000932979263 19.426091612994234
136 16.248000932979263 19.438078625697912
137 16.248000932979263 22.46082906526135
138 16.248000932979263 25.481689464157085
139 16.248000932979263 25.463133636360237
140 16.246846034907083 28.529097833525025
141 16.246846034907083 22.48090902280652
142 16.246846034907083 25.494240235343003
143 16.246846034907083 16.43197318277963
144 16.246846034907083 22.477991987575262
145 16.246846034907083 25.508025637227224
146 16.246846034907083 28.53998156505829
147 16.246846034907083 22.46162465397907
148 16.246846034907083 19.456316649725217
149 16.246846034907083 19.44692678981098
150 16.246846034907083 19.426060924892955
151 16.246846034907083 22.44611910774863
152 16.246846034907083 25.489175005136698
153 16.246846034907083 16.417590416891464
154 16.246845542099773 25.49440365049583
155 16.246845542099773 25.46390662094411
156 16.246845542099773 19.425995762381945
157 16.246845542099773 22.44874998261822
158 16.246845542099773 19.418923250449794
159 16.246845542099773 28.471260307127444
160 16.246845542099773 16.407057102044504
161 16.246845542099773 25.464962871081465
162 16.246845542099773 25.48502117946505
163 16.246845542099773 31.50825020450491
164 16.246845542099773 28.476895759841344
165 16.246845542099773 19.40775746301697
166 16.246845542099773 22.43563332976071
167 16.246845542099773 28.467648823971032
168 16.246845542099773 25.42106216672869
169 16.246845542099773 16.385139571006633
170 16.246845542099773 25.452740906793274
171 16.246845542099773 22.411084796559308
172 16.246845542099773 22.43913466393819
173 16.246845542099773 31.486964874253395
174 16.246845542099773 22.437043874363045
175 16.246845542099773 19.40864628937593
176 16.246845542099773 19.40074473518557
177 16.246845542099773 25.404648264061667
178 16.246845542099773 22.4074382619338
179 16.246845542099773 25.435470595516396
180 16.246845542099773 25.440802081939268
181 16.246845542099773 28.6447093447243
182 16.246845542099773 22.409701544856
183 16.244416598673084 32.57673264693015
184 16.244416598673084 19.40167813876705
185 16.244416598673084 22.399295196687543
186 16.244416598673084 16.360359428978157
187 16.244416598673084 19.373566281682272
188 16.244416598673084 25.442959641204055
189 16.244416598673084 22.412232335141788
190 16.244416598673084 48.30564933583687
191 16.244416598673084 28.456700895724115
192 16.244416598673084 25.44258522716364
193 16.244023467037408 19.387933849930118
194 16.244023467037408 19.395184328140832
195 16.244023467037408 22.399977480685934
196 16.242324151107294 19.39376004483298
197 16.242324151107294 19.385276286392823
198 16.242000796310638 22.400982268104336
199 16.242000796310638 19.39603546108845
200 16.240764854759444 19.39243238079233
201 16.240764854759444 22.40711265916043
202 16.240764854759444 22.406711153070887
203 16.240764854759444 25.422745575775753
204 16.240764854759444 25.420976278715152
205 16.240764854759444 25.410134677675128
206 16.237955684379187 22.41434181860866
207 16.237955684379187 28.451214774482665
208 16.237955684379187 16.36396383377404
209 16.237955684379187 19.39049713094295
210 16.237955684379187 22.381744284903046
211 16.237955684379187 19.38512571087962
212 16.237955684379187 19.383450745806723
213 16.237955684379187 16.35968925072076
214 16.237955684379187 25.43327781288835
215 16.237955684379187 28.424001656792633
216 16.237955684379187 25.394250493445455
217 16.237955684379187 22.39490281137922
218 16.237955684379187 19.37675380940432
219 16.237955684379187 19.358111389975775
220 16.237955684379187 22.414722274649257
221 16.237955684379187 16.360441510946703
222 16.236779147350948 31.44848320791894
223 16.236779147350948 22.41128867956378
224 16.236757181395607 22.397849187648816
225 16.236757181395607 16.365401225453216
226 16.236757181395607 22.391468963516626
227 16.236757181395607 34.47096460239744
228 16.236757181395607 25.148867268627573
229 16.236757181395607 19.378621404466795
230 16.236757181395607 22.370633557537325
231 16.236757181395607 19.358920042812304
232 16.236757181395607 19.376775751967454
233 16.236757181395607 22.401799763369336
234 16.236757181395607 16.373209131076777
235 16.236757181395607 22.414388877686402
236 16.236757181395607 16.377611068788564
237 16.236757181395607 22.410272670234182
238 16.236757181395607 22.38476463452608
239 16.236751173101354 28.460678619501667
240 16.236451740179636 25.443550119480946
241 16.236451740179636 22.391982470005143
242 16.236451740179636 16.351507310703788
243 16.236451740179636 25.388946791032268
244 16.236451740179636 19.344422527170263
245 16.236430099777742 28.411021035580415
246 16.236430099777742 19.36580353337765
247 16.236430099777742 16.346447253551652
248 16.236430099777742 19.338848080192392
249 16.236430099777742 28.38512924899766
250 16.236430099777742 22.385352350868867
251 16.236430099777742 19.36438115058702
252 16.236430099777742 22.363016933398317
253 16.236430099777742 22.39853656387584
254 16.236430099777742 22.377700770755094
255 16.236430099777742 19.35445437161834
256 16.236430099777742 31.424426589569507
257 16.23615714659749 22.381820195190322
258 16.23615714659749 19.362970291352347
259 16.23615714659749 19.385798115002856
260 16.23615714659749 22.385977081057405
261 16.23615714659749 22.371108834913354
262 16.23615714659749 19.358609341636676
263 16.23615714659749 22.367620531967177
264 16.23615714659749 31.438800555112028
265 16.235735490654594 22.366152818172505
266 16.235735490654594 19.335997366434675
267 16.235735490654594 19.357160176375967
268 16.235735490654594 22.380264884235448
269 16.235684775737273 30.12209123435611
270 16.235684775737273 25.391279753156837
271 16.235684775737273 22.387115207756505
272 16.235684775737273 19.350332078958964
273 16.235684775737273 25.390052699728745
274 16.235684775737273 22.38559440237149
275 16.235684775737273 28.41399115572363
276 16.235684775737273 22.387279617970044
277 16.235684775737273 25.422684251398124
278 16.235684775737273 19.372824234787515
279 16.235684775737273 25.421408891440947
280 16.235684775737273 19.36277988333112
281 16.235684775737273 28.408547430940025
282 16.235684775737273 25.387100329952094
283 16.235684775737273 34.44503874178029
284 16.235684775737273 32.57843594795535
285 16.235684775737273 19.340388597316277
286 16.235684775737273 19.346701802924315
287 16.235684775737273 19.349826761330284
288 16.235684775737273 22.37253739237407
289 16.235684775737273 25.368692699607518
290 16.235656556270992 22.36781749774554
291 16.235656556270992 22.372900975042235
292 16.235656556270992 19.33910386418869
293 16.235656556270992 28.41022539611924
294 16.235656556270992 16.32024806010238
295 16.235656556270992 19.326830380219818
296 16.235629907888576 16.318881881642994
297 16.235629907888576 25.377261866951766
298 16.235629907888576 22.369747477042353
299 16.235629907888576 25.39824059791103
300 16.235629907888576 25.391586211651937
301 16.235629907888576 19.345938489394737
302 16.235629907888576 19.34017086208594
303 16.235629907888576 31.42018903477288
304 16.235629907888576 31.40960842454636
305 16.235629907888576 16.313162278242434
306 16.235629907888576 28.402235089486144
307 16.235629907888576 22.3533039804696
308 16.235629907888576 34.44455625126751
309 16.235629907888576 19.32984291708304
310 16.235629907888576 25.36821235510299
311 16.235629907888576 25.365485266005948
312 16.235629907888576 22.341861121651256
313 16.235629907888576 16.297654405842692
314 16.235629907888576 25.366781347983224
315 16.235629907888576 16.29245582822217
316 16.235629907888576 22.328943030917852
317 16.235629907888576 25.347675900226847
318 16.23559312847705 19.30419842763777
319 16.23559312847705 16.284518033255246
320 16.23559312847705 34.41264636106792
321 16.23559312847705 31.395866398816196
322 16.23556708577513 25.34602544663536
323 16.23553030593254 19.308562646334973
324 16.23553030593254 22.327346687766745
325 16.23553030593254 22.329966515206557
326 16.23553030593254 35.33424817808531
327 16.235517901247878 25.341957048262483
328 16.235517901247878 22.319427654483096
329 16.235517901247878 19.295235037551294
330 16.235517901247878 22.318956148768176
331 16.235517901247878 19.30043347550206
332 16.235517901247878 19.29442078015964
333 16.235517901247878 19.294616355399206
334 16.235516753202646 25.338285011988646
335 16.235516753202646 22.326803847567735
336 16.235516753202646 22.30548238117189
337 16.235516753202646 19.30139634372716
338 16.235516753202646 29.51698192046719
339 16.235516753202646 34.383184765444156
340 16.235516753202646 28.374959944552348
341 16.235516753202646 22.3221654425695
342 16.235516753202646 16.276593639563647
343 16.235516753202646 25.351957442990706
344 16.235516753202646 25.343610193182776
345 16.235452997691375 22.303764484916975
346 16.235452997691375 19.29184048421442
347 16.235451754324842 22.31969016606994
348 16.235451754324842 31.377931643061384
349 16.235451754324842 16.269726026405372
350 16.235482813697143 22.296676449589718
351 16.235482813697143 16.268091479476215
352 16.236053286427712 22.30672156849788
353 16.23545497464763 28.356137919800403
354 16.23545497464763 28.34139721622679
355 16.23545497464763 19.293085444209773
356 16.23545497464763 28.355911902011876
357 16.23545497464763 16.278891599793738
358 16.23545497464763 19.297677927804504
359 16.23545497464763 25.333263244729554
360 16.23545497464763 16.281426008084463
361 16.23545497464763 25.34720744088205
362 16.23545497464763 19.300771215067343
363 16.23545497464763 25.334281551809475
364 16.23545497464763 25.337380910152568
365 16.23545497464763 16.279073649231126
366 16.23545497464763 19.301517261691643
367 16.23545497464763 31.396791862249355
368 16.23545497464763 28.363132897814623
369 16.23545497464763 19.30218080601223
370 16.23545497464763 27.737811850218158
371 16.23545497464763 16.278539534123833
372 16.23545497464763 19.29756374047161
373 16.235418195236104 19.29447251693845
374 16.235418195236104 19.299012177503936
375 16.235418195236104 25.33096429174727
376 16.235418195236104 28.35185489292149
377 16.235418195236104 19.295706157494163
378 16.235418195236104 16.27068328101616
379 16.235418195236104 22.305400625247636
380 16.235418195236104 22.309564191575674
381 16.235418195236104 22.30689483893057
382 16.235418195236104 19.285105589988397
383 16.235418195236104 31.370995648408876
384 16.235418195236104 22.288925457359884
385 16.235418195236104 16.26480615059648
386 16.235418195236104 19.28851776058854
387 16.235418195236104 29.532515086767706
388 16.235418195236104 40.424024499677486
389 16.235418195236104 19.293405968931232
390 16.235418195236104 25.334162872804818
391 16.235418195236104 22.30303622066572
392 16.235418195236104 19.294715110946882
393 16.235418195236104 19.291705438890165
394 16.235418195236104 16.271173177121852
395 16.235418195236104 25.33834743241403
396 16.235418195236104 24.790497883685944
397 16.235418195236104 19.290779429079766
398 16.235418195236104 22.3074382381588
399 16.235418195236104 25.323478552167124
400 16.235418195236104 16.261456761409683
401 16.235418195236104 25.323718036581813
402 16.235418195236104 19.27759440734171
403 16.235414974913315 19.273223486426023
404 16.235414974913315 19.27995681439425
405 16.235414974913315 19.274791667671096
406 16.235414974913315 28.33756679156074
407 16.235410987153873 35.43593184535864
408 16.235410987153873 19.269764458115112
409 16.235410987153873 19.269328502242587
410 16.235410987153873 25.312290746111433
411 16.235410987153873 31.333393471128005
412 16.235410987153873 22.29146890450543
413 16.235410987153873 38.52626285743768
414 16.235410987153873 19.264781363799028
415 16.235410987153873 22.28542512207179
416 16.235410987153873 28.33068324400405
417 16.235410987153873 19.266386184670203
418 16.235410987153873 22.28409286911917
419 16.235410987153873 19.26206875198455
420 16.235410987153873 19.262882048225332
421 16.235410987153873 16.243076266512716
422 16.235410987153873 22.286758235293743
423 16.235410987153873 19.26450697186437
424 16.235410987153873 19.264689566694425
425 16.235410987153873 22.28687952497172
426 16.235410987153873 19.26518078241176
427 16.235410987153873 16.243054549278316
428 16.235410987153873 31.34572303258506
429 16.235410987153873 30.272474622037926
430 16.235410987153873 19.26316206006841
431 16.235410987153873 16.240519107278534
432 16.235410987153873 28.325387171543092
433 16.235410987153873 28.32092165521224
434 16.235414974913315 34.36475128756637
435 16.235414974913315 22.27977062711948
436 16.23541217552888 19.25990050013616
437 16.23541217552888 25.3022482899893
438 16.23541217552888 19.261530904116704
439 16.235410987153873 16.239456770395055
440 16.235410987153873 22.28312366508018
441 16.235410987153873 25.30123068351681
442 16.235410987153873 22.28188953330773
443 16.235410987153873 25.30134917113177
444 16.235410987153873 25.30555664757654
445 16.235410987153873 16.240628190276833
446 16.235410987153873 19.262779575378385
447 16.235410987153873 22.267712910296645
448 16.235410987153873 19.26073504854516
449 16.235410987153873 19.263887562531853
450 16.235410987153873 22.28143964951442
451 16.235410987153873 29.445815671147813
452 16.235410987153873 16.24028319469757
453 16.235410987153873 19.262220130329833
454 16.235410987153873 22.267875220111883
455 16.235410987153873 19.262568532072677
456 16.235410987153873 29.755181610055565
457 16.235410987153873 19.264270340996234
458 16.235410987153873 16.242217682674983
459 16.235410987153873 16.24370751772182
460 16.235410987153873 28.33011435105006
461 16.235410987153873 16.244462074321277
462 16.235410987153873 22.28976290169992
463 16.235410987153873 22.290356728128703
464 16.235410987153873 22.289334910676725
465 16.235410987153873 25.293073293993118
466 16.235410987153873 37.367444913736485
467 16.235410987153873 39.02091183450562
468 16.235410987153873 25.298799248912243
469 16.235410987153873 25.30124732304781
470 16.235410987153873 19.25192375684665
471 16.235410987153873 22.275584861935943
472 16.235410987153873 28.332652418937403
473 16.235410987153873 16.24500221377324
474 16.235410987153873 16.24374615552474
475 16.235410987153873 28.314223112512863
476 16.235410987153873 25.294818972653456
477 16.235410987153873 19.266690585158152
478 16.235410987153873 22.27238419300831
479 16.235410987153873 19.266332090675593
480 16.235410987153873 19.26722978513146
481 16.235410987153873 19.251009694508003
482 16.235410987153873 28.298539143331524
483 16.235410987153873 22.288005414948426
484 16.235410987153873 19.265927095421894
485 16.235410987153873 22.284492200361168
486 16.235410987153873 19.265228914081007
487 16.235410987153873 22.28797815114334
488 16.235410987153873 25.29215940537175
489 16.235410987153873 19.263212915157663
490 16.235410987153873 25.307597920499823
491 16.235410987153873 19.259740805508525
492 16.235410987153873 22.2820707397043
493 16.235410987153873 16.239183101325533
494 16.235410987153873 28.32564057343408
495 16.235410987153873 25.304889446572457
496 16.235410987153873 16.240704469351584
497 16.235410987153873 25.274892488084532
498 16.235410987153873 22.285652242188686
499 16.235410987153873 25.30765265093791
500 16.235410987153873 16.242734545486385
501 16.235410987153873 22.286233670804105
502 16.235410987153873 19.264227199479535
503 16.235410987153873 19.261429058248687
504 16.235410987153873 22.28209477111555
505 16.235410987153873 22.283402830566914
506 16.235410987153873 25.3007125936922
507 16.235410987153873 25.286537358928285
508 16.235410987153873 25.30428318966517
509 16.235410987153873 22.28439759822018
510 16.235410987153873 16.240618351229767
511 16.235410987153873 22.28376825639137
512 16.235410987153873 25.292398356638277
513 16.235410987153873 19.260928279044055
514 16.235410987153873 22.26878257270563
515 16.235410987153873 19.266590931716955
516 16.235410987153873 19.26521220674404
517 16.235410987153873 22.258118812962262
518 16.235410987153873 31.320861940899064
519 16.235410987153873 28.32805815062706
520 16.235410987153873 28.303659147304057
521 16.235410987153873 16.248765345476382
522 16.235410987153873 19.25392861485578
523 16.235410987153873 28.332387512817803
524 16.235410987153873 28.334228392356017
525 16.235410987153873 22.280634669289526
526 16.235410987153873 19.273516579740843
527 16.235410987153873 19.272370967852957
528 16.235410987153873 22.291493471735407
529 16.235410987153873 28.319959396709628
530 16.235410987153873 19.25699784839872
531 16.235410987153873 25.297529330848782
532 16.235410987153873 25.27138428118627
533 16.235410987153873 19.27221847124016
534 16.235410987153873 22.29495492058628
535 16.235410987153873 25.28658835663735
536 16.235410987153873 16.25044025116273
537 16.235410987153873 19.273820396865684
538 16.235410987153873 19.260467590872825
539 16.235410987153873 25.316267185808762
540 16.235410987153873 19.275460386592915
541 16.235410987153873 25.290752064456523
542 16.235410987153873 19.262731736040408
543 16.235410987153873 19.261907064772444
544 16.235410987153873 25.29037412287078
545 16.235410987153873 16.25719318482391
546 16.235410987153873 19.261836844261083
547 16.235410987153873 25.28907009289742
548 16.235410987153873 16.25678180895984
549 16.235410987153873 31.290607109104418
550 16.235410987153873 25.306905393258745
551 16.235410987153873 27.472402916817224
552 16.235410987153873 22.270793566451967
553 16.235410987153873 19.275000931391272
554 16.235410987153873 16.251459502998653
555 16.235410987153873 16.252722662432177
556 16.235410987153873 28.30869161948316
557 16.235410987153873 19.25854644282128
558 16.235410987153873 25.30214414297701
559 16.235410987153873 28.309499961274984
560 16.235410987153873 19.26108164529712
561 16.235410987153873 16.254810584544124
562 16.235410987153873 22.284739918430123
563 16.235410987153873 19.26235790698068
564 16.235410987153873 25.306329052276997
565 16.235410987153873 25.308586001201853
566 16.235410987153873 28.31450260750089
567 16.235410987153873 19.263955619878956
568 16.235410987153873 22.272217313729847
569 16.235410987153873 19.280837157753176
570 16.235410987153873 31.307797155603307
571 16.235410987153873 19.267028405943858
572 16.235410987153873 22.28870096425728
573 16.235410987153873 19.264669734613655
574 16.235410987153873 19.26521995940732
575 16.235410987153873 22.286573268523252
576 16.235410987153873 16.260376888957182
577 16.235410987153873 22.273289896393223
578 16.235410987153873 25.280417882163057
579 16.235410987153873 19.264129293298996
580 16.235410987153873 31.306872841767184
581 16.235410987153873 25.29277466835702
582 16.235410987153873 22.2703971090436
583 16.235410987153873 22.284571560335156
584 16.235410987153873 16.256740787660803
585 16.235410987153873 25.304948233305968
586 16.235410987153873 31.317955765627293
587 16.235410987153873 28.32593445955174
588 16.235410987153873 22.267989404382785
589 16.235410987153873 31.31777320280592
590 16.235410987153873 22.29731112871463
591 16.235410987153873 25.305352569185015
592 16.235410987153873 28.281254853357154
593 16.235410987153873 35.59176183797557
594 16.235410987153873 34.33959787086848
595 16.235410987153873 25.289286815191176
596 16.235410987153873 25.304001961811753
597 16.235410987153873 19.276729667321
598 16.235410987153873 16.25302364596226
599 16.235410987153873 22.29626830901969
600 16.235410987153873 34.369022820491956
601 16.235410987153873 22.265739102431276
602 16.235410987153873 19.27216338071552
603 16.235410987153873 19.269820072316396
604 16.235410987153873 19.27153404948737
605 16.235410987153873 19.25484326056672
606 16.235410987153873 19.25646820409607
607 16.235410987153873 22.294289020844467
608 16.235410987153873 22.295205282788594
609 16.235410987153873 19.275071079838835
610 16.235410987153873 22.26776189856646
611 16.235410987153873 25.320954827022526
612 16.235410987153873 22.283896848660962
613 16.235410987153873 25.28921938660269
614 16.235410987153873 34.355711648873154
615 16.235410987153873 19.277026629117312
616 16.235410987153873 19.262024006532553
617 16.235410987153873 19.27583008560038
618 16.235410987153873 16.254936435684225
619 16.235410987153873 22.28525698337051
620 16.235410987153873 25.2916310607085
621 16.235410987153873 19.264558235865394
622 16.235410987153873 19.279335761077753
623 16.235410987153873 25.293536543788232
624 16.235410987153873 25.325608580754327
625 16.235410987153873 24.014775051055125
626 16.235410987153873 22.304617297860045
627 16.235410987153873 25.295546952113718
628 16.235410987153873 19.26632807517355
629 16.235410987153873 22.273167914678705
630 16.235410987153873 19.266980470146667
631 16.235410987153873 25.294363126224365
632 16.235410987153873 16.25916819004955
633 16.235410987153873 19.26687473022175
634 16.235410987153873 22.27487033627748
635 16.235410987153873 16.262016304024197
636 16.235410987153873 28.304057729898226
637 16.235410987153873 22.289835693259974
638 16.235410987153873 19.267403773351145
639 16.235410987153873 22.304518114150493
640 16.235410987153873 16.259676073298888
641 16.235410987153873 25.294310277483707
642 16.235410987153873 16.26291642009738
643 16.235410987153873 16.26183622627475
644 16.235410987153873 19.26840617738308
645 16.235410987153873 19.285103361912974
646 16.235410987153873 22.276656271630976
647 16.235410987153873 19.26793400173931
648 16.235410987153873 19.268117331135457
649 16.235410987153873 22.27350272761384
650 16.235410987153873 31.309280700749092
651 16.235410987153873 28.302543634727698
652 16.235410987153873 19.282022930296108
653 16.235410987153873 22.273217427953565
654 16.235410987153873 22.27375090320384
655 16.235410987153873 22.27249670981478
656 16.235410987153873 38.461818359153966
657 16.235410987153873 34.30720006795125
658 16.235410987153873 22.268931050518276
659 16.235410987153873 19.26232568068575
660 16.235410987153873 22.300695780031074
661 16.235410987153873 22.267857992620602
662 16.235410987153873 16.254214365907416
663 16.235410987153873 25.27553907188577
664 16.235410987153873 25.29083340677453
665 16.235410987153873 22.300351979440983
666 16.235410987153873 19.262996775674782
667 16.235410987153873 19.263894350839717
668 16.235410987153873 28.28375400056115
669 16.235410987153873 19.263540018679507
670 16.235410987153873 25.293516057004535
671 16.235410987153873 25.27607018252088
672 16.235410987153873 16.256533504234405
673 16.235410987153873 22.286617590813968
674 16.235410987153873 23.615121186854978
675 16.235410987153873 25.292006492181308
676 16.235410987153873 19.265338527166968
677 16.235410987153873 25.279528056089365
678 16.235410987153873 16.258517667606778
679 16.235410987153873 22.302864365936525
680 16.235410987153873 31.35349440389099
681 16.235410987153873 28.30123286975588
682 16.235410987153873 22.287765431309015
683 16.235410987153873 22.272255076370648
684 16.235410987153873 19.265144407889945
685 16.235410987153873 28.299422238966663
686 16.235410987153873 25.309123604776413
687 16.235410987153873 19.28057363214963
688 16.235410987153873 25.29547380805488
689 16.235410987153873 22.288470727535422
690 16.235410987153873 22.28883399543568
691 16.235410987153873 19.28273039926842
692 16.235410987153873 31.324738491577627
693 16.235410987153873 20.315241287498733
694 16.235410987153873 25.294924838088665
695 16.235410987153873 19.266209262952163
696 16.235410987153873 19.283088551531424
697 16.235410987153873 16.259384054054866
698 16.235410987153873 22.27392605252898
699 16.235410987153873 19.26945130740753
700 16.235410987153873 16.265510242962765
701 16.235410987153873 16.266231737371587
702 16.235410987153873 22.27952473438742
703 16.235410987153873 19.2719813770901
704 16.235410987153873 19.271984084417497
705 16.235410987153873 22.277366924912894
706 16.235410987153873 22.277729399458114
707 16.235410987153873 25.2998080344041
708 16.235410987153873 25.29883318462033
709 16.235410987153873 22.29136180338805
710 16.235410987153873 22.27717952274681
711 16.235410987153873 16.262098293394473
712 16.235410987153873 16.262464149600202
713 16.235410987153873 22.278990483567213
714 16.235410987153873 25.28418257118079
715 16.235410987153873 28.303916518704973
716 16.235410987153873 22.27494366021074
717 16.235410987153873 19.268194333489205
718 16.235410987153873 19.283267934697317
719 16.235410987153873 22.275008153468043
720 16.235410987153873 22.291170994340018
721 16.235410987153873 25.282730078423246
722 16.235410987153873 25.2803818167006
723 16.235410987153873 25.296905799682413
724 16.235410987153873 31.309841877132147
725 16.235410987153873 28.32080587738968
726 16.235410987153873 16.26498112925053
727 16.235410987153873 22.277727506820884
728 16.235410987153873 19.271813348438233
729 16.235410987153873 22.293716328691325
730 16.235410987153873 19.287067235041214
731 16.235410987153873 28.321463862904857
732 16.235410987153873 19.273248591724585
733 16.235410987153873 25.30143421841496
734 16.235410987153873 22.295151637085727
735 16.235410987153873 28.293900333996948
736 16.235410987153873 22.2802506847215
737 16.235410987153873 28.30943460603113
738 16.235410987153873 16.26606940209068
739 16.235410987153873 19.273967357387885
740 16.235410987153873 16.26877324993899
741 16.235410987153873 22.28296266075164
742 16.235410987153873 16.269138022040543
743 16.235410987153873 19.274329133166216
744 16.235410987153873 25.28610906084717
745 16.235410987153873 19.272182915270747
746 16.235410987153873 28.291398602693395
747 16.235410987153873 16.264298960275944
748 16.235410987153873 16.264115747813843
749 16.235410987153873 22.29132363416365
750 16.235410987153873 25.297965914172092
751 16.235410987153873 19.269677190293713
752 16.235410987153873 25.283893828927766
753 16.235410987153873 25.28440445870034
754 16.235410987153873 25.284521930814304
755 16.235410987153873 22.47926440729017
756 16.235410987153873 16.264292815124776
757 16.235410987153873 31.31412270516175
758 16.235410987153873 22.30909870336034
759 16.235410987153873 25.28511179219632
760 16.235410987153873 19.27164787802443
761 16.235410987153873 31.29760208771128
762 16.235410987153873 22.291568764106447
763 16.235410987153873 22.277557771874026
764 16.235410987153873 25.299574529541
765 16.235410987153873 34.305501490632565
766 16.235410987153873 16.266076950076158
767 16.235410987153873 37.34337385927042
768 16.235410987153873 23.63093165366427
769 16.235410987153873 25.299216085694084
770 16.235410987153873 19.270562041794257
771 16.235410987153873 22.277372030175265
772 16.235410987153873 28.29237810321815
773 16.235410987153873 33.64845982503673
774 16.235410987153873 16.262990527269466
775 16.235410987153873 19.27063654811226
776 16.235410987153873 22.276265616022833
777 16.235410987153873 19.285785939727322
778 16.235410987153873 19.269083386642237
779 16.235410987153873 16.262261614102208
780 16.235410987153873 25.282373087205457
781 16.235410987153873 25.297809207595837
782 16.235410987153873 22.275724708216707
783 16.235410987153873 25.281107966217498
784 16.235410987153873 19.27052421001321
785 16.235410987153873 25.283452741456248
786 16.235410987153873 16.26154764003451
787 16.235410987153873 19.283629437323007
788 16.235410987153873 28.30463478269027
789 16.235410987153873 19.270169564398646
790 16.235410987153873 22.27445950765866
791 16.235410987153873 16.2624411264557
792 16.235410987153873 19.267821302450578
793 16.235410987153873 25.296364038658677
794 16.235410987153873 34.31665194192439
795 16.235410987153873 22.292245217614138
796 16.235410987153873 22.29242547363062
797 16.235410987153873 22.123482217250412
798 16.235410987153873 25.300690220166434
799 16.235410987153873 22.279327790350013
800 16.235410987153873 19.271603712169632
801 16.235410987153873 22.292245417002118
802 16.235410987153873 25.283988931904872
803 16.235410987153873 34.321516960183516
804 16.235410987153873 25.28632784072516
805 16.235410987153873 16.264239986511843
806 16.235410987153873 25.283805512638722
807 16.235410987153873 19.270342817300197
808 16.235410987153873 22.276798996192653
809 16.235410987153873 19.2843415613364
810 16.235410987153873 28.31754213627815
811 16.235410987153873 22.304983126597314
812 16.235410987153873 19.27034281730018
813 16.235410987153873 19.27106023946288
814 16.235410987153873 34.305539879176344
815 16.235410987153873 19.27250477292524
816 16.235410987153873 16.265861572863436
817 16.235410987153873 25.285607335068008
818 16.235410987153873 19.27376600675426
819 16.235410987153873 22.27986547490497
820 16.235410987153873 19.273585990003372
821 16.235410987153873 19.273766106448242
822 16.235410987153873 19.274306734926096
823 16.235410987153873 25.30267269738814
824 16.235410987153873 25.2868622623365
825 16.235410987153873 28.292253917706233
826 16.235410987153873 31.31343266905219
827 16.235410987153873 22.27788679897445
828 16.235410987153873 19.28650369641066
829 16.235410987153873 22.27698591766801
830 16.235410987153873 25.283986366819146
831 16.235410987153873 19.270703688231475
832 16.235410987153873 22.27770041584664
833 16.235410987153873 19.2721450584442
834 16.235410987153873 16.265322120774616
835 16.235410987153873 25.28632557472141
836 16.235410987153873 22.29548604455836
837 16.235410987153873 28.30858196118106
838 16.235410987153873 25.301768473382857
839 16.235410987153873 19.273045461219482
840 16.235410987153873 40.53301995576282
841 16.235410987153873 22.30948737361914
842 16.235410987153873 16.266402281096465
843 16.235410987153873 19.272501390348815
844 16.235410987153873 19.273045341586702
845 16.235410987153873 28.308231038591025
846 16.235410987153873 31.298536346530746
847 16.235410987153873 19.272504533659674
848 16.235410987153873 22.27770286129958
849 16.235410987153873 22.27932422832439
850 16.235410987153873 19.272684450716596
851 16.235410987153873 22.2796878836682
852 16.235410987153873 22.280768921297135
853 16.235410987153873 22.281669842481175
854 16.235410987153873 32.39833460694408
855 16.235410987153873 28.308951304982642
856 16.235410987153873 16.26604150985915
857 16.235410987153873 16.267122308222515
858 16.235410987153873 22.278786783035013
859 16.235410987153873 28.30661199738639
860 16.235410987153873 31.296553769615066
861 16.235410987153873 22.2787867232186
862 16.235410987153873 16.26405927190303
863 16.235410987153873 22.292785507132443
864 16.235410987153873 28.306432040451863
865 16.235410987153873 25.299965933156887
866 16.235410987153873 16.26460002001366
867 16.235410987153873 19.269981766919695
868 16.235410987153873 22.27716527643861
869 16.235410987153873 22.278426510267607
870 16.235410987153873 22.294407233055605
871 16.235410987153873 22.279507906794894
872 16.235410987153873 40.36586014322431
873 16.235410987153873 25.28651145937929
874 16.235410987153873 19.27178388843092
875 16.235410987153873 16.26658229784738
876 16.235410987153873 22.280405684668082
877 16.235410987153873 19.275207297211775
878 16.235410987153873 22.281126429590802
879 16.235410987153873 22.2827445735496
880 16.235410987153873 28.312014580567688
881 16.235410987153873 22.297650824473532
882 16.235410987153873 22.297830980796036
883 16.235410987153873 28.31093670618844
884 16.235410987153873 28.29603716060094
885 16.235410987153873 19.27520737696696
886 16.235410987153873 22.280769180501498
887 16.235410987153873 22.28022861184005
888 16.235410987153873 16.26568143647974
889 16.235410987153873 19.270702790985595
890 16.235410987153873 28.30534819847163
891 16.235410987153873 22.276985817974015
892 16.235410987153873 22.29242603191696
893 16.235410987153873 25.283982465833965
894 16.235410987153873 19.28758113213639
895 16.235410987153873 22.279147494455916
896 16.235410987153873 16.265140808001888
897 16.235410987153873 19.2699788429356
898 16.235410987153873 16.26460023934043
899 16.235410987153873 28.306786146230333
900 16.235410987153873 25.285423417331923
901 16.235410987153873 19.272501131144455
902 16.235410987153873 19.272320895066773
903 16.235410987153873 19.271062944120203
904 16.235410987153873 19.269978683425222
905 16.235410987153873 25.282544278809713
906 16.235410987153873 25.328327335777544
907 16.235410987153873 28.321692696236266
908 16.235410987153873 25.28434622087177
909 16.235410987153873 28.305344955466794
910 16.235410987153873 25.312703941834044
911 16.235410987153873 19.270880063201595
912 16.235410987153873 19.270703289455533
913 16.235410987153873 22.27626537213322
914 16.235410987153873 19.285242582214448
915 16.235410987153873 31.311991478288636
916 16.235410987153873 19.26926167997726
917 16.235410987153873 34.80875785495999
918 16.235410987153873 31.31162782294482
919 16.235410987153873 28.30480790895336
920 16.235410987153873 16.264420541610274
921 16.235410987153873 19.26944201574892
922 16.235410987153873 19.269081543593558
923 16.235410987153873 25.295642460560263
924 16.235410987153873 16.260096610421332
925 16.235410987153873 16.259916493976434
926 16.235410987153873 22.271934615975024
927 16.235410987153873 19.26475415007303
928 16.235410987153873 19.280915029183504
929 16.235410987153873 16.257213531036367
930 16.235410987153873 22.271036877979462
931 16.235410987153873 16.256673062068895
932 16.235410987153873 25.290597545183036
933 16.235410987153873 19.261514140619497
934 16.235410987153873 19.2756932004886
935 16.235410987153873 22.283053443875957
936 16.235410987153873 19.277674780464398
937 16.235410987153873 28.32793365349145
938 16.235410987153873 22.297051968585432
939 16.235410987153873 22.267256180231712
940 16.235410987153873 16.254330591222978
941 16.235410987153873 28.325778363325238
942 16.235410987153873 22.280894591684145
943 16.235410987153873 19.274251491316324
944 16.235410987153873 25.28789137911568
945 16.235410987153873 19.2588112574346
946 16.235410987153873 28.339956984540795
947 16.235410987153873 22.27945320153265
948 16.235410987153873 25.28627647816177
949 16.235410987153873 23.39387313287571
950 16.235410987153873 22.279086303184013
951 16.235410987153873 25.287707880094384
952 16.235410987153873 25.318411255091
953 16.235410987153873 22.296874975512587
954 16.235410987153873 22.279993411295756
955 16.235410987153873 19.257189850532193
956 16.235410987153873 25.301713030385102
957 16.235410987153873 19.273530766332385
958 16.235410987153873 25.28519516138967
959 16.235410987153873 28.30763880828421
960 16.235410987153873 35.27582285421296
961 16.235410987153873 16.250186577090957
962 16.235410987153873 19.27064476296332
963 16.235410987153873 25.315888907065766
964 16.235410987153873 16.250727205568804
965 16.235410987153873 19.275513323309283
966 16.235410987153873 16.25162810681404
967 16.235410987153873 28.29309326878121
968 16.235410987153873 22.294713318969478
969 16.235410987153873 19.258271087549087
970 16.235410987153873 16.250727365079182
971 16.235410987153873 25.314814594712093
972 16.235410987153873 25.299914929491816
973 16.235410987153873 22.291647079522754
974 16.235410987153873 19.266501067852058
975 16.235410987153873 25.30904565152967
976 16.235410987153873 22.27314711214277
977 16.235410987153873 22.28804323527624
978 16.235410987153873 22.287682902692474
979 16.235410987153873 25.293788856852853
980 16.235410987153873 19.263437752389404
981 16.235410987153873 22.28588110020199
982 16.235410987153873 16.24027676308735
983 16.235410987153873 19.262716708384698
984 16.235410987153873 22.285520448597467
985 16.235410987153873 22.28624443652503
986 16.235410987153873 25.309585582149595
987 16.235410987153873 28.74275000340489
988 16.235410987153873 22.28804599974994
989 16.235410987153873 22.288045939933557
990 16.235410987153873 16.24496070783932
991 16.235410987153873 19.265602273100217
992 16.235410987153873 16.24279849300988
993 16.235410987153873 22.28786556428429
994 16.235410987153873 25.309047877655843
995 16.235410987153873 16.243879450883618
996 16.235410987153873 19.266503074651485
997 16.235410987153873 28.335455043400344
998 16.235410987153873 31.32773902727056
999 16.235410987153873 22.27458744553801
