# iteración mejor promedio
0 330.4378256551528 4308.779581421873
1 330.4378256551528 3345.456294777253
2 264.8293374721664 2179.4192650492714
3 246.33160303427024 1488.5241465484794
4 174.44862285965033 900.1493869550707
5 129.03923248440182 717.2100175595541
6 109.93873738382472 544.8824512439479
7 71.33956406601845 411.88556785735386
8 71.33956406601845 354.99155106322144
9 65.03440539932063 256.24511066157754
10 62.259979546813334 217.2519363847923
11 58.48432570369802 204.46755566850985
12 37.63462845403861 179.46413388577395
13 36.38127181957078 194.2048628942662
14 26.617840226576273 170.74451144533555
15 26.617840226576273 112.53914418455399
16 26.14018635916183 109.59523260412054
17 25.331308280718314 96.43850190470806
18 17.919295657736185 75.40051757110854
19 17.900053494325242 45.99706595002537
20 17.892693569133606 63.999455249573906
21 17.789025334646354 35.0358349211076
22 16.63800520247295 31.217144306841632
23 15.664041035316982 31.373457665508695
24 15.664041035316982 26.923645443852465
25 15.559895904484035 24.903024303303887
26 15.286277123378461 35.21280140027038
27 15.286277123378461 23.801202998645422
28 15.286277123378461 21.477351728492646
29 15.216337520361028 43.367073870663454
30 15.208432524128309 23.937986883960047
31 15.151388678042107 22.04151460552769
32 15.151388678042107 19.12121166381553
33 15.151388678042107 20.045790331706204
34 15.12665694380309 19.55468788443846
35 14.932499520333225 26.73601184448952
36 14.93086021759709 19.930504764526052
37 14.93086021759709 18.38009316259027
38 14.93086021759709 22.001486123333724
39 14.712228302669994 17.380323576487566
40 14.712228302669994 21.11936157600102
41 14.712228302669994 17.597758165141965
42 14.712228302669994 19.5488907178999
43 14.712228302669994 17.471280221353258
44 14.712228302669994 17.22573180590017
45 14.712228302669994 17.07742207451693
46 14.712228302669994 17.285537784398414
47 14.70431934831471 17.296146273453438
48 14.70431934831471 17.12194492258511
49 14.70431934831471 17.09733534166825
50 14.70431934831471 18.016003738138945
51 14.70431934831471 17.612313198025873
52 14.70431934831471 17.914278380605527
53 14.70431934831471 19.035103872436867
54 14.70431934831471 17.755453113091523
55 14.590596019594173 17.274888745979965
56 14.590596019594173 60.17445462059013
57 14.590596019594173 21.82306218160401
58 14.590596019594173 19.13367624787099
59 14.590596019594173 16.602701465919992
60 14.590596019594173 16.671626509301888
61 14.590596019594173 16.55659836901522
62 14.590596019594173 16.534061412480195
63 14.590596019594173 16.55432651719779
64 14.590596019594173 16.45933513488641
65 14.590596019594173 16.494753065388007
66 14.590596019594173 19.318760869995025
67 14.590596019594173 19.971863556663937
68 14.590596019594173 15.958755686585317
69 14.590596019594173 45.48336520657133
70 14.581602867987858 18.737015127264378
71 14.581602867987858 15.72641762906906
72 14.581602867987858 17.438793897373262
73 14.581602867987858 16.141841111900906
74 14.581602867987858 35.29956938360769
75 14.581464729482521 17.327728566109357
76 14.581464729482521 19.504117331683346
77 14.581464729482521 17.37927791016684
78 14.581464729482521 20.610860385054888
79 14.581464729482521 15.360074000929872
80 14.576445976369463 15.822867856258302
81 14.576445976369463 20.5164927326974
82 14.572180746858777 15.657294542594983
83 14.572180746858777 20.199112458541993
84 14.572180746858777 40.524032273496
85 14.572180746858777 15.734669695111199
86 14.572180746858777 17.114988350204985
87 14.577359217975706 21.30060510016829
88 14.577359217975706 17.921598136276806
89 14.577359217975706 18.214868567360046
90 14.577354615084227 15.450753128508904
91 14.577354615084227 15.802424246541058
92 14.577354615084227 19.938205309206264
93 14.577354615084227 15.339994682650465
94 14.577354615084227 15.82153837181163
95 14.577354615084227 25.669910986526553
96 14.577354615084227 19.151677805656426
97 14.575863241916085 15.48615807511682
98 14.572082766493159 39.009044197375836
99 14.572082766493159 15.29071133536781
100 14.572076450618976 15.824768048076393
101 14.572063843429717 22.04942315375492
102 14.572063843429717 39.771822326154144
103 14.572063843429717 15.9224251746035
104 14.572063843429717 15.716564076307147
105 14.572063843429717 20.03756371279611
106 14.572063843429717 26.89894799438614
107 14.572063843429717 15.156053700599227
108 14.572063843429717 16.040757619232306
109 14.572063843429717 16.58208634815247
110 14.570755333667119 16.52566481288863
111 14.570411948726722 15.275426364848318
112 14.570411948726722 20.646573843398542
113 14.570411948726722 19.93903180879677
114 14.570411948726722 15.723333310167463
115 14.570411948726722 37.466855219595644
116 14.570411948726722 17.938952705777925
117 14.570411948726722 22.153025573715627
118 14.570411948726722 15.123301251812261
119 14.570411948726722 15.298961588196637
120 14.570411948726722 14.946249341853367
121 14.570411948726722 14.964873262614937
122 14.57039600683692 15.237346463884878
123 14.57039600683692 15.071505525761275
124 14.57039600683692 15.072510785102459
125 14.57039600683692 15.211676051306261
126 14.57039600683692 15.047778910640115
127 14.57039600683692 15.349203599808966
128 14.57039600683692 19.46318611092674
129 14.57039600683692 22.101093253519334
130 14.57039600683692 18.81451738260557
131 14.57039316239739 15.100938448987092
132 14.57039316239739 15.244330736288367
133 14.57039316239739 15.109752331184879
134 14.57039316239739 16.287737419721537
135 14.57039316239739 15.085428705572799
136 14.57039316239739 22.320997775114492
137 14.57039316239739 14.915910562535098
138 14.57039316239739 15.22306821030331
139 14.57039316239739 39.76238284284124
140 14.568878060759191 14.91352046712264
141 14.568878060759191 19.037342701558778
142 14.568878060759191 16.726069017736656
143 14.568869160988175 16.140930815108444
144 14.568858037600377 15.058049045656619
145 14.568858037600377 15.064070578213771
146 14.568858037600377 16.993484168881864
147 14.568845995356558 17.5105917201729
148 14.568845995356558 22.155668654743167
149 14.568845995356558 25.339133206754084
150 14.568845995356558 29.073420391056143
151 14.568845995356558 17.53883631585925
152 14.568845995356558 39.917440179442764
153 14.568845995356558 19.372249584951803
154 14.568845995356558 20.93537261667908
155 14.568845995356558 14.860599904479749
156 14.568845995356558 14.697255187142357
157 14.568845995356558 15.003734911119619
158 14.568845995356558 16.057983215817792
159 14.568845995356558 17.52369822665531
160 14.568845995356558 22.22028725749725
161 14.568845995356558 16.927396278353946
162 14.568845995356558 14.859463385198001
163 14.568845995356558 14.854231778215171
164 14.568845995356558 15.151254904704963
165 14.568845995356558 18.799791775568245
166 14.56885788364418 18.764407027545293
167 14.56885788364418 18.132322042352104
168 14.56885788364418 14.818979272432589
169 14.56885788364418 14.664217494271663
170 14.56885788364418 15.118997923742507
171 14.568853673886982 16.476699586454412
172 14.568853673886982 15.337481803030666
173 14.568853673886982 15.63354325750685
174 14.568875488047855 61.52426092350984
175 14.56886354623033 19.39920618224309
176 14.56886354623033 14.959899701982536
177 14.56886354623033 19.27408526318907
178 14.56886354623033 15.314184379930309
179 14.56886354623033 38.47235953348908
180 14.56886354623033 27.359509922435983
181 14.56885865533252 18.38998125991546
182 14.56885865533252 16.260790367668132
183 14.568858037600377 15.339726213599118
184 14.568858037600377 14.807617773487566
185 14.568858037600377 14.922834566046047
186 14.568858037600377 16.79357157329474
187 14.568848427176206 37.07609528058179
188 14.568848427176206 19.741691054494712
189 14.568844127556751 16.141187802256262
190 14.568844127556751 16.12492251259265
191 14.568844127556751 15.83155944645306
192 14.568844127556751 15.078572141678983
193 14.568843991911109 17.02736967881215
194 14.568843991911109 18.83054034282659
195 14.568843991911109 14.901421005382488
196 14.568843991911109 16.256504547646887
197 14.568843991911109 18.540343494090195
198 14.568843991911109 14.757596919183543
199 14.568843991911109 15.057320440567848
200 14.568843991911109 15.236075090967791
201 14.568843991911109 17.04112320434681
202 14.568843991911109 16.17141600729963
203 14.568843991911109 21.132369901242544
204 14.568843991911109 22.358924408141746
205 14.568843991911109 19.909016265883594
206 14.568843991911109 14.89857034565851
207 14.568843991911109 21.225080356969897
208 14.568843991911109 18.98600345181533
209 14.568843991911109 15.200537899141866
210 14.568843991911109 37.01634431504643
211 14.568843991911109 15.057431989927757
212 14.568824102067444 16.001878693477096
213 14.568824102067444 14.605421787125465
214 14.568824102067444 14.903225655465281
215 14.568824102067444 14.597671031308227
216 14.568824102067444 14.74926385586748
217 14.568824102067444 14.902889270985588
218 14.568824102067444 40.696282485097946
219 14.568824102067444 15.211478612942306
220 14.568824102067444 14.746507081887223
221 14.568824102067444 14.596527907599977
222 14.568823965551719 15.052693561637494
223 14.568823965551719 16.68823227559706
224 14.56882342139617 40.886559114688175
225 14.56882342139617 14.737854911181605
226 14.56882342139617 14.735405760679871
227 14.56882342139617 14.73087442683342
228 14.56882342139617 18.248578206718218
229 14.56882342139617 14.731239927002543
230 14.56882342139617 14.733223683565406
231 14.56882342139617 14.88821606182716
232 14.56882342139617 14.580042761954097
233 14.56882342139617 14.72816183913058
234 14.56882342139617 14.575552495669145
235 14.56882342139617 14.726747843100684
236 14.56882342139617 14.57565338491946
237 14.56882342139617 14.874451124284437
238 14.56882342139617 20.738337505139437
239 14.56882342139617 14.875850392784029
240 14.56882342139617 21.04449676809289
241 14.56882342139617 18.09206745015635
242 14.56882342139617 14.724219039738921
243 14.56882342139617 14.871758928689003
244 14.56882342139617 19.272947272363215
245 14.56882342139617 14.570433312846422
246 14.56882342139617 15.024072269072917
247 14.56882342139617 15.175211443523372
248 14.56882342139617 19.072019521245196
249 14.56882342139617 14.721803641437871
250 14.56882342139617 14.570573096281725
251 14.56882342139617 14.570624152267241
252 14.56882342139617 14.722222377349892
253 14.568842348046342 14.873700536563463
254 14.568842348046342 20.781017892761493
255 14.568842348046342 14.872761968689192
256 14.568842348046342 14.873685966905391
257 14.568828428659446 39.915017509420885
258 14.568828428659446 21.031300176401793
259 14.568828428659446 15.560483133975021
260 14.568824512759027 17.283546831603452
261 13.543275924920678 37.26448350774864
262 13.543275924920678 15.0195822563542
263 12.950942629526857 40.92493928532871
264 12.947182653141189 21.87157302715522
265 12.648427723318218 14.830510045025685
266 12.648427723318218 30.32777973243011
267 12.648427723318218 21.432299263311815
268 12.648427723318218 18.800372408781048
269 12.648427723318218 14.887154523205922
270 12.648427723318218 17.803915307557904
271 12.648427723318218 22.952996008230386
272 12.648422827991514 15.71388958604884
273 12.647206807877904 14.805043440701803
274 12.647206807877904 21.47779714580697
275 12.647206807877904 14.907986728064529
276 12.64705238128579 34.47649084064226
277 12.64705238128579 35.86674072219857
278 12.599284397797131 14.786231295010023
279 12.599284397797131 20.13708969403597
280 12.599284397797131 15.568180210063378
281 12.379949078857031 18.898771311915112
282 12.379949078857031 14.854616232429908
283 12.379949078857031 61.813581550375396
284 12.37994787857494 14.801582807454757
285 12.379931668330006 18.541296541182447
286 12.379931668330006 35.436416832477974
287 12.379931668330006 22.135767263352882
288 12.379931668330006 18.405599576842825
289 12.379931668330006 33.79135079339361
290 12.379931668330006 17.600093935149978
291 12.35415654951485 39.178825547830535
292 12.35415654951485 16.112402922248375
293 12.342606750170797 41.282608193266206
294 12.342606750170797 38.80816653393927
295 12.342606750170797 14.19072343274679
296 12.342606750170797 41.60532149718518
297 12.342606750170797 44.78451780725732
298 12.342606750170797 35.59654636014402
299 12.32310940930801 19.275148547436455
300 12.32310940930801 18.026492650476918
301 12.32022856803908 35.083993397332094
302 12.319051067674613 14.32040351960547
303 12.319051067674613 19.019655112009033
304 12.318605139523621 37.61958866619436
305 12.318605139523621 34.892431934991116
306 12.318605139523621 17.648034980055208
307 12.318605139523621 33.0219433842718
308 12.318605139523621 13.229806969561764
309 12.318605139523621 16.017755238448746
310 12.317917362981104 13.21320759299439
311 12.303056750641188 13.249731793026635
312 12.297545388872111 18.44328949661267
313 12.297545388872111 20.126699909330394
314 12.2971401292279 13.799442306828375
315 12.2971401292279 20.164186084696468
316 12.2971401292279 13.403371723681367
317 12.297119024661542 17.455817202950016
318 12.297119024661542 14.89584793734499
319 12.297119024661542 53.17342858656678
320 12.296986324420782 13.676575590403353
321 12.296961133530752 16.977848982517997
322 12.296961133530752 13.260167861689668
323 12.296961133530752 13.504479858873738
324 12.296961133530752 38.647045432751526
325 12.296961133530752 31.816606762233686
326 12.296961133530752 20.002541192021916
327 12.296961133530752 44.645593435295325
328 12.296961133530752 31.967058419284417
329 12.296961133530752 19.333831824398807
330 12.296961133530752 31.53556396994933
331 12.296961133530752 14.846279843243668
332 12.296961133530752 31.490212368188683
333 12.296960990356279 12.92649653180927
334 12.296960990356279 34.12135047558908
335 12.296999578112777 12.872644770126835
336 12.296999578112777 14.629642410081983
337 12.296981156689569 57.06864085502489
338 12.296981156689569 14.619360200019157
339 12.296981156689569 31.909133661801665
340 12.296981156689569 14.490611708168636
341 12.296981156689569 17.393042960357292
342 12.296981156689569 12.817974075895176
343 12.296981156689569 44.718594994079155
344 12.296981156689569 12.84490371593295
345 12.296981156689569 12.884551627102876
346 12.296981156689569 14.46048608683725
347 12.296981156689569 13.145778814529496
348 12.296981156689569 33.71849397739131
349 12.296981156689569 14.867321545529643
350 12.296981156689569 36.9864605826449
351 12.296981156689569 36.22405430896092
352 12.296981156689569 12.937606464099963
353 12.296981156689569 17.195083588835324
354 12.296981156689569 35.44975866745312
355 12.296981156689569 40.72812603987943
356 12.296981156689569 12.86472533825957
357 12.296981156689569 13.077146489598737
358 12.296981156689569 67.18603201006886
359 12.296981156689569 13.320950352142455
360 12.296981156689569 31.6360480788619
361 12.296981156689569 33.661435399341364
362 12.296981156689569 13.611679407166578
363 12.296981156689569 13.297681153180172
364 12.296981156689569 15.222087359980213
365 12.296981156689569 17.16396583731479
366 12.296981156689569 14.586181778861405
367 12.296981156689569 13.12901122369968
368 12.296981156689569 31.52780777971874
369 12.296981156689569 13.395409085494911
370 12.296981156689569 20.38276087051141
371 12.296981156689569 13.551664375185812
372 12.296966866108514 31.8626500524242
373 12.296966866108514 12.812294254424994
374 12.296966866108514 14.908976739353752
375 12.296966866108514 21.74490136482018
376 12.296966866108514 12.54379067003292
377 12.296966866108514 31.419148348084587
378 12.296966866108514 55.26535189885333
379 12.296966866108514 15.193762513351777
380 12.296933440838858 12.84340476538135
381 12.296933440838858 12.667308309521786
382 12.296933440838858 51.75464768621107
383 12.296913808834523 34.130753475451996
384 12.296913808834523 19.34920305930639
385 12.296913808834523 19.518196673018398
386 12.296913808834523 55.98594724007909
387 12.296913808834523 31.147929405918248
388 12.296913808834523 13.102125273061217
389 12.296913808834523 15.25872003513925
390 12.296913808834523 12.979967049353823
391 12.296913808834523 12.83420394432905
392 12.296913808834523 22.95621655951994
393 12.296913808834523 14.09714960300532
394 12.29690908381866 14.95093651213748
395 12.29690908381866 21.48360142545523
396 12.296899251023387 17.258155089836063
397 12.296899251023387 32.590988774888935
398 12.296899251023387 12.654477519065452
399 12.296899251023387 17.232385649572972
400 12.296898243461488 12.856905639507922
401 12.296898243461488 14.824818625315944
402 12.296898243461488 80.12904697216776
403 12.296898243461488 13.575830527146898
404 12.296898243461488 14.791586512078466
405 12.296898243461488 35.73188491305262
406 12.296898243461488 39.45488774100559
407 12.296898243461488 32.06055381566774
408 12.296898243461488 21.041433129051928
409 12.296898243461488 53.776472591920694
410 12.296898243461488 14.677157223378815
411 12.296898243461488 18.083242043993316
412 12.296898243461488 32.72061803222354
413 12.296898243461488 21.448636586580555
414 12.296898243461488 13.484487748083389
415 12.296898243461488 17.08299000501496
416 12.296898243461488 13.026812630775721
417 12.296898243461488 14.481455203911047
418 12.296898243461488 12.92197940077476
419 12.296898243461488 33.92623672309034
420 12.296898243461488 53.34056769037912
421 12.296898243461488 52.07817834633712
422 12.296898243461488 32.11724420825038
423 12.296898243461488 15.217206765118942
424 12.296898243461488 13.776848993420108
425 12.296898243461488 13.453089105142077
426 12.296898243461488 12.762406196040367
427 12.296898243461488 32.389691292930884
428 12.296898243461488 20.263008877702763
429 12.296898243461488 41.73930262151515
430 12.296898243461488 36.79044850505682
431 12.296898243461488 12.625797443873724
432 12.296898243461488 12.789150290929207
433 12.296898243461488 32.56636158509125
434 12.296898243461488 12.800216870690882
435 12.296898243461488 14.169002246318266
436 12.296898243461488 31.938045455403405
437 12.29677020754902 12.640062750031694
438 12.29677020754902 32.913963116702135
439 12.29677020754902 32.15431927504507
440 12.296750184390206 13.812236860362072
441 12.296408337565536 36.32562699363485
442 12.296408337565536 32.48910017401769
443 12.295173843171703 38.03881482856353
444 12.295173843171703 44.66606553432514
445 12.295173843171703 34.75824847164829
446 12.295173843171703 12.842419506370124
447 12.295173843171703 32.26768763691865
448 12.295173843171703 15.646940348515871
449 12.295173843171703 12.986698384629912
450 12.295173843171703 58.53575244741453
451 12.295173843171703 44.76496385223175
452 12.295173843171703 18.628319370212
453 12.295173843171703 12.81719134584565
454 12.295173843171703 14.815303298821341
455 12.295173843171703 12.9467662372884
456 12.295173843171703 33.114273833794556
457 12.295173843171703 13.315107276039944
458 12.295173843171703 20.704464371793794
459 12.295173843171703 32.460685184468815
460 12.295173843171703 30.354990047935825
461 12.295173843171703 16.10341841540089
462 12.295173843171703 15.062607246509282
463 12.295046263617092 19.04732592098125
464 12.295025581326229 33.13047007589861
465 12.295025581326229 14.126907337647815
466 12.295025581326229 13.220695237957779
467 12.295020899034995 12.74492562361232
468 12.295020899034995 12.734572971016448
469 12.295020899034995 32.856491450822276
470 12.295020899034995 14.622800081316575
471 12.295020899034995 36.812284055256455
472 12.295020899034995 13.594799330328637
473 12.295020899034995 13.150588208810687
474 12.295020899034995 34.261040229427884
475 12.295020899034995 16.849060550600214
476 12.295020899034995 31.355345750382156
477 12.294905373275974 16.705160164022796
478 12.294905373275974 31.70384479170179
479 12.294905373275974 12.537106025918341
480 12.294905373275974 12.516562650943166
481 12.294905373275974 12.696161745909164
482 12.294905373275974 14.831535411536343
483 12.294905373275974 19.558829351644334
484 12.294905373275974 17.454008462884616
485 12.294905373275974 17.33881811064934
486 12.294905373275974 12.72420138117452
487 12.295040307186532 17.45065158510542
488 12.295039154924279 15.293034548234242
489 12.295039154924279 14.295443295850546
490 12.295039154924279 15.77947530436354
491 12.295019131765462 12.550075120605971
492 12.295019131765462 12.33777822131169
493 12.295019131765462 12.867339156527375
494 12.294886502379413 12.863968162227273
495 12.294886502379413 16.79622013090583
496 12.294885899172757 12.4979290016912
497 12.294885899172757 12.684616735233304
498 12.294885899172757 17.3562955531931
499 12.294885899172757 15.225696231890229
500 12.294885350117159 17.203236029753654
501 12.294885350117159 12.332700950057767
502 12.294885350117159 12.693959887061665
503 12.294885350117159 12.861234204708508
504 12.294877735392731 12.318954856668135
505 12.294877735392731 12.668184682346778
506 12.294877735392731 12.49365715216539
507 12.294877735392731 12.841840600679289
508 12.294876583130478 13.795290354312591
509 12.294876583130478 12.841247795514668
510 12.294876583130478 12.485537781705563
511 12.294876583130478 16.8047046455343
512 12.294876583130478 12.853023799691204
513 12.294876583130478 13.03068772341456
514 12.294876583130478 16.784177357731313
515 12.294876583130478 19.465411333585195
516 12.294876583130478 12.490082839663433
517 12.294876583130478 13.894386674062453
518 12.294876583130478 13.020726855734692
519 12.294876583130478 12.486448840677559
520 12.294876583130478 12.494153544814637
521 12.294876583130478 12.665921857872924
522 12.294876583130478 14.311966860412259
523 12.294876583130478 12.307889887832738
524 12.294876583130478 13.20002532260426
525 12.294876583130478 12.488032674436639
526 12.294876583130478 12.30824768957518
527 12.294876583130478 12.486049716485734
528 12.294876583130478 12.30685248954058
529 12.294876583130478 12.30607300507341
530 12.294876583130478 12.66292012932388
531 12.294876583130478 50.484501946683395
532 12.294876583130478 21.259762678955777
533 12.294876583130478 14.957486825923343
534 12.294876583130478 17.548781513925434
535 12.294876583130478 12.482506588227682
536 12.294876583130478 12.838027073824962
537 12.294876583130478 12.659292979998973
538 12.294876583130478 15.365319930157737
539 12.294876583130478 37.23274053987468
540 12.294876583130478 12.659043653882836
541 12.294876583130478 12.301496249635761
542 12.294876583130478 12.479893233666921
543 12.294876583130478 16.622348351536026
544 12.294876583130478 13.191582647785616
545 12.294876583130478 12.836898395820208
546 12.294876583130478 17.391469335230568
547 12.294876583130478 14.812505513427688
548 12.294876583130478 14.03337279584886
549 12.294876583130478 14.660088182329405
550 12.294876583130478 12.303067991455912
551 12.294876583130478 13.013983046401986
552 12.294876583130478 17.30987935460543
553 12.294876583130478 13.195218738484257
554 12.294876583130478 12.478202782721592
555 12.294876583130478 16.844970731465768
556 12.294876583130478 12.657564423291142
557 12.294876583130478 13.013857122100934
558 12.294876583130478 12.300781346194963
559 12.294876583130478 12.834397705538889
560 12.294876583130478 16.934371427215197
561 12.294876583130478 12.299663231216348
562 12.294876583130478 12.655956841543707
563 12.294876583130478 13.01342690868482
564 12.294876583130478 21.337987206391073
565 12.294876583130478 15.081803692967567
566 12.294876583130478 28.783114237282675
567 12.294876583130478 17.0219581129781
568 12.294876583130478 12.47650103389613
569 12.294876583130478 17.007808376541135
570 12.294876583130478 12.298337088869351
571 12.294876583130478 12.298563212855997
572 12.294876583130478 12.834102683627895
573 12.294876583130478 12.833647381118158
574 12.294876583130478 28.504134644323184
575 12.294876583130478 14.700780104236992
576 12.294876583130478 12.477638020314952
577 12.294876583130478 12.833442505415492
578 12.294876583130478 14.551777757608926
579 12.294876583130478 44.18420452373411
580 12.294876583130478 13.913830022875773
581 12.294876583130478 12.510266290028433
582 12.294876583130478 12.477990797473524
583 12.294876583130478 16.153433817119375
584 12.294876583130478 12.477874569549718
585 12.294876583130478 15.870492029701763
586 12.294876583130478 12.655445754988435
587 12.294876583130478 27.27314380712153
588 12.294876583130478 12.477465261222966
589 12.294876583130478 17.105265031838854
590 12.294876583130478 13.010888421420407
591 12.294876583130478 19.14656967445846
592 12.294876583130478 20.726255411933348
593 12.294876583130478 12.65443935231492
594 12.294876583130478 13.704809215205385
595 12.294876583130478 12.476411687463772
596 12.294876583130478 12.654187813483684
597 12.294876583130478 15.68369772859667
598 12.294876583130478 12.654312737673562
599 12.294876583130478 12.654508551445712
600 12.294876583130478 12.833737152658278
601 12.294876583130478 15.162837326125524
602 12.294876583130478 12.655117481343844
603 12.294876583130478 13.188082829720072
604 12.294876583130478 12.655219147788458
605 12.294876583130478 12.654406156974263
606 12.294876583130478 12.298538831375597
607 12.294876583130478 12.477569726433495
608 12.294876583130478 12.477348290559478
609 12.294876583130478 12.655935831063148
610 12.294876583130478 12.654878397365282
611 12.294876583130478 12.6545887212969
612 12.294876583130478 12.833893524498388
613 12.294876583130478 19.36117939311803
614 12.294876583130478 19.35322139735431
615 12.294876583130478 12.476485352903742
616 12.294876583130478 12.476604094402813
617 12.294876583130478 12.297601302454424
618 12.294876583130478 12.476088374381945
619 12.294876583130478 14.252923125277626
620 12.294876583130478 23.74108085730675
621 12.294876583130478 12.832746896239735
622 12.294876583130478 14.832226135128542
623 12.294876583130478 12.653957251750537
624 12.294876583130478 12.475658808939736
625 12.294876583130478 17.284814246080156
626 12.294876583130478 12.654445900321864
627 12.294876583130478 12.475740336992878
628 12.294876583130478 12.29738311291592
629 12.294876583130478 12.832988402325459
630 12.294876583130478 12.65488658192621
631 12.294876583130478 12.297516777376638
632 12.294876583130478 12.475831722193407
633 12.294876583130478 12.654865408846966
634 12.294876583130478 15.61641417389702
635 12.294876583130478 12.297190952413734
636 12.294876583130478 12.654212289918982
637 12.294876583130478 12.832591614384956
638 12.294876583130478 12.296915567665671
639 12.294876583130478 12.654061908235146
640 12.294876583130478 12.653896901786716
641 12.294876583130478 18.84182987877202
642 12.294876583130478 12.832581585641899
643 12.294876583130478 12.832018839703746
644 12.294876583130478 12.832249394542643
645 12.294876583130478 12.653385456215746
646 12.294876583130478 12.474947257416279
647 12.294876583130478 12.475140400089225
648 12.294876583130478 13.011086046395162
649 12.294876583130478 12.296486015919687
650 12.294876583130478 12.296533374659198
651 12.294876583130478 12.475232408228482
652 12.294876583130478 13.01078070538461
653 12.294876583130478 17.128108394219115
654 12.294876583130478 12.474866564033213
655 12.294876583130478 13.010845577535973
656 12.294876583130478 12.296669020974583
657 12.294876583130478 12.47538424201955
658 12.294876583130478 12.475518470744376
659 12.294876583130478 12.65376698175928
660 12.294896606289292 16.3758579217167
661 12.294876583130478 12.296559149078156
662 12.294876583130478 12.475459053631061
663 12.294876583130478 12.475323790993887
664 12.294876583130478 29.476244288806605
665 12.294876583130478 12.65400661438505
666 12.294876583130478 19.728231572193703
667 12.294876583130478 14.27213715293982
668 12.294876583130478 13.010913791009996
669 12.294876583130478 24.96395648882261
670 12.294876583130478 12.29654592085597
671 12.294876583130478 12.474808948891711
672 12.294876583130478 12.831794227040932
673 12.294876583130478 16.26738367750222
674 12.294876583130478 12.474996327697944
675 12.294876583130478 16.217943692128113
676 12.294876583130478 12.652740675663795
677 12.294876583130478 17.211092307792967
678 12.294876583130478 16.88920468509783
679 12.294876583130478 12.47437206341387
680 12.294876583130478 12.652916941832194
681 12.294876583130478 12.831569986683041
682 12.294876583130478 12.474383228122752
683 12.294876583130478 12.831190191040037
684 12.294876583130478 23.819818145692558
685 12.294876583130478 12.474437086756591
686 12.294876583130478 14.431296081895626
687 12.294876583130478 18.12792493961983
688 12.294876583130478 15.833870895957425
689 12.294876583130478 16.96402586868925
690 12.294876583130478 13.009506221274998
691 12.294876583130478 18.116864615564666
692 12.294876583130478 12.831055600525872
693 12.294876583130478 26.391972504447068
694 12.294876583130478 40.09813235202292
695 12.294876583130478 13.009756386715651
696 12.294876583130478 16.567787298142196
697 12.294876583130478 12.831086646190144
698 12.294876583130478 13.703821070098577
699 12.294876583130478 12.831438882027351
700 12.294876583130478 16.8082912984241
701 12.294876583130478 15.868597970348748
702 12.294876583130478 21.260049571527915
703 12.294876583130478 14.129028830334814
704 12.294876583130478 13.010209549979482
705 12.294876583130478 16.041744721946614
706 12.294876583130478 18.781653563702516
707 12.294876583130478 13.010506445326776
708 12.294876583130478 15.18770173952961
709 12.294876583130478 21.16556562266403
710 12.294876583130478 15.466708750899294
711 12.294876583130478 12.653130595964559
712 12.294876583130478 12.47469875923493
713 12.294876583130478 13.703948598106383
714 12.142595250998871 14.60205564872041
715 12.142595250998871 13.386290315080316
716 12.142574429138124 18.503231911317222
717 12.142574429138124 36.31619211553039
718 12.142574429138124 15.601679344241045
719 12.142503227672725 17.164607834788207
720 12.142503227672725 14.394779407896403
721 12.142503227672725 22.484412885240644
722 12.138331022732443 12.723177658156667
723 12.138331022732443 13.08305917696616
724 12.138331022732443 19.198491190459333
725 12.138331022732443 12.727954097137182
726 12.138331022732443 12.547922771330994
727 12.138331022732443 32.84440931730806
728 12.138331022732443 12.886197300185822
729 12.138331022732443 14.651143908713015
730 12.138331022732443 12.646009267750529
731 12.13725355036749 12.463075660016706
732 12.130839107440472 18.664994771883208
733 12.130822898688685 14.479164093151645
734 12.130822898688685 12.368090511806688
735 12.130757332146068 12.839633010317309
736 12.130623550497763 16.95366291682201
737 12.130607341745975 15.265915878739154
738 12.130607341745975 51.192033846198804
739 12.130607341745975 55.80785984258458
740 12.130607341745975 16.438365545569994
741 12.111058339068961 40.5088957115129
742 12.111058339068961 47.15943154240188
743 12.111058339068961 52.889315342315804
744 12.111058339068961 15.801966620672594
745 12.098354846501278 36.40689756711453
746 12.098354846501278 14.878399247125586
747 12.098354846501278 40.26848089666264
748 12.098354846501278 13.193143908988501
749 12.098273071206874 16.377322166166717
750 12.098273071206874 37.461298005202096
751 12.098139289558569 14.39335470343621
752 12.098139289558569 22.68758030407582
753 12.098139289558569 15.111867310581038
754 12.098139289558569 37.616990096940725
755 12.098139289558569 54.48092259359247
756 12.098139289558569 12.916581750201628
757 12.098139289558569 17.36081872290466
758 12.098122852954734 35.385709630038484
759 12.098122852954734 12.344625830559584
760 12.098122852954734 12.356784929721927
761 12.098122852954734 15.00983352723255
762 12.098122852954734 14.994110324444854
763 12.098122852954734 13.793745037617182
764 12.098122852954734 12.644580131735138
765 12.097109032264905 16.052220514757426
766 12.097109032264905 12.691911794285156
767 12.097109032264905 13.0273300060919
768 12.097109032264905 19.223501479309252
769 12.097109032264905 13.00149878115914
770 12.097109032264905 13.994140682216067
771 12.097109032264905 13.140208928721167
772 12.097109032264905 19.0393692159942
773 12.097109032264905 12.538710513202188
774 12.097109032264905 12.579536249199105
775 12.097109032264905 12.527335242754656
776 12.097108485315525 12.689227797396665
777 12.097108485315525 12.885536298723244
778 12.097108485315525 12.354701984616458
779 12.097108485315525 12.721056967900802
780 12.096774255299335 32.93521955514527
781 12.096774255299335 12.557229030258613
782 12.096773708349955 12.6290179904814
783 12.096773708349955 12.788277308664986
784 12.096431340732812 12.635100997385202
785 12.096431340732812 14.680250553361418
786 12.096431340732812 74.55211721294731
787 12.095505029965961 18.897271306130452
788 12.095371248317656 38.658427955432714
789 12.095370701368276 41.80619311491513
790 12.095370701368276 35.29476941172356
791 12.095370701368276 34.88935120808928
792 12.095370701368276 40.688374465640365
793 12.095370701368276 40.27935432257285
794 12.095370701368276 14.803740135160172
795 12.095370701368276 34.75110994264703
796 12.095032270833569 33.526044701848456
797 12.095032270833569 14.673445780358957
798 12.095032270833569 34.98255226025195
799 12.095032270833569 44.210220705242
800 12.095032270833569 20.008634661455854
801 12.095032270833569 13.504512349062336
802 12.095032270833569 19.959729140526168
803 12.095032270833569 14.092636957609452
804 12.095032270833569 39.19546706430766
805 12.095032270833569 44.33755122645952
806 12.095032270833569 18.707809357635096
807 12.095032270833569 39.335749853958006
808 12.095032270833569 37.9177671260841
809 12.095032270833569 34.439449963807206
810 12.095032270833569 16.559125310125413
811 12.095032270833569 39.97827691472781
812 12.095032270833569 34.91721874866537
813 12.095032270833569 13.143942891098924
814 12.095032270833569 14.74448260519843
815 12.095032270833569 12.460454054904247
816 12.095032270833569 14.770089011929436
817 12.095032270833569 34.71324790446365
818 12.095032270833569 35.92919561499479
819 12.095032270833569 17.40973864760211
820 12.095032270833569 14.873254719253882
821 12.095032270833569 18.558752541454837
822 12.095032270833569 37.44701614410789
823 12.095032270833569 16.453377284129502
824 12.095032270833569 12.461607724606502
825 12.095032270833569 13.283031011906933
826 12.095032270833569 20.73701027436084
827 12.095032270833569 18.352637437281018
828 12.095032270833569 14.112389496898388
829 12.095032270833569 16.01939772284524
830 12.095032270833569 14.931084086945615
831 12.095032270833569 17.669644693810042
832 12.095032270833569 14.883022165256737
833 10.690249721711764 13.189807138088145
834 10.045960337421135 12.420658304724556
835 10.045960337421135 14.988631575587231
836 10.045960337421135 19.622452279842047
837 10.045960337421135 35.51608465703725
838 10.045960337421135 13.910960048359941
839 10.044525916559758 12.35151127230013
840 10.034839910401292 12.134427731827243
841 10.034839910401292 16.457027368280027
842 10.034839910401292 12.09592461783102
843 10.034839910401292 12.606923033778882
844 10.034839910401292 20.01384480500549
845 10.034839910401292 11.85657210177928
846 10.031882954022159 12.310218284169665
847 10.031882954022159 14.345321730216346
848 10.031882954022159 15.885156911674745
849 10.031882954022159 12.028756677734417
850 10.031882954022159 11.733111226667768
851 10.028834838558755 11.681591479944553
852 10.028834838558755 16.858415697114996
853 10.028834838558755 14.584457242040187
854 10.028834838558755 11.570989768482182
855 10.028834838558755 16.084749935225815
856 10.028834838558755 17.334210079825937
857 10.028834838558755 11.262002740919364
858 10.026522881155584 12.075769681647522
859 10.026522881155584 22.040932649200727
860 10.026347213923593 11.122332605998622
861 10.026347213923593 10.987277045475402
862 10.026307324212878 14.727592879642295
863 10.017816788897434 12.598899558898058
864 10.017816788897434 10.518823065353445
865 10.017816788897434 15.70633509197248
866 10.017816788897434 10.427483663200462
867 10.017816788897434 32.629506205587155
868 10.017816788897434 10.631365945302884
869 10.017627919394952 11.455515879230932
870 10.020122142782437 11.752958529392371
871 9.98309301398446 13.243133436003285
872 9.98309301398446 11.470441514348416
873 9.971757030021907 12.503797322014401
874 9.971757030021907 10.13136066347107
875 9.971757030021907 10.125697480311032
876 9.971757030021907 10.691856070063457
877 9.971717140311192 11.177543608454569
878 9.971717140311192 12.680354993124059
879 9.971717140311192 10.979200875128424
880 9.971717140311192 36.811581795854586
881 9.971717140311192 11.240821014848011
882 9.971717140311192 13.855979333304486
883 9.971717140311192 10.355573857070414
884 9.962833952019139 12.996858823537913
885 9.92264091356992 10.062692921098645
886 9.92264091356992 11.445010135032064
887 9.92264091356992 10.914817439591339
888 9.92264091356992 11.763338915375
889 9.922601023859205 33.34454638870541
890 9.922601023859205 10.35664963743698
891 9.922425356627212 11.423911652071153
892 9.922385466916497 11.823072912646287
893 9.922385466916497 10.89712162427405
894 9.922385466916497 10.596783709994565
895 9.922385466916497 13.482323438690724
896 9.922385466916497 25.693329498730918
897 9.922385466916497 12.806151855380557
898 9.922385466916497 10.606041693432523
899 9.922385466916497 10.040087253743243
900 9.922385466916497 10.321007190625147
901 9.922385466916497 11.167134940760814
902 9.913197021693165 10.3128544719095
903 9.913197021693165 11.128617252314973
904 9.898848883362977 10.039845283292772
905 9.898848883362977 10.03867302948372
906 9.898848883362977 10.034195590270357
907 9.898848883362977 10.878867985256047
908 9.898638622856737 14.716452229009274
909 9.898638622856737 10.325016900986805
910 9.898638622856737 10.593647337825244
911 9.898638622856737 10.03091389584246
912 9.898638622856737 10.555824661854437
913 9.898638622856737 52.06844273585706
914 9.898638622856737 17.14845628600294
915 9.898598733146022 10.613232010446376
916 9.898598733146022 10.89402022600757
917 9.898598733146022 10.307138445505762
918 9.898598733146022 10.319705077159385
919 9.898547617486292 10.888710149720687
920 9.898547617486292 10.31445855996349
921 9.898547617486292 10.593962186424324
922 9.898547617486292 10.586336312507735
923 9.898547617486292 10.83818733125471
924 9.898547617486292 12.986122002147907
925 9.898547617486292 10.006428267217252
926 9.898547617486292 10.008435082331617
927 9.898547617486292 11.703439753887402
928 9.898547617486292 11.488358186960745
929 9.898547617486292 11.820855885973586
930 9.898547617486292 10.013719051944753
931 9.898547617486292 10.269548896866558
932 9.898547617486292 10.566849355280771
933 9.898547617486292 10.292744503999748
934 9.898547617486292 10.292225051876423
935 9.898547617486292 10.576506080610843
936 9.898547617486292 15.2117639150301
937 9.898547617486292 35.52081347089978
938 9.898547617486292 10.55277804356395
939 9.898547617486292 10.858361208949704
940 9.898547617486292 10.852535873929243
941 9.898547617486292 10.27624462291322
942 9.898547617486292 10.270140423584452
943 9.898547617486292 10.801234167355268
944 9.898547617486292 9.995672085543582
945 9.898547617486292 10.807228894816626
946 9.898547617486292 10.251082976196905
947 9.898547617486292 10.825110226748864
948 9.898547617486292 14.443468844140469
949 9.898547617486292 10.005592231957724
950 9.898547617486292 10.869108293870362
951 9.8985093776875 12.999408220245844
952 9.8985093776875 36.61552293491081
953 9.8985093776875 10.5759893604795
954 9.8985093776875 14.556408875584374
955 9.8985093776875 10.297305172607315
956 9.8985093776875 14.919790780612985
957 9.898469487976785 10.285657381090532
958 9.898469487976785 11.91426607599214
959 9.898469487976785 15.606821132635384
960 9.898469487976785 11.40938418248257
961 9.898469487976785 41.568351416755775
962 9.898469487976785 10.865859461163247
963 9.898469487976785 10.55043016976929
964 9.898469487976785 10.542612676606128
965 9.898469487976785 10.282591334972144
966 9.898469487976785 10.51909146649733
967 9.898469487976785 10.282632271402948
968 9.898469487976785 10.560244496516193
969 9.898469487976785 11.05425704286913
970 9.898469487976785 10.253517329848071
971 9.898469487976785 11.14004489559768
972 9.898469487976785 10.562658382698793
973 9.898469487976785 10.25435444466692
974 9.898469487976785 10.512131250383982
975 9.898469487976785 10.273089985237172
976 9.898469487976785 10.52803456568714
977 9.898469487976785 11.358034267681285
978 9.898469487976785 16.28587840179315
979 9.898469487976785 13.370656719101124
980 9.898469487976785 10.859227444301203
981 9.898469487976785 10.291315635534088
982 9.898469487976785 10.57689951557105
983 9.898469487976785 10.013775527219867
984 9.898469487976785 10.57922434213027
985 9.898469487976785 15.919474482864286
986 9.898469487976785 13.650017371515862
987 9.898469487976785 10.033825063071884
988 9.898469487976785 10.00038703461358
989 9.898469487976785 10.28657726070982
990 9.898469487976785 10.778076893266885
991 9.898469487976785 9.997727345901366
992 9.898469487976785 10.278144096353499
993 9.898469487976785 10.559249801730381
994 9.898469487976785 11.677341006648202
995 9.898469487976785 13.955186053536847
996 9.898469487976785 10.855455465896295
997 9.898469487976785 10.283584886041234
998 9.898469487976785 10.571520536049084
999 9.898469487976785 10.292981303578584
