# iteración mejor promedio
0 297.8282941726826 4374.08020535633
1 296.7774425723265 3658.3568383773445
2 295.6680048837136 2512.698249298462
3 208.34512300203323 1592.9745764402917
4 118.57887691066445 1058.557894330009
5 109.88628433519465 795.8755279638867
6 109.88628433519465 568.2745142605887
7 95.55239298316668 508.49289753698577
8 95.55239298316668 528.631508552527
9 95.55239298316668 422.0843862514484
10 74.74009452329005 445.4636133718735
11 42.541397251777326 403.6315548440441
12 42.541397251777326 321.074316218205
13 40.49072076527744 340.076749332606
14 31.458131302595085 265.644099376566
15 29.995706759068103 155.34789665951254
16 28.563083655139383 182.46189844403355
17 27.027578952463646 92.54111243694851
18 23.83791581499346 105.86063464490994
19 23.83791581499346 65.8444686380535
20 22.781929375367834 54.39005372813978
21 22.781929375367834 83.0605295271895
22 22.655252646558864 104.98057778013506
23 20.920412685844845 58.75501084951436
24 20.920412685844845 61.88594657838024
25 18.887574067753597 57.349124614775164
26 17.121344947470785 61.97184161613661
27 16.708473096886465 57.25219339377899
28 16.702569217992103 51.01189269164152
29 16.245797425642284 86.35175787150993
30 16.245797425642284 67.75348405858016
31 16.245797425642284 31.62455017765449
32 16.245797425642284 25.480096138604537
33 16.245797425642284 28.841727937082222
34 16.245797425642284 24.12892681728884
35 14.995219129521605 42.7850452316962
36 14.822507249790219 32.07601084552468
37 14.822507249790219 44.07714475739604
38 14.76204899836033 25.583712927036654
39 14.76204899836033 22.962897647009026
40 14.510543700000847 23.749863929100187
41 14.3876069996426 39.2765984892842
42 14.364672840746547 91.67611451974855
43 14.364672840746547 58.70720465276012
44 14.364672840746547 55.343194004479
45 14.234937334370352 21.66701717866658
46 14.234937334370352 41.73146912694659
47 14.234937334370352 87.81078854086614
48 14.234937334370352 28.493870326633736
49 14.204094766422473 38.40689445125397
50 14.204094766422473 37.91245963834757
51 14.204094766422473 41.00771314237106
52 14.204094766422473 22.429719075380554
53 14.082824503682787 38.20182361669902
54 14.082824503682787 19.67226628014489
55 14.082824503682787 42.94413587827064
56 14.082824503682787 24.640036023870007
57 14.082824503682787 22.248678789782904
58 14.082824503682787 22.56072521260272
59 14.082824503682787 25.834703563751255
60 14.082824503682787 53.49835886235593
61 14.02865527089085 16.99888399718019
62 14.02865527089085 22.90136181573825
63 14.02865527089085 22.69865501775499
64 13.99407297426352 40.162681320002
65 13.985105676544935 20.32636987960612
66 13.985105676544935 16.70696147277709
67 13.964724590665107 18.023938016147564
68 13.964724590665107 18.075314337690937
69 13.964724590665107 16.356874686631272
70 13.964724590665107 16.28527545243782
71 13.964724590665107 16.239950714606813
72 13.964724590665107 17.748986995612196
73 13.963502235229592 18.27605406842506
74 13.963502235229592 20.669542506180523
75 13.963502235229592 26.547580089300965
76 13.963250406249827 16.146947345947137
77 13.963250406249827 19.045722568568852
78 13.963250406249827 20.52897946292697
79 13.963250406249827 23.104274374298807
80 13.963250406249827 19.048204810745986
81 13.963250406249827 16.044460759446157
82 13.963250406249827 16.020766403919357
83 13.963250406249827 20.466519856645167
84 13.963250406249827 15.975444649776524
85 13.963250406249827 17.440771788699024
86 13.963250406249827 17.453135682131716
87 13.959135109975202 17.423058141988225
88 13.959135109975202 17.415162743747583
89 13.951511544451474 18.929690865845366
90 13.951511544451474 20.021067719190427
91 13.951345090509609 17.42168971374028
92 13.951345090509609 15.910008419327573
93 13.951345090509609 18.881754486873408
94 13.951345090509609 17.44057943507353
95 13.951345090509609 15.901349981657793
96 13.951345090509609 18.94265168043151
97 13.951345090509609 15.961110987322947
98 13.951345090509609 14.423376842996284
99 13.951345090509609 14.44672586314715
100 13.951500774868995 21.906728035242562
101 13.951500774868995 20.390294509584987
102 13.951500774868995 24.708047242012803
103 13.951500774868995 14.450357834901995
104 13.951500774868995 18.921759862408873
105 13.951500774868995 17.453614924183313
106 13.951500774868995 15.950905597816302
107 13.951500774868995 15.947852436105986
108 13.951500774868995 15.963075651816316
109 13.951500774868995 14.464863779300376
110 13.951500774868995 17.476342998321467
111 13.951500774868995 17.437498574995022
112 13.950920728719776 18.883565581175137
113 13.950796707913353 15.888167327775493
114 13.950796707913353 15.885080553221679
115 13.950796707913353 15.918114671609601
116 13.950454017032783 15.903910545322985
117 13.950454017032783 18.85500760821453
118 13.950454017032783 20.34992870997565
119 13.95033082726156 21.869436554103153
120 13.950315401758116 17.39875329772869
121 13.950315401758116 17.41723011543351
122 13.950315401758116 21.879968269751952
123 13.950315401758116 24.616865697085316
124 13.950315401758116 18.153098818020293
125 13.950315401758116 18.904902156526795
126 13.95021805488675 17.427266140962274
127 13.95021805488675 17.403906130682326
128 13.95021805488675 22.310806651910607
129 13.910342202879665 15.868738986736835
130 13.910342202879665 21.46142107875246
131 13.910342202879665 18.846564803518348
132 13.910342202879665 20.042609952210118
133 13.910342202879665 15.812682202212265
134 13.910341890161359 20.304083075977086
135 13.910341890161359 18.196258758892597
136 13.910341890161359 18.792846286134854
137 13.9097578198147 17.25624113607116
138 13.9097578198147 21.448099155025883
139 13.9097578198147 17.254066281024908
140 13.9097578198147 17.257476519256592
141 13.9097578198147 18.742965875267245
142 13.9097578198147 17.21264256971623
143 13.9097578198147 15.731187917642462
144 13.9097578198147 15.723820974415753
145 13.9097578198147 18.702988059806515
146 13.891836236201256 15.69482993009536
147 13.891836236201256 23.15170902384801
148 13.891836236201256 27.791431462153355
149 13.891836236201256 15.637548470660427
150 13.891327461927844 17.140922444913087
151 13.854066173762963 17.156706592480656
152 13.846432125904023 14.151345354959533
153 13.846432125904023 14.163309925941665
154 13.840824830804761 20.160301422614545
155 13.840824830804761 14.165301648770447
156 13.840824830804761 14.15217010462497
157 13.840824830804761 17.13632649684438
158 13.840824830804761 15.626366028001165
159 13.840824830804761 17.149083935199904
160 13.840824830804761 18.658075821508195
161 13.840824830804761 15.663231816809338
162 13.840824830804761 17.150029307725266
163 13.840824830804761 23.17247694101287
164 13.840824830804761 15.652746879028246
165 13.840824830804761 21.59879623643251
166 13.840824830804761 14.16234938045867
167 13.840824830804761 18.65464956540623
168 13.840824830804761 20.15325055224876
169 13.840824830804761 17.179925231839956
170 13.840824830804761 17.16049191039622
171 13.840824830804761 17.16901508369379
172 13.840217525334625 20.165758538208337
173 13.840217525334625 20.28525670926923
174 13.840217525334625 43.620512445322284
175 13.840217525334625 20.178582739599403
176 13.840217525334625 15.663019133529424
177 13.840217525334625 17.160223196812193
178 13.840217525334625 18.649385954715736
179 13.840217525334625 15.662388463334604
180 13.840217525334625 18.64595901041906
181 13.840217525334625 14.165841909208764
182 13.840217525334625 21.6613189071555
183 13.840217525334625 17.14846933770729
184 13.840217525334625 14.16497843356545
185 13.840217525334625 20.13388086623156
186 13.840217525334625 15.674194057546224
187 13.840217525334625 15.665137009998904
188 13.840217525334625 18.664609405032817
189 13.840217525334625 17.172670515966125
190 13.840217525334625 18.68217336828483
191 13.840217525334625 14.186383725981647
192 13.840217525334625 17.170677246739036
193 13.84009434027036 20.168098926158592
194 13.84009434027036 18.641659798940147
195 13.84009434027036 17.157820399017282
196 13.84009434027036 18.63826355929996
197 13.84009434027036 15.651965044212254
198 13.84009434027036 17.129504235954393
199 13.84009434027036 21.619589379614126
200 13.84009434027036 15.644580035779077
201 13.84009434027036 20.090093660500525
202 13.84009434027036 14.135817909579725
203 13.838946623369695 15.604526422703971
204 13.838946623369695 15.612771204041229
205 13.838946623369695 15.624694338034672
206 13.838946623369695 18.629085385842224
207 13.838946623369695 15.66098885721158
208 13.838946623369695 18.63370385309594
209 13.838946623369695 18.629921458758297
210 13.838946623369695 22.86823152534379
211 13.838946623369695 14.128100584826287
212 13.838914282230713 15.61227806981644
213 13.838914282230713 18.598928465701377
214 13.838898220037652 17.103810261706684
215 13.838898220037652 14.142581438787303
216 13.838898220037652 17.121845911141847
217 13.838898220037652 14.120112897477734
218 13.838898220037652 15.603624766650043
219 13.838898220037652 18.598487012717364
220 13.838898220037652 17.09336620864553
221 13.838898220037652 15.624088153502644
222 13.838898220037652 14.160329837276478
223 13.838898220037652 20.12471834994147
224 13.838898220037652 21.308367074233757
225 13.838898220037652 17.17329216432893
226 13.838898220037652 17.151300002135958
227 13.838898220037652 20.129187562139826
228 13.838898220037652 29.787286022787807
229 13.838898220037652 20.118861461927782
230 13.838898220037652 18.65931064415264
231 13.838898220037652 21.64329308571603
232 13.838898220037652 18.643614938938114
233 13.838898220037652 15.654428242987008
234 13.838898220037652 15.662023304965059
235 13.838898220037652 20.103161278450433
236 13.838898220037652 20.118374887400556
237 13.838898220037652 15.655492798771531
238 13.838898220037652 20.118311456312252
239 13.838898220037652 18.62974700731793
240 13.838898220037652 17.10255749765544
241 13.838898220037652 23.325301228723482
242 13.838898220037652 20.0529245667251
243 13.838898220037652 22.678421468262908
244 13.838865442957031 17.093380836844013
245 13.838865442957031 20.081671018808784
246 13.83884917635113 17.082281187325524
247 13.83884917635113 15.593898527243393
248 13.83884917635113 21.51927109983032
249 13.83884917635113 21.253670041753654
250 13.83884917635113 20.047106971681423
251 13.83884917635113 15.556347969891892
252 13.83884917635113 17.017268067992255
253 13.83884917635113 19.60521985838733
254 13.83884917635113 15.527892743022408
255 13.83884917635113 18.508359397334974
256 13.83884917635113 17.04510317203356
257 13.83884917635113 15.553531314886293
258 13.83884917635113 15.567246192938601
259 13.83884917635113 17.045935946900013
260 13.83884917635113 15.541718000353399
261 13.83884917635113 17.0284531665476
262 13.83884917635113 17.0400282708596
263 13.83884917635113 20.010940692989138
264 13.83884917635113 15.528552002150233
265 13.83884917635113 21.47774757998659
266 13.83884917635113 18.503138521900695
267 13.83884917635113 14.021905107771
268 13.83884917635113 18.47866609041124
269 13.83884917635113 16.990979114561707
270 13.83884917635113 18.462984004740207
271 13.83884917635113 18.468045401697577
272 13.83884917635113 13.987098287702906
273 13.83884917635113 16.961640168988193
274 13.83884917635113 13.972229726828768
275 13.83884917635113 13.973482277263981
276 13.83884917635113 15.46004549985855
277 13.83884917635113 15.464190685319698
278 13.838848485214676 16.957128148073803
279 13.838848485214676 15.444295720408252
280 13.838848485214676 16.935044366744684
281 13.838848485214676 22.62364029476717
282 13.838848485214676 16.946865152384042
283 13.838848485214676 15.433629417139297
284 13.838848485214676 18.4237361287513
285 13.838848485214676 16.92497894707152
286 13.838218222927004 16.91486034366527
287 13.838218222927004 16.92174359899526
288 13.838218222927004 13.92195301608448
289 13.838102161203153 13.920978404078499
290 13.838102161203153 21.40480078626626
291 13.837623667626922 15.390341375664853
292 13.837623667626922 15.397780165738709
293 13.837623667626922 16.873926224602496
294 13.837623667626922 15.398487451993493
295 13.837623667626922 19.881437471009942
296 13.837623667626922 18.39137658614702
297 13.837623667626922 18.390866637882752
298 13.837623667626922 15.39313858190082
299 13.837623667626922 18.394194243604737
300 13.837623667626922 19.898849020357275
301 13.837623667626922 15.405571791997495
302 13.837623367115652 19.89413427225772
303 13.837623367115652 20.38720933898847
304 13.837623367115652 16.894088906525354
305 13.837623367115652 16.89371763481753
306 13.837623367115652 15.398242444010892
307 13.837623367115652 21.388485421753025
308 13.837623367115652 15.390162592491217
309 13.837623367115652 15.39415703113045
310 13.837623367115652 15.387819029853592
311 13.837623367115652 16.885872054432514
312 13.837623367115652 18.379272066215126
313 13.837688336524977 19.87299259863355
314 13.837688336524977 15.373532262086831
315 13.837688336524977 15.374084242912602
316 13.837688336524977 16.866431258890803
317 13.837688336524977 13.873619904754735
318 13.837688336524977 18.37516788254801
319 13.837688336524977 21.36105933305401
320 13.837688336524977 21.362260779595953
321 13.837688336524977 18.36562391071507
322 13.837688336524977 18.35738956377115
323 13.837688336524977 16.87241346064314
324 13.837639038166634 19.85283420703608
325 13.837639038166634 19.620854341578926
326 13.837639038166634 15.375761505188258
327 13.837639038166634 13.87605710321835
328 13.837639038166634 15.369258262247776
329 13.837639038166634 18.36616489512371
330 13.837639038166634 15.374529908885489
331 13.837639038166634 15.384310289269939
332 13.837639038166634 18.390108969079094
333 13.837639038166634 16.892927460394674
334 13.837639038166634 17.974014562629574
335 13.837623367115652 19.899058784796953
336 13.837623367115652 20.476588907843944
337 13.837623367115652 19.707557012043605
338 13.837623367115652 15.422182071304047
339 13.837639038166634 16.91519954073117
340 13.837639038166634 13.93120423341496
341 13.837639038166634 13.928482038139157
342 13.837639038166634 16.9144379526095
343 13.837639038166634 16.88796481443827
344 13.837639038166634 18.389480286645888
345 13.837639038166634 16.880774325055356
346 13.837639038166634 15.393261234988628
347 13.837623367115652 16.8992938958524
348 13.837623367115652 18.40560158511358
349 13.837623367115652 19.867497147497925
350 13.837623367115652 19.869167556918402
351 13.837623367115652 13.89704857542103
352 13.837623367115652 19.890922319986036
353 13.837623367115652 15.397140783080584
354 13.837623367115652 13.902359999105045
355 13.837623367115652 18.39815095283757
356 13.837623367115652 16.904654878962088
357 13.837623367115652 16.889035463513462
358 13.837623367115652 13.89612382954632
359 13.837623367115652 16.891026410732874
360 13.837623367115652 16.880019615531268
361 13.837623367115652 15.390811656882345
362 13.837623367115652 15.388361333255455
363 13.837623367115652 23.299054294541733
364 13.837623367115652 15.384366031399777
365 13.837623367115652 16.892077156710027
366 13.837623367115652 18.364607944375134
367 13.837623367115652 18.376854555080854
368 13.837623367115652 16.872866186693454
369 13.837623367115652 15.374535131651752
370 13.837623367115652 16.86634945430138
371 13.837623367115652 19.85550239418825
372 13.837623367115652 20.899221370529105
373 13.837623367115652 16.480530233590976
374 13.837623367115652 18.348495464868122
375 13.837623367115652 21.34488786677704
376 13.837623367115652 16.849643078516337
377 13.837623367115652 15.351064728283694
378 13.837623367115652 16.850355626235586
379 13.837623367115652 15.352769053883765
380 13.837623367115652 15.35255804497999
381 13.837623367115652 15.353830972975476
382 13.837623367115652 15.354264591374951
383 13.837623367115652 16.85282490512096
384 13.837623367115652 18.347931998853678
385 13.83768803598121 16.848773406128853
386 13.83768803598121 16.847761689169108
387 13.83768803598121 21.342022575717365
388 13.83768803598121 16.846565724843707
389 13.837623667626922 16.84641057972902
390 13.837623667626922 16.846471332618233
391 13.837623667626922 19.843527271555836
392 13.837623367115652 18.346067920324447
393 13.837623367115652 15.349188181591728
394 13.837623367115652 15.350514908977322
395 13.837623367115652 16.849415008504288
396 13.837623367115652 16.849594375969357
397 13.837623367115652 20.936275126601245
398 13.837623367115652 40.58782767497857
399 13.837623367115652 19.846644997437387
400 13.837623367115652 18.34822593002245
401 13.837623367115652 13.852499313838505
402 13.837623367115652 16.85034185772585
403 13.837623367115652 16.85093199717513
404 13.837623367115652 19.847678752412218
405 13.837623367115652 15.352411065356687
406 13.837623367115652 16.848531002746377
407 13.837623367115652 16.8488563917239
408 13.837623367115652 16.850370747740705
409 13.837623367115652 18.348387959909918
410 13.837623367115652 16.849926266751794
411 13.837623367115652 15.35148035774754
412 13.837623367115652 16.849770776492583
413 13.837623367115652 15.351181937222682
414 13.837623367115652 16.849952396373702
415 13.837623367115652 16.849074082880257
416 13.837623367115652 16.85051952203913
417 13.837623367115652 15.351563824109286
418 13.837623367115652 19.847895695107454
419 13.837623367115652 18.349330756138475
420 13.837623367115652 15.351731171048124
421 13.837623367115652 16.85066811523194
422 13.837623367115652 16.850085384830393
423 13.837623367115652 15.352975046954816
424 13.837623367115652 16.85135424654092
425 13.837623367115652 15.353811249402723
426 13.837623367115652 13.85633722584395
427 13.837623367115652 19.850072856675038
428 13.837623367115652 15.353311658343655
429 13.837623367115652 15.351745870772762
430 13.837623367115652 18.34816421717353
431 13.837590574633717 16.84823803739779
432 13.837590574633717 19.846128396400886
433 13.837590574633717 13.851483123372889
434 13.837590574633717 15.34991973880578
435 13.837590574633717 19.84619187043545
436 13.837590574633717 15.349178907393778
437 13.837590574633717 13.849818745489992
438 13.837590574633717 18.344953697413125
439 13.837590574633717 18.3456513472179
440 13.837590574633717 13.849342414853327
441 13.837590574633717 19.842793247768032
442 13.837590574633717 24.778511963029274
443 13.837590574633717 18.343952356276745
444 13.837590574633717 18.34401880335762
445 13.837590574633717 19.84290728944386
446 13.837590574633717 18.22744818695342
447 13.837590574633717 15.348543039933329
448 13.837590574633717 15.34877308648266
449 13.837590574633717 16.84743515817661
450 13.837590574633717 16.847305674918957
451 13.837590574633717 22.842109339530385
452 13.837590574633717 16.84691586599923
453 13.837590574633717 16.84860519481866
454 13.837590574633717 16.84823048490327
455 13.837590574633717 18.346564718787118
456 13.837590574633717 22.8394799954921
457 13.837590574633717 17.767590172351053
458 13.837590574633717 19.842044579393825
459 13.837590574633717 22.26103638598901
460 13.837590574633717 19.80975646654409
461 13.837590574633717 16.8434490143469
462 13.83657250830833 16.843936705868042
463 13.833554420532442 15.345492560715089
464 13.833554420532442 16.84443720148026
465 13.837590574633717 40.15463198651047
466 13.837590574633717 16.8459222699183
467 13.837590574633717 24.02155393837365
468 13.837590574633717 16.845891478301525
469 13.837590574633717 16.84571805818145
470 13.837590574633717 16.847301733868655
471 13.837590574633717 16.847580365672847
472 13.837590574633717 16.848644079544876
473 13.837590574633717 16.847222375333544
474 13.837590574633717 18.345760590362953
475 13.837590574633717 18.34776593090118
476 13.837590574633717 19.544147141638994
477 13.837590574633717 21.939292865457897
478 13.837590574633717 19.84824203231631
479 13.837590574633717 19.849616658512065
480 13.837590574633717 19.84767037320571
481 13.837590574633717 16.848199387749293
482 13.837590574633717 18.34658416803568
483 13.837590574633717 21.343150563237767
484 13.837590574633717 13.851164473964849
485 13.837590574633717 18.346336259502962
486 13.837590574633717 15.346282577058249
487 13.837590574633717 15.346922842939277
488 13.837590574633717 16.84463671782882
489 13.837590574633717 15.345599664107858
490 13.837590574633717 19.840060662854704
491 13.837590574633717 21.337879431856024
492 13.837590574633717 18.820334533753368
493 13.837590574633717 16.84261728628427
494 13.837590574633717 15.342765499723804
495 13.837590574633717 18.34044582906821
496 13.837590574633717 15.344319903191913
497 13.837590574633717 18.340350974124494
498 13.837590574633717 16.842840644759136
499 13.837590574633717 13.845523161889298
500 13.837590574633717 15.343896985576137
501 13.837590574633717 21.336413047110995
502 13.837590574633717 18.180990947649104
503 13.837590574633717 13.843816321063787
504 13.837590574633717 15.342464252839946
505 13.837590574633717 15.341733716487418
506 13.837590574633717 13.842822365352317
507 13.837590574633717 15.340511775157102
508 13.837590574633717 16.838600893607936
509 13.837590574633717 19.835661436705415
510 13.837590574633717 15.339923411035596
511 13.837590574633717 24.331264251447827
512 13.837590574633717 26.889045153916353
513 13.837590574633717 17.32166214875912
514 13.837590574633717 22.831532365888503
515 13.837590574633717 15.339426727717548
516 13.837590574633717 15.339709964691478
517 13.837590574633717 19.834675086564026
518 13.837590574633717 47.27357516397955
519 13.837590574633717 19.835448920649192
520 13.837590574633717 19.835979797651476
521 13.837590574633717 21.33465996245684
522 13.837590574633717 24.331035135912977
523 13.837590574633717 19.835844430442897
524 13.837590574633717 16.839310601760086
525 13.837590574633717 19.83625135245881
526 13.837590574633717 15.341292208993961
527 13.837590574633717 21.33488846409253
528 13.837590574633717 18.33806016860985
529 13.837590574633717 22.196340918237784
530 13.837590574633717 19.83659913938286
531 13.837590574633717 16.840183183590973
532 13.837590574633717 15.341739188655556
533 13.837590574633717 18.338927722870622
534 13.837590574633717 13.844098541878658
535 13.837590574633717 16.841649078958177
536 13.837590574633717 18.340364153914237
537 13.837590574633717 16.842540356279706
538 13.837590574633717 16.8428578244038
539 13.837590574633717 16.84195194492972
540 13.837590574633717 15.344250346079253
541 13.837590574633717 16.842452274532256
542 13.837590574633717 19.840656758782664
543 13.837590574633717 15.344626547619907
544 13.837590574633717 15.345993788324419
545 13.837590574633717 15.34515157629741
546 13.837590574633717 19.840324164180707
547 13.837590574633717 15.344691253135538
548 13.837590574633717 21.337626911997976
549 13.837590574633717 18.341201859431447
550 13.837590574633717 15.343875479246217
551 13.837590574633717 13.844843156779488
552 13.837590574633717 19.838924927535935
553 13.837590574633717 15.343458232966814
554 13.837590574633717 18.340563564335554
555 13.837590574633717 15.343064433722445
556 13.837590574633717 15.343285470106633
557 13.837590574633717 16.84108438176508
558 13.837590574633717 19.838484410029672
559 13.837590574633717 35.79843024482467
560 13.837590574633717 13.845453939530392
561 13.837590574633717 15.344257639271534
562 13.837590574633717 13.845773642504598
563 13.837590574633717 16.842353179811735
564 13.837590574633717 19.83939262131292
565 13.837590574633717 18.341003075437648
566 13.837590574633717 19.839970117828926
567 13.837590574633717 18.342735824056472
568 13.837590574633717 16.843040992678606
569 13.837590574633717 19.838012560691407
570 13.837590574633717 13.844788177857755
571 13.837590574633717 15.34326367840528
572 13.837590574633717 22.835815856871967
573 13.837590574633717 16.841231388546976
574 13.837590574633717 19.471543194925218
575 13.837590574633717 15.343414518375077
576 13.837590574633717 13.844540847246838
577 13.837590574633717 15.343156889520964
578 13.837590574633717 18.339059842691167
579 13.837590574633717 15.342344256518134
580 13.837590574633717 18.33926027527316
581 13.837590574633717 18.338176957027187
582 13.837590574633717 15.340414732807462
583 13.837590574633717 16.838127672632382
584 13.837590574633717 15.339633295973867
585 13.837590574633717 16.837687592547315
586 13.837590574633717 19.8345850897907
587 13.837590574633717 20.929872965395177
588 13.837590574633717 18.910141848802038
589 13.837590574633717 16.837159625785475
590 13.837590574633717 15.338258234172248
591 13.837590574633717 16.837084390458962
592 13.837590574633717 13.840569027761276
593 13.837590574633717 16.837543321171598
594 13.837590574633717 21.332392107560505
595 13.837590574633717 18.33577042455164
596 13.837590574633717 21.331994423420774
597 13.837590574633717 24.912525576538016
598 13.837590574633717 19.833182973313242
599 13.837590574633717 18.334819190992437
600 13.837590574633717 22.829659974506303
601 13.837590574633717 25.340277928076993
602 13.837590574633717 15.337592314715193
603 13.837590574633717 16.836120907092994
604 13.837590574633717 18.33449209800638
605 13.837590574633717 13.839582590952228
606 13.837590574633717 15.337938870646786
607 13.837590574633717 25.82708290292615
608 13.837590574633717 15.338018201028058
609 13.837590574633717 16.836266060674355
610 13.837590574633717 19.832695978815977
611 13.837590574633717 18.33417285829045
612 13.837590574633717 16.835807804001675
613 13.837590574633717 15.337324443746102
614 13.837590574633717 19.832564901573992
615 13.837590574633717 18.334008033687088
616 13.837590574633717 19.832412680790924
617 13.837590574633717 26.3570367635805
618 13.837590574633717 14.665916316536848
619 13.837590574633717 13.838693238413702
620 13.837590574633717 19.832236760149552
621 13.837590574633717 16.835483962595028
622 13.837590574633717 13.838803348700637
623 13.837590574633717 15.337162755161291
624 13.837590574633717 21.33071205776668
625 13.837590574633717 16.835578639491793
626 13.837590574633717 15.337066796194838
627 13.837590574633717 15.336947318167152
628 13.837590574633717 15.336993699959171
629 13.837590574633717 19.83209819323861
630 13.837590574633717 13.838427471411865
631 13.837590574633717 19.83196470848396
632 13.837590574633717 16.834984523572878
633 13.837590574633717 13.83817027422311
634 13.837590574633717 15.336622537367377
635 13.837590574633717 18.33346465840373
636 13.837590574633717 16.834999919953365
637 13.837590574633717 39.09122710053501
638 13.837590574633717 15.336566122237503
639 13.837590574633717 16.8349377396982
640 13.837590574633717 18.333333444137004
641 13.837590574633717 19.831591382702012
642 13.837590574633717 25.123927619007763
643 13.837590574633717 16.305998239819143
644 13.837590574633717 13.837838584585874
645 13.837590574633717 16.834618373734585
646 13.837590574633717 18.33297348934928
647 13.837590574633717 19.831333044791748
648 13.837590574633717 15.336195012326545
649 13.837590574633717 15.336123334976314
650 13.837590574633717 15.336111057136618
651 13.837590574633717 19.831248101246846
652 13.837590574633717 16.834458098305614
653 13.837590574633717 19.83124752252656
654 13.837590574633717 18.516952194433202
655 13.837590574633717 16.834393367968772
656 13.837590574633717 13.837605371539716
657 13.837590574633717 16.8343933450663
658 13.837590574633717 13.837601964973057
659 13.837590574633717 13.83760291210358
660 13.837590574633717 16.834391844182843
661 13.837590574633717 13.837601614145782
662 13.837590574633717 15.33599581821006
663 13.837590574633717 19.989897696994436
664 13.837590574633717 13.837603545050763
665 13.837590574633717 19.831181718812132
666 13.837590574633717 16.834392985442477
667 13.837590574633717 20.686523032979505
668 13.837590574633717 15.33600052273456
669 13.837590574633717 24.104283437010498
670 13.837590574633717 15.336001638407977
671 13.837590574633717 16.834393911567265
672 13.837590574633717 13.83760644140824
673 13.837590574633717 18.332791099441007
674 13.837590574633717 19.83118497747719
675 13.837590574633717 16.83439380757389
676 13.837590574633717 18.33278799099686
677 13.837590574633717 13.837605307412849
678 13.837590574633717 13.837607088096895
679 13.837590574633717 13.837608540856127
680 13.837590574633717 15.336004065780674
681 13.837590574633717 16.834402013497442
682 13.837590574633717 41.083846384395976
683 13.837590574633717 15.336001181267942
684 13.837590574633717 15.336002945526747
685 13.837590574633717 13.83760580846106
686 13.837590574633717 16.834396835407702
687 13.837590574633717 16.834397810021176
688 13.837590574633717 18.33279300970468
689 13.837590574633717 18.332795903378354
690 13.837590574633717 15.336003095747694
691 13.837590574633717 16.834401856799282
692 13.837590574633717 18.332791217175885
693 13.837590574633717 16.834395740740007
694 13.837590574633717 15.33600074666596
695 13.837590574633717 19.831186652212924
696 13.837590574633717 16.83439606140057
697 13.837590574633717 15.33600328719303
698 13.837590574633717 15.336000513573563
699 13.837590574633717 16.834393114657697
700 13.837590574633717 15.335997758276052
701 13.837590574633717 15.335997594313621
702 13.837590574633717 18.332786995377635
703 13.837590574633717 19.831181859872075
704 13.837590574633717 15.335996601378199
705 13.837590574633717 15.335998058717921
706 13.837590574633717 15.33599676534061
707 13.837590574633717 19.8311797558437
708 13.837590574633717 16.834389694349547
709 13.837590574633717 15.335994174005497
710 13.837590574633717 16.8343903364577
711 13.837590574633717 19.83118074230192
712 13.837590574633717 24.326366298553857
713 13.837590574633717 13.837601891685196
714 13.837590574633717 16.834390013113385
715 13.837590574633717 18.956225141075553
716 13.837590574633717 13.837596394831621
717 13.837590574633717 15.335992233939521
718 13.837590574633717 19.83117942791886
719 13.837590574633717 16.83438677967008
720 13.837590574633717 18.332781993095086
721 13.837590574633717 13.837594778109983
722 13.837590574633717 13.837596718175952
723 13.837590574633717 21.32957334796652
724 13.837590574633717 15.335992233939532
725 13.837590574633717 15.33599191059518
726 13.837590574633717 15.335993527316818
727 13.837590574633717 16.834390336457698
728 13.837590574633717 18.33278748994867
729 13.837590574633717 15.335998054137404
730 13.837590574633717 15.336001610925013
731 13.837590574633717 18.332789753358956
732 13.837590574633717 16.834393246556665
733 13.837590574633717 18.332786864265735
734 13.837590574633717 16.83439324655667
735 13.837590574633717 16.834395833311294
736 13.837590574633717 16.834396824350016
737 13.837590574633717 16.834393590906743
738 13.837590574633717 16.83439262087374
739 13.837590574633717 18.332788762320206
740 13.837590574633717 19.83118365240087
741 13.837590574633717 15.335998377481756
742 13.837590574633717 15.335997730793096
743 13.837590574633717 18.33278716660431
744 13.837590574633717 15.33599870082608
745 13.837590574633717 19.831183308050782
746 13.837590574633717 13.837600598307883
747 13.837590574633717 15.335997084104442
748 13.837590574633717 18.332786196571348
749 13.837590574633717 13.837604801784144
750 13.837590574633717 16.834394884284027
751 13.837590574633717 13.83760318506251
752 13.837590574633717 13.837604155095487
753 13.837590574633717 13.837607388538766
754 13.837590574633717 16.834399390098888
755 13.837590574633717 13.837605771817127
756 13.837590574633717 18.332790055697526
757 13.837590574633717 18.33278908566453
758 13.837590574633717 21.854941426880604
759 13.837590574633717 15.335998398487487
760 13.837590574633717 16.834392276523673
761 13.837590574633717 18.332790076703276
762 13.837590574633717 13.83760706519444
763 13.837590574633717 16.834395207628354
764 13.837590574633717 15.336000317547715
765 13.837590574633717 16.83439779438299
766 13.837590574633717 16.83439874341023
767 13.837590574633717 19.831188179221442
768 13.837590574633717 15.336002278619414
769 13.837590574633717 19.83118751152705
770 13.837590574633717 21.329582724952004
771 13.837590574633717 19.83118947259877
772 13.837590574633717 18.822502515966818
773 13.837590574633717 15.336006784434275
774 13.837590574633717 16.834401976853506
775 13.837590574633717 18.332798139305734
776 13.837590574633717 16.834400360131877
777 13.837590574633717 19.831190098281677
778 13.837590574633717 16.834403270230816
779 13.837590574633717 18.332794905862457
780 13.837590574633717 16.83439779438298
781 13.837590574633717 16.83439779438298
782 13.837590574633717 22.190951296216113
783 13.837590574633717 15.336006137745617
784 13.837590574633717 18.332792663457898
785 13.837590574633717 15.335999691864805
786 13.837590574633717 21.214673640758168
787 13.837590574633717 13.83760318506251
788 13.837590574633717 16.834394560939696
789 13.837590574633717 18.332790379041867
790 13.837590574633717 25.59624799178061
791 13.837590574633717 18.33279298680221
792 13.837590574633717 16.834402300197837
793 13.837590574633717 16.834400704481933
794 13.837590574633717 18.332795594562572
795 13.837590574633717 16.83440100682052
796 13.837590574633717 16.834397147694318
797 13.837590574633717 16.83439971344321
798 13.837590574633717 19.83118884691584
799 13.837590574633717 16.83439747103865
800 13.837590574633717 19.83118559246683
801 13.837590574633717 19.831184278083775
802 13.837590574633717 19.831183308050814
803 13.837590574633717 16.834390336457695
804 13.837590574633717 18.332785873227028
805 13.837590574633717 16.83439100415212
806 13.837590574633717 18.33278619657134
807 13.837590574633717 13.83760124499654
808 13.837590574633717 13.837601568340874
809 13.837590574633717 15.335997407448774
810 13.837590574633717 13.837599951619227
811 13.837590574633717 16.8343890430804
812 13.837590574633717 18.3327829421223
813 13.837590574633717 16.834386132981457
814 13.837590574633717 21.329571752250608
815 13.837590574633717 15.335990617217895
816 13.837590574633717 19.831174922104037
817 13.837590574633717 15.335991263906536
818 13.837590574633717 19.831179104574527
819 13.837590574633717 17.976041948016732
820 13.837590574633717 15.335993203972514
821 13.837590574633717 15.335995144038481
822 13.837590574633717 15.335996114071456
823 13.837590574633717 19.831181691329178
824 13.837590574633717 15.335994820694141
825 13.837590574633717 18.33278197208937
826 13.837590574633717 15.33598997052924
827 13.837590574633717 13.837592514699688
828 13.837590574633717 13.837593808077
829 13.837590574633717 15.335988030463273
830 13.837590574633717 15.335987707118921
831 13.837590574633717 24.326359184978617
832 13.837590574633717 18.332778112963155
833 13.837590574633717 18.332779385334735
834 13.837590574633717 15.335990293873543
835 13.837590574633717 15.335990940562219
836 13.837590574633717 21.32957110556195
837 13.837590574633717 18.332781002056365
838 13.837590574633717 22.378531593701258
839 13.837590574633717 19.831173649732467
840 13.837590574633717 15.335988030463248
841 13.837590574633717 16.834384192915476
842 13.837590574633717 15.335986413741619
843 13.837590574633717 13.837591221322377
844 13.837590574633717 13.837591868011033
845 13.837590574633717 19.83117296103231
846 13.837590574633717 16.834382899538163
847 13.837590574633717 29.60424291373364
848 13.837590574633717 13.837592514699688
849 13.837590574633717 16.834383222882526
850 13.837590574633717 16.83438451625981
851 13.837590574633717 19.8311749010983
852 13.837590574633717 21.32956977017318
853 13.837590574633717 18.332779082996133
854 13.837590574633717 16.83438324388821
855 13.837590574633717 13.837592838044015
856 13.837590574633717 15.335989323840558
857 13.837590574633717 15.335990617217869
858 13.837590574633717 15.335990940562224
859 13.837590574633717 19.831176194475592
860 13.837590574633717 19.83117587113129
861 13.837590574633717 46.08988918115081
862 13.837590574633717 15.335989000496244
863 13.837590574633717 15.335987060430277
864 13.837590574633717 19.831174577753995
865 13.837590574633717 15.335987707118917
866 13.837590574633717 13.83759251469969
867 13.837590574633717 15.335986737085962
868 13.837590574633717 13.837591221322377
869 13.837590574633717 21.329567183418543
870 13.837590574633717 16.83438160616086
871 13.837590574633717 16.834381606160886
872 13.837590574633717 16.834381929505163
873 13.837590574633717 16.834381606160836
874 13.837590574633717 15.335986090397308
875 13.837590574633717 13.837591221322377
876 13.837590574633717 15.335986413741635
877 13.837590574633717 21.025806286836087
878 13.837590574633717 15.335987060430277
879 13.837590574633717 19.831172658693752
880 13.837590574633717 16.834382576193846
881 13.837590574633717 13.837592514699688
882 13.837590574633717 13.83759219135536
883 13.837590574633717 18.33277712192442
884 13.837590574633717 19.83117231434369
885 13.837590574633717 19.831173607721
886 13.837590574633717 19.831176194475603
887 13.837590574633717 16.834385486292796
888 13.837590574633717 13.837598011553261
889 13.837590574633717 16.83439130649068
890 13.837590574633717 16.834389043080378
891 13.837590574633717 15.33599514403847
892 13.837590574633717 16.834389710774783
893 13.837590574633717 15.335995144038488
894 13.837590574633717 16.834390983146356
895 13.837590574633717 18.332785528876972
896 13.837590574633717 15.335994497349818
897 13.837590574633717 22.827969166068623
898 13.837590574633717 13.837597688208932
899 13.837590574633717 13.837600598307882
900 13.837590574633717 15.335992557283852
901 13.837590574633717 16.83438451625982
902 13.837590574633717 23.68982911941777
903 13.837590574633717 26.295495099705178
904 13.837590574633717 15.335987707118933
905 13.837590574633717 16.83438160616088
906 13.837590574633717 25.45910959058572
907 13.837590574633717 16.834380959472195
908 13.837590574633717 16.834380959472224
909 13.837590574633717 15.335985767052959
910 13.837590574633717 13.83759057463372
911 13.837590574633717 19.831171344310683
912 13.837590574633717 15.335985767052966
913 13.837590574633717 15.335985767052966
914 13.837590574633717 22.827961729149088
915 13.837590574633717 13.83759057463372
916 13.837590574633717 13.83759057463372
917 13.837590574633717 16.83438095947222
918 13.837590574633717 13.83759057463372
919 13.837590574633717 16.834380959472206
920 13.837590574633717 16.834380959472234
921 13.837590574633717 18.33277615189144
922 13.837590574633717 16.834380959472217
923 13.837590574633717 19.831171344310683
924 13.837590574633717 18.332776151891462
925 13.837590574633717 18.332776151891448
926 13.837590574633717 20.691496660442635
927 13.837590574633717 19.83117134431068
928 13.837590574633717 19.83117134431068
929 13.837590574633717 16.8343809594722
930 13.837590574633717 19.83117134431067
931 13.837590574633717 19.831171344310665
932 13.837590574633717 19.382540770323555
933 13.837590574633717 15.335985767052978
934 13.837590574633717 22.462566105503484
935 13.837590574633717 15.335985767052968
936 13.837590574633717 13.83759057463372
937 13.837590574633717 16.834380959472195
938 13.837590574633717 19.831171344310704
939 13.837590574633717 13.83759057463372
940 13.837590574633717 18.33277615189145
941 13.837590574633717 19.831171344310704
942 13.837590574633717 18.454278180217838
943 13.837590574633717 13.83759057463372
944 13.837590574633717 18.33277615189145
945 13.837590574633717 16.834380959472206
946 13.837590574633717 16.834380959472206
947 13.837590574633717 18.33277615189145
948 13.837590574633717 16.83438095947222
949 13.837590574633717 15.335985767052975
950 13.837590574633717 15.335985767052964
951 13.837590574633717 13.83759057463372
952 13.837590574633717 16.834380959472206
953 13.837590574633717 19.831171344310683
954 13.837590574633717 13.83759057463372
955 13.837590574633717 18.33277615189145
956 13.837590574633717 13.83759057463372
957 13.837590574633717 13.83759057463372
958 13.837590574633717 16.83438095947222
959 13.837590574633717 15.33598576705295
960 13.837590574633717 15.33598576705295
961 13.837590574633717 16.834380959472202
962 13.837590574633717 15.335985767052978
963 13.837590574633717 18.33277615189144
964 13.837590574633717 18.807038406753602
965 13.837590574633717 16.834380959472213
966 13.837590574633717 16.834380959472206
967 13.837590574633717 15.335985767052978
968 13.837590574633717 19.831171344310704
969 13.837590574633717 15.335985767052978
970 13.837590574633717 13.83759057463372
971 13.837590574633717 15.335985767052966
972 13.837590574633717 19.831171344310683
973 13.837590574633717 15.33598576705295
974 13.837590574633717 15.335985767052978
975 13.837590574633717 16.83438095947222
976 13.837590574633717 15.335985767052955
977 13.837590574633717 13.83759057463372
978 13.837590574633717 15.33598576705295
979 13.837590574633717 13.83759057463372
980 13.837590574633717 18.332776151891423
981 13.837590574633717 13.83759057463372
982 13.837590574633717 18.33277615189145
983 13.837590574633717 17.7736389860022
984 13.837590574633717 18.33277615189144
985 13.837590574633717 15.335985767052964
986 13.837590574633717 16.834380959472206
987 13.837590574633717 16.834380959472206
988 13.837590574633717 16.8343809594722
989 13.837590574633717 16.8343809594722
990 13.837590574633717 23.0500872351601
991 13.837590574633717 23.341971687036516
992 13.837590574633717 19.831171344310675
993 13.837590574633717 22.526060178321337
994 13.837590574633717 15.335985767052964
995 13.837590574633717 19.831171344310707
996 13.837590574633717 19.831171344310704
997 13.837590574633717 15.33598576705295
998 13.837590574633717 19.831171344310697
999 13.837590574633717 23.06668339355626
