# iteración mejor promedio
0 49.48849430459482 92.88993208080257
1 40.484791023870685 88.6784196040236
2 26.222036013371532 77.77121523385559
3 27.02990601323082 71.47727806585063
4 19.924312100716097 65.43387390801254
5 17.83678052213652 52.47302095496652
6 18.66631343801854 50.78882145866379
7 16.264266767023127 44.423337758209584
8 9.807406724053292 34.339575914901516
9 8.183587279220845 26.18900319788567
10 8.726949991014102 24.56077169795465
11 6.221692480551238 22.281871399955506
12 8.101954491000072 21.614854654266036
13 6.649084266967644 19.062526464117973
14 6.601036361702358 14.626878246139887
15 4.9835100207999625 12.951484388752272
16 4.872746494473062 11.21531850890657
17 4.4020795998622555 11.062160281808476
18 4.4020795998622555 9.966158555918987
19 4.204554144351435 9.993022978679674
20 4.047915464578262 10.557067246217361
21 3.818906180947773 10.099503757842689
22 3.927391867636516 9.062261313782448
23 3.932642867898299 8.653601144848517
24 3.8173145718552473 6.662275487310145
25 3.3111834211059956 10.501719917143067
26 3.177004751091301 8.3353737181034
27 3.177004751091301 7.624331686138642
28 3.177004751091301 5.978161740601675
29 3.0013861830435173 5.253429662691969
30 2.9822892863846704 6.963625588864094
31 3.5463553895526974 8.673872501997577
32 3.086808107335087 6.108281037841827
33 3.0897296280076554 6.365138254689811
34 3.158816809200135 5.599249950333135
35 3.4045553624802656 5.615973437314759
36 3.4529042724299956 6.251151577437202
37 3.3314583609648794 5.446463288729137
38 3.3216778857511247 4.112534432427738
39 2.753657658964912 5.069316437322659
40 2.7016829271501814 5.107586616894609
41 3.180493527006818 8.615805679445458
42 3.184694449710999 4.428960544521223
43 3.155687335416419 6.1481377733651605
44 3.1596201546912335 5.824167537048863
45 2.748025166419073 6.161478736638191
46 3.0538603887754805 4.8184065802658855
47 2.8875295458724297 6.63872874014411
48 2.8875295458724297 4.883856883556629
49 2.8642500086335767 11.869220335018715
50 2.8141364925348347 8.229443217070811
51 2.814768696510609 6.171749255392921
52 3.032689308557607 6.573205541072613
53 3.0332363956295443 8.463136317145375
54 3.026983141476643 6.991179246714669
55 2.90073222518593 5.748678113874046
56 3.0596822875443355 5.429713332097979
57 3.0014945231678105 4.829058142696772
58 3.008082312697506 4.04667279255584
59 3.042162868508702 9.417915610881447
60 3.0415428859824063 6.007099159811113
61 3.042714757809949 4.938616967589203
62 3.0358916188705027 5.389167821934667
63 3.014334897716422 4.732397777689203
64 3.0143676457517348 4.85778770726532
65 3.009633698673053 5.182926580077512
66 3.010185392661708 3.6359895016800516
67 3.0101912545786624 3.5008460425710104
68 3.0101912545786624 4.279330126117644
69 3.0001780192536893 3.165057144965897
70 3.01337636447299 5.55155169820537
71 3.0118156986339475 8.848383235354156
72 2.984169810104705 5.364314430969021
73 3.0333883091898888 4.419642532470112
74 3.038217925273808 6.299803677006568
75 2.096948516967066 4.890273325423238
76 1.4688418058981338 4.029259975080131
77 3.038210073943599 10.388239440621353
78 2.7888926017634983 5.183170339133727
79 2.780537346467147 4.824272204923336
80 2.785860050995808 3.582255873239613
81 2.7910392826653503 5.453254428766265
82 2.781356563204521 4.0769925296944605
83 2.7629826134984676 3.2048183935364563
84 2.7629786649511288 3.6362717107887423
85 2.7755645077445186 2.9992735198940834
86 2.667502968041375 7.590191219809806
87 2.6696595353319514 4.199102939118239
88 2.624566608535072 5.1268527310220575
89 2.624566608535072 8.970849647305643
90 2.6695893609739776 5.875007719852578
91 2.6675322085562443 3.687444005568418
92 2.668318232297501 4.130590332614228
93 2.6688793753792344 4.108500853525934
94 2.6361341074419253 3.8537344637371347
95 2.6379315915882735 4.210705453761913
96 2.5719015674746113 3.4762543313709124
97 2.5542103726584044 2.904722039247965
98 2.5816037877725293 5.409273832575531
99 2.5507571849289588 3.1617821759386313
100 2.6029526693146745 3.197786914461273
101 2.6009387967561417 5.062658903442885
102 2.6930481745977883 2.9378371739464177
103 2.6647108526429135 4.944489685314583
104 2.6253330259270475 5.748217453316698
105 2.6003164734708846 5.877915171759949
106 2.6004219848050707 4.153010699541073
107 2.5871510556254367 4.607060936316795
108 2.5569341404748367 4.198636821259536
109 2.566596547425981 7.1981909006072495
110 2.5569341404748367 4.055058441110472
111 2.566596547425981 3.448611912512423
112 2.566503235034549 5.657770505440035
113 2.566596547425981 4.958261871322886
114 2.5664401853542924 7.534363004075697
115 2.5677409783467864 6.813187840033425
116 2.559527306071878 5.400360714439307
117 2.4529037599252295 4.471373124712868
118 2.606654694836441 6.4974081004681965
119 2.6177499027637667 4.792368506289095
120 2.5941719554199696 7.176430888903276
121 2.584509548468825 6.55352811916141
122 2.457500969878163 4.273830652727555
123 2.457240941678 7.876984884055707
124 2.4579702205902003 5.761523315528575
125 2.4293513657724035 6.014808126497822
126 2.4633575710241935 3.768711636475295
127 1.8622492036009914 5.303476145099289
128 2.3936165079462413 6.071233849967184
129 2.3936165079462413 6.412989272007352
130 2.0285074107949352 3.819343304456043
131 1.9798413647043143 5.144639212788271
132 2.104238167128167 4.258375694158048
133 2.3559010119829096 4.542724490506267
134 2.3516915103065883 4.0826391824762585
135 2.359767268537634 9.755936509778785
136 2.39152042486734 7.104543598381996
137 2.3506800084404844 5.497497273353037
138 2.3385947130206515 5.8206370036797805
139 2.3375224050299543 4.1931312833938765
140 2.3497735733769147 3.843600698884959
141 2.3461401406269604 3.269573303851206
142 2.3592850723581513 6.051051629539565
143 2.3478188759564613 6.5529197637392205
144 2.359503347627789 8.015938509511136
145 2.3947349696473768 5.714814428747174
146 2.371583686358764 4.425547551169288
147 2.38111244036837 4.429227630762984
148 2.3581245708253573 5.418483387105459
149 2.3585185098407173 2.8889586564941716
150 1.6061018014110855 3.884284817368317
151 1.7113540350127607 6.350752427541696
152 1.6024955985196392 3.2082623028965833
153 1.6024955985196392 4.304407777770528
154 1.997384761174095 4.337545891426385
155 1.9518847339824454 7.441201168323056
156 1.7696769832649355 5.05920508994543
157 1.8574084048578436 3.7472484944440363
158 1.8267514395987867 4.387163048610819
159 1.6375226976054926 6.274052048207547
160 1.5472244146253968 5.641260841395814
161 1.5448475188510833 4.471545303969155
162 1.5997512078796714 3.3568393213065493
163 1.599725401368838 4.653975909559059
164 1.601732120281783 3.1536210374440743
165 1.5896796188167006 5.405324784041112
166 1.579934019572774 4.961569244531823
167 1.5849479483027513 5.578829620428184
168 1.5849479483027513 3.133459656399982
169 1.539814873669596 4.1691404236308
170 1.5349185482261742 4.713124504957292
171 1.529487593325931 4.321982529205448
172 1.5349325113838108 3.2107984737343025
173 1.5348655287487978 2.2506848548108764
174 1.5350774564783696 2.377824095171482
175 1.5343807890948575 4.0551963695021325
176 1.5336297542862052 2.6653633236185357
177 1.5334848784284343 2.9043458708640464
178 1.533623113491145 5.681658818597743
179 1.533623113491145 3.329503754271322
180 1.5289165750969151 2.9919350859100735
181 1.5245020537772775 3.159907495738206
182 1.525346606267775 4.081660153042275
183 1.5246065595806264 3.751191360102493
184 1.5349084524104666 7.394509840883591
185 1.5334723168150832 8.5270731147825
186 1.5313508713636115 2.9465077028797158
187 1.5173620492187114 1.6823880928924775
188 1.5313548199109503 1.9772690735078289
189 1.5312000746875496 2.040594849651508
190 1.5281582979628416 2.5830908588193915
191 1.5313548199109503 7.192527406174329
192 1.5313548199109503 2.7238041808255224
193 1.532247843827683 3.771895758269099
194 1.5311961284290303 1.65971115132437
195 1.5312052040034647 2.721453465738008
196 1.5312000746875496 4.412527634231977
197 1.5312000746875496 2.850484820431104
198 1.5312000746875496 2.852591540901638
199 1.5311842942311114 5.070386762583451
200 1.3623418373694067 7.799595869690986
201 1.2606911339865827 4.56304049151287
202 1.413845311439702 6.6260617838314735
203 1.4526707887420018 4.683776804750202
204 1.448236544283687 3.576930623100255
205 1.4217725323336643 5.652146561359948
206 1.447510985656769 4.8702072392053175
207 1.447510985656769 3.855915413528064
208 1.4352397280792275 1.5826544128320104
209 1.4390526442211742 2.80421619452458
210 1.4080025956433675 3.051432073023063
211 1.4390486956738353 5.572536647078625
212 1.4390486956738353 3.641908616424052
213 1.4390486956738353 6.897467367694758
214 1.4727433163997612 4.53224932616045
215 1.5657035680578393 5.700347207640306
216 1.5620684966204466 2.9738315378350904
217 1.5657035680578393 6.725015495221827
218 1.5657035680578393 3.0250976766405437
219 1.5679913807737573 6.298929138064451
220 1.5657035680578393 3.9476369970222827
221 1.5666459506044468 4.563931160689768
222 1.5643604697783162 4.8942313444168635
223 1.5679992710019766 3.9072905584906787
224 1.5679913807737573 1.637469850491241
225 1.5556104343373778 1.5882924367609013
226 1.5511667310465802 4.007634362271611
227 1.5511513915216724 7.178245918476016
228 1.5511513915216724 3.7350133121197784
229 1.5424862750851362 2.843155966283502
230 1.5437030546589479 2.492258242915725
231 1.5384648620347643 1.8840842858754692
232 1.5384802015596721 2.962061881545915
233 1.5408775279801348 3.430995964441922
234 1.4806050231867312 1.5836945699332392
235 1.4857586940835785 1.5859785691428814
236 1.4763141100860533 1.7571358135959414
237 1.4762843272878643 7.847918829681703
238 1.4726704071767256 8.128640056273621
239 1.4546023809830952 2.0752314488730206
240 1.458246083892423 2.975996050196146
241 1.4546023809830952 1.555204295984203
242 1.458246083892423 2.5463314001726385
243 1.4717221035018828 4.6326107067267435
244 1.46286050507621 6.125729170716138
245 1.467309524388601 2.8610038889903056
246 1.4704992389108267 5.566966626267058
247 1.4704992389108267 2.0259456584885926
248 1.469505169575809 2.834671059471594
249 1.4761811463175882 5.940811025563512
250 1.4672192298890627 2.7950483650738174
251 1.4704993997003928 3.441811232589757
252 1.4708629327983904 6.565485071245927
253 1.3225816157163188 2.9011052666142825
254 1.4716201399808966 2.1662217828592185
255 1.4789466719759699 3.6723151300008023
256 1.4670268493690146 1.5155416990171773
257 1.470405595737302 2.5488946730239963
258 1.4703943811299602 1.5127955366550006
259 1.4703943811299602 1.5029829649553474
260 1.4704422128907644 2.41946230123151
261 1.4679015095150887 4.333075698034254
262 1.462169313788599 2.719976952709618
263 1.4704090249968071 2.9372043927437286
264 1.4704992389108267 4.5650196612336025
265 1.4770994670298299 4.056406464764468
266 1.4622364664161422 3.9256457721362374
267 1.4707231397172047 3.074867698812049
268 1.3896805900987046 2.6177719036766733
269 1.4719982707878811 1.9236646484285216
270 1.4719025995653507 4.9187809584420314
271 1.3447439020037615 6.385653684423529
272 1.345271883834827 6.756055642290156
273 1.345148252489254 4.972581883432885
274 1.144499360361325 6.179965113910257
275 1.144499360361325 1.6559362319232394
276 1.3336921209922856 2.655268973414854
277 1.3336924425833394 2.1734282467323482
278 1.3438403045398686 1.4952012585441263
279 1.3241712705385043 7.21951640452065
280 1.3222247863797567 1.666652127124157
281 1.306987426528226 1.6467280449409958
282 1.3507121550050947 5.228463319631551
283 1.329681146198387 6.7805953767511
284 1.352023622133595 2.1853962296889886
285 1.3520172883026023 3.1928576647296114
286 1.3257749169497541 3.2075406426355904
287 1.3348402084213735 1.6274505576029372
288 1.331175744918269 2.452565033035275
289 1.3348479439635452 2.628178375088842
290 1.3337077548212284 3.970187753469958
291 1.3166380589576503 4.461632565780299
292 1.3297826130813155 2.272986715090129
293 1.3558405005557972 3.2080070129234226
294 1.3407862941586433 2.0885588374690247
295 1.3553360185227914 2.46629922312626
296 1.3703015955365585 2.083958915204487
297 1.3601690163374456 1.4496581418243508
298 1.3595937143324874 1.968693712169757
299 1.3625472736970727 1.4340618203556064
300 1.3556780987068124 2.454503383155986
301 1.3551663858163245 2.804029811311832
302 1.3630137045835464 3.300986698465851
303 1.3630602097708224 1.4298751021827143
304 1.3630137045835464 1.7675008591126922
305 1.3289654949887222 1.4312080745414042
306 1.32947720787921 1.4243586836143804
307 1.32947720787921 1.4323883164364803
308 1.3593971195117045 4.224281915474253
309 1.364181011563349 3.3210425268339545
310 1.3630606207092812 2.3653407125214017
311 1.3617246261147098 1.9043373048504972
312 1.358080923205382 6.743831228414142
313 1.358080923205382 7.72833697046008
314 1.3617224734800164 2.8883683242036
315 1.359558234471953 4.254183157955837
316 1.3569385814283719 2.391873194350558
317 1.3605822843376996 3.2653559238268293
318 1.3630604422767314 6.500476268881677
319 1.3582420381656286 5.162144439762151
320 1.3630414455521278 2.676949712933371
321 1.3630414455521278 2.719874585733182
322 1.3630414455521278 3.174533002166209
323 1.365497831000767 4.359236827765491
324 1.3048864688241788 2.890355509756286
325 1.3032899806361566 2.037625100496345
326 1.311055368250114 3.388509520432647
327 1.3099151791077959 1.3874202144257084
328 1.3642904430730498 3.0685412904282443
329 1.3642904430730483 1.5011964991052498
330 1.3740652524215418 2.9700981455855553
331 1.365497831000767 1.718359083532396
332 1.365497831000767 2.1266238584503454
333 1.365497831000767 1.392405950864333
334 1.365497831000767 1.3918028871803159
335 1.365497831000767 3.0124951391220214
336 1.365497831000767 1.5401469953890154
337 1.35718391350031 3.3489596178982115
338 1.3508261160884896 6.564209905991255
339 1.2222415945161345 3.1016185163566576
340 1.2036944556596587 1.481031788975175
341 1.195127034238884 2.857363214122831
342 1.1565656877264032 4.076866231339214
343 1.1436820246997552 1.39016444213201
344 1.1436820246997552 5.3742826305569364
345 1.1565656877264032 2.5278433526934636
346 1.138752130381225 1.7415228993053176
347 1.138752130381225 1.745193576402484
348 1.136816436289574 1.734372119422753
349 1.136816436289574 2.254842724936108
350 1.1305580709882679 2.589609933526218
351 1.101887830266452 4.263677366400771
352 1.1305580709882679 2.183203203774069
353 1.1715100044684965 2.0295326323161804
354 1.1460803994472089 2.211673593928138
355 1.1460803994472089 3.0160275607993383
356 1.1460803994472089 2.8237389816307528
357 1.1393679562564245 1.327407013463548
358 1.1393679562564245 5.2845441838401825
359 0.9726356610378235 2.710143093380938
360 1.1173073966090747 3.299994421245947
361 1.1066627910823397 3.069242109663961
362 1.0529701873547148 4.119360059617195
363 1.0529701873547148 1.4466895083706797
364 1.0529701873547148 1.6083852220362576
365 1.0498442592980324 2.4092308903502726
366 1.0498442592980324 3.6802114889229784
367 1.056870306635586 5.39054591831304
368 1.0519884599063813 2.923531036920042
369 1.0853252671987472 4.680747536523929
370 1.085325267198749 5.260599915498512
371 1.082262359234563 4.405379466016383
372 1.082262359234563 3.8094382697539624
373 1.082262359234563 2.5578036514161098
374 1.082262359234563 1.1429868451628495
375 1.082262359234563 1.421736101158706
376 1.082262359234563 1.5732285270970296
377 1.0713336101363828 3.220061194017916
378 1.0713336101363828 3.6125902604267974
379 1.0713336101363828 1.1864907822298492
380 1.0421988882207953 1.1812206715494549
381 1.0421988882207953 1.1811547670246971
382 1.042198888220793 1.6347454335474918
383 1.0421988882207953 1.88074681738393
384 1.0416319377246217 1.5747506393772148
385 1.041136638685592 1.3667612350596543
386 1.0419164967287187 1.1377345035708522
387 1.0105025218408836 1.1133965573304543
388 1.0105025218408836 3.5680825550271895
389 1.0105025218408836 3.951332232360368
390 0.9632343852355572 1.0810401777528766
391 0.9634357803663818 4.38936993394764
392 0.9634357803663818 1.2531025214350813
393 0.9634543819835282 4.064394076033994
394 0.9957920213809754 1.5225538278190611
395 0.9900232808372573 1.6108675914219142
396 0.9900232808372573 3.271226346924643
397 0.9634357803663818 1.0636306628903336
398 0.957458799977273 3.3288113458395974
399 0.957458799977273 1.0436029523897556
400 0.9251025589626793 3.0438953265811035
401 0.957458799977273 2.3740323700930306
402 0.9249373416750353 2.6202191182060512
403 0.9239686034201362 2.9107589545487684
404 0.9239686034201362 1.606302473710316
405 0.957458799977273 8.724637546229005
406 0.9562671490184247 2.5370390358915262
407 0.9562671490184247 3.1313553519188075
408 0.9562671490184247 3.81408278709058
409 0.9562671490184247 4.686242772952778
410 0.9562671490184247 5.0121956969169865
411 0.9562671490184247 4.187611128541414
412 0.9562671490184247 5.268839466331525
413 0.9562671490184247 6.393886239313709
414 0.923910908003831 2.6680006812360846
415 0.923910908003831 1.5273941027584912
416 0.917195510686231 2.0200819364928946
417 0.923910908003831 7.200877938690342
418 0.9237379953237235 2.647699030046448
419 0.9237379953237235 1.295207995453879
420 0.9237379953237235 1.6599870435696125
421 0.923910908003831 1.8764297929433937
422 0.9558441263557744 1.5936640327992893
423 0.9558441263557744 2.1169939779820344
424 0.9558441263557744 1.3488296574021579
425 0.9558441263557744 2.3686242734495373
426 0.9236336842846042 1.78706652375868
427 0.9236336842846042 1.420352928546911
428 0.9236336842846042 1.0096370314770524
429 0.9236336842846042 3.2614463582788575
430 0.9236336842846042 1.879847467505692
431 0.9523669011106681 7.551108624270426
432 0.9558627279729208 1.9815757346948402
433 0.9558441263557744 1.0129761139942386
434 0.9558441263557744 3.737868726256623
435 0.9235421700350344 7.843636069321816
436 0.923910908003831 5.932194155154561
437 0.923910908003831 3.1496306394145552
438 0.9239109080038295 1.8040298930687577
439 0.9239109080038295 3.5233398735135584
440 0.9526944647434235 3.789595683692208
441 0.9526944647434252 3.9084822751570023
442 0.9526944647434252 0.9781623883254642
443 0.9526944647434252 1.658227889056655
444 0.9526944647434235 1.5479047673615622
445 0.9526883631322396 3.5098032696424006
446 0.9526883631322396 1.5594974063951828
447 0.9526944647434252 3.0671638242429293
448 0.9526944647434252 3.6480281962781005
449 0.9526944647434252 2.7470158073807855
450 0.9526944647434252 2.4663244279362613
451 0.9526944647434252 1.3590342920729557
452 0.9526944647434252 1.414429081242641
453 0.9526944647434252 2.9471476491558777
454 0.9526944647434235 1.2586013909695117
455 0.9526944647434252 2.5246766294939897
456 0.9526944647434252 0.9737066319893689
457 0.9526944647434252 1.478217118774507
458 0.9526944647434252 0.995247236987291
459 0.9526944647434252 1.2962103670527774
460 0.9526944647434252 1.7782727270158611
461 0.9239295096209772 3.436058240477601
462 0.9526944647434252 1.902731667200419
463 0.9526944647434252 1.1569404884770413
464 0.9526944647434235 2.230481504685159
465 0.9526944647434252 4.41132057710948
466 0.9526944647434252 0.984524020890787
467 0.9239295096209772 3.497602142751682
468 0.9526944647434235 2.8900560947039122
469 0.9526944647434235 4.42860811205117
470 0.9526944647434235 0.9835820952371267
471 0.9490507618340974 2.022356168157186
472 0.9456442172409807 3.6864273051848953
473 0.9456442172409807 4.888715679428741
474 0.9429196553949334 4.111443811021121
475 0.9424759540114851 1.5478631486407357
476 0.9424759540114851 0.97800874829859
477 0.9429196553949334 0.9608486971472908
478 0.9456442172409807 3.1057145685336334
479 0.9456442172409807 4.77271159096445
480 0.9456442172409807 0.9547863368346576
481 0.9424759540114851 1.920353252105844
482 0.9456442172409807 3.846533114408449
483 0.9424759540114851 3.4262077915366342
484 0.9429196553949334 2.66992398185106
485 0.9429196553949334 0.9528867011632159
486 0.9429196553949334 0.9538126361750483
487 0.9456442172409791 2.5911294225055523
488 0.9429196553949334 1.483493969057581
489 0.9429196553949334 4.784749877623823
490 0.9429196553949334 1.998431681100223
491 0.9456442172409807 1.582516701943285
492 0.9429196553949334 1.726076207125308
493 0.9429196553949334 1.5494565516532028
494 0.9429196553949334 0.951949589026798
495 0.9428633154008176 3.7578936424796323
496 0.9428633154008176 0.9515427258591008
497 0.9428633154008176 1.9857208988349027
498 0.9428633154008176 1.9495596715727765
499 0.9428633154008176 0.9503969147119778
500 0.9428633154008176 0.9500135763310028
501 0.9428633154008176 4.215256941847177
502 0.9428633154008176 0.9507978146786469
503 0.9428633154008176 5.942025070136603
504 0.9428633154008176 4.540964253766045
505 0.9429196553949334 3.2969354549082817
506 0.9429196553949334 1.896124429175594
507 0.9429196553949334 2.146683981533039
508 0.9429196553949334 0.9491524923513562
509 0.9460879186244274 1.9266983195177751
510 0.9460879186244274 2.8995766757338455
511 0.9460879186244274 3.7166742845335476
512 0.9460879186244274 2.5904811153021137
513 0.946087918624429 4.27136101397932
514 0.946087918624429 2.8878565332905977
515 0.9460879186244274 1.8046796566518275
516 0.9460879186244274 1.8109168993782685
517 0.946075675824554 5.449684813094815
518 0.9270123522012204 4.651596937799041
519 0.9172375428527285 3.597764470169445
520 0.9165534249232138 1.5427372031201225
521 0.909899754395913 0.9975166785449087
522 0.9169153705341883 0.9497869581261145
523 0.9172375428527285 3.0441592330794913
524 0.9460138411974816 2.4843505250418083
525 0.946087918624429 2.7205854295656002
526 0.9460879186244274 0.9519528042335239
527 0.946087918624429 3.2238829676703613
528 0.946087918624429 1.4563323943874706
529 0.9460879186244274 4.581422339853783
530 0.9460879186244274 1.5252359156088755
531 0.946087918624429 4.363419997315277
532 0.946087918624429 1.4587084353218136
533 0.946087918624429 0.9579018357567664
534 0.946087918624429 2.002522363625705
535 0.946087918624429 0.9554858593850126
536 0.946087918624429 0.9546914061253284
537 0.9460879186244274 2.568679795359963
538 0.946087918624429 6.570268052727954
539 0.9460879186244274 1.2251367286671804
540 0.9460879186244274 3.1657143061476636
541 0.9460879186244274 2.5952408045271613
542 0.946087918624429 5.183821202608507
543 0.946087918624429 3.4508220842575663
544 0.9460879186244274 2.56732268858606
545 0.9185988155507844 2.586417006857847
546 0.9185988155507844 2.0013889669217964
547 0.9185988155507844 3.44042651709526
548 0.9185988155507844 4.20447821824883
549 0.8998742853190564 2.7929770789065334
550 0.9096463602912443 1.495601779500176
551 0.9096463602912443 1.9610648851184385
552 0.9096463602912443 2.7842895944902946
553 0.9096463602912443 6.392517266280059
554 0.9283736248992762 4.897749292366961
555 0.9210266762055486 1.4763809429912653
556 0.9271546675614406 2.3060838420118426
557 0.9173798582129488 2.5116141687617866
558 0.9173798582129488 4.803458043691027
559 0.9173798582129488 1.100235820782634
560 0.9173798582129488 3.683671080475278
561 0.9254945128086352 2.9676267526033637
562 0.9270123522012204 1.2336258001904037
563 0.9045913168060598 1.2650932579652592
564 0.9045913168060582 1.8446282710119735
565 0.8984602103668957 2.248054206956955
566 0.8984602103668943 3.3746874301649474
567 0.8984602103668957 2.7950555431830706
568 0.9161605606039546 1.5725898283881632
569 0.9144885463093232 0.9542338589949595
570 0.9144885463093232 1.6035176833218308
571 0.9021287095832135 1.5228366555083874
572 0.9144885463093232 3.377594869207246
573 0.906190689574162 2.607169087480082
574 0.9047137369608313 5.785518636881923
575 0.9144885463093232 1.5002479404087135
576 0.9271546675614406 1.5706089476013245
577 0.9334217973723115 4.079108384546353
578 0.9334217973723115 3.7351874240781
579 0.9334217973723106 1.9372094400784783
580 0.9334217973723115 3.510091255296749
581 0.9334217973723115 0.9980660959266325
582 0.9334217973723115 5.62897761878929
583 0.9334217973723115 1.9751106653717436
584 0.9334217973723106 1.1726463282849502
585 0.9334217973723106 1.9123130674586735
586 0.9334217973723115 3.6235720978407464
587 0.9334217973723106 2.4176125425739317
588 0.9334217973723115 6.15446042237303
589 0.9334217973723115 3.1550527658804133
590 0.9334161697613289 3.151415321822501
591 0.9334161697613289 5.097311357256415
592 0.9334161697613289 4.482400096141967
593 0.9334161697613289 1.9952533519188718
594 0.9334161697613289 1.233931828221766
595 0.9334161697613289 1.543991888924579
596 0.9334161697613289 3.923370424455265
597 0.9334161697613289 2.2682953519593876
598 0.9334161697613289 1.670515059685762
599 0.9334147628883854 2.239931591229237
600 0.9334147628883854 2.298799234759909
601 0.9334147628883844 4.027596282526759
602 0.9334147628883854 2.7839607469588117
603 0.9334147628883854 1.5322550077011954
604 0.9334147628883854 3.248528640833858
605 0.9334161697613279 3.5369882751007578
606 0.9334147628883854 4.78317578429602
607 0.9334147628883854 3.427586651033877
608 0.9334147628883854 2.9422281629512623
609 0.9334147628883854 0.9394957733499588
610 0.9334147628883854 1.8437590902910819
611 0.9334147628883854 2.9424166990514293
612 0.9334161697613289 0.9385035445896075
613 0.9334161697613289 5.349799713666118
614 0.9334161697613279 7.368322826118086
615 0.9334161697613279 2.0392979238457363
616 0.9329737007760246 1.4923035980676036
617 0.9329722938911602 5.1400491718253205
618 0.9324615850294711 0.9378657354320886
619 0.9334132906887204 2.2491768957824143
620 0.9329795029214113 8.30022846923386
621 0.9329139023876395 0.9389553937621277
622 0.9329068677845042 1.562048383105492
623 0.9329139023876395 2.301772272468924
624 0.9329124954431705 0.9405183896961351
625 0.9329124954431705 0.9408270846353644
626 0.9329124954431705 2.6235018405043022
627 0.9329124954431705 1.1193574018879031
628 0.9329124954431705 3.0500043119047637
629 0.9329809098658803 3.5465077409069874
630 0.9329798687510534 5.544107571679193
631 0.9329798687510534 4.405144944057071
632 0.9329798687510534 2.123591238960618
633 0.9334232043048596 3.902054470145109
634 0.9334246112493286 1.729286043290896
635 0.9329795029214113 2.2633888356076803
636 0.932973875262745 1.3902052991959502
637 0.9329795029214113 1.7843997533148732
638 0.9334175766461933 3.7734870722951284
639 0.9334175766461933 0.9435023316724162
640 0.9329139023876395 6.7489492319417845
641 0.9329191112757929 2.2122754641916513
642 0.9329139023876395 1.7194021933005987
643 0.9329191112757929 2.183779533205283
644 0.9329124954431705 1.9697030295691706
645 0.9329124954431705 2.1887457127231134
646 0.9324805067117915 4.223589827905453
647 0.9121849492388204 5.117375596148604
648 0.9094693500282726 4.831188042461498
649 0.9121849492388204 3.612549727542662
650 0.9237230043669442 4.273141597354573
651 0.9328567947330164 3.9238409025629455
652 0.9328634105656388 0.9400318598761556
653 0.9328634105656388 2.472745638140008
654 0.9324687940597222 4.888317069149846
655 0.9329124954431705 4.452230999519214
656 0.9324687940597222 1.9845447534273952
657 0.9324687940597222 7.56156675732713
658 0.9324687940597222 4.810702121568585
659 0.9329124954431705 5.413940741474795
660 0.9329124954431705 4.525370046223049
661 0.9329124954431705 2.489704968882524
662 0.9329124954431695 2.566846668020542
663 0.9329124954431705 2.3924326048753604
664 0.9329124954431695 4.78314997538741
665 0.9329460628877655 3.791542385763734
666 0.9324687940597222 3.19351258546994
667 0.9324687940597222 1.7735179921822697
668 0.9324687940597212 3.2927976308090647
669 0.9324687940597222 3.061031215486575
670 0.9329795029214113 2.9549764842631263
671 0.9389426267975647 3.847012247711918
672 0.9386003124863872 1.1248117723881677
673 0.9386003124863872 0.9402247135981813
674 0.9386003124863872 2.3235899535021427
675 0.9299230526705706 2.1121298736099594
676 0.8972690576554303 3.561957091279944
677 0.9036540231633983 6.102137626336646
678 0.8569324314420605 4.107106343832544
679 0.861346385802047 1.219633522230448
680 0.861346385802047 1.077484848468767
681 0.9029847467975094 0.9721113730137391
682 0.8998771185914338 2.5664633171964932
683 0.893339054331874 4.5172000807887525
684 0.893339054331874 1.961650548064978
685 0.893339054331874 2.4792029486856
686 0.8997759481940709 3.369257454990056
687 0.8992652393323818 3.1270499929689755
688 0.8992652393323818 3.9740916745440744
689 0.8993664097297447 1.5591952564760783
690 0.8993410438881816 4.944298745673851
691 0.8993410438881816 2.874227606800324
692 0.8994683613774802 4.001950992559321
693 0.8992400688034118 4.477255752503858
694 0.8994683613774795 1.934427609134021
695 0.8992400688034118 2.442709907285627
696 0.8992400688034112 2.9403494525453335
697 0.8992400688034118 2.452387644683172
698 0.8992652393323818 0.9236317936224626
699 0.8994428002233239 4.765348697975339
700 0.8994428002233239 0.9152877074293372
701 0.8994428002233239 2.753122219465801
702 0.8992652393323813 0.9207401981808374
703 0.8992400688034118 0.9204760107837447
704 0.8992400688034118 6.7182847133999655
705 0.8992400688034118 1.3380460063939563
706 0.8992652393323818 3.2382276858985666
707 0.8992652393323818 6.151025170737117
708 0.8992652393323818 4.287740399148053
709 0.8992652393323818 3.619434022312088
710 0.8992652393323818 0.9127088218555279
711 0.8992652393323818 0.9151369835968616
712 0.8992652393323813 0.9167756946977788
713 0.8992652393323813 1.2260035793775008
714 0.8992400688034118 3.319543032658047
715 0.8992400688034118 0.9166608915043034
716 0.8992400688034118 3.4421195941049745
717 0.8992400688034118 1.8739866471565603
718 0.8992652393323818 3.375595534743491
719 0.8992652393323818 3.218918270481652
720 0.8992652393323818 0.920342816277484
721 0.8994683613774802 2.79707118167405
722 0.8994683613774795 1.8601529765634566
723 0.8994683613774802 0.963656793236699
724 0.8994683613774802 0.922647292107789
725 0.8994683613774802 2.5597707865093873
726 0.8994683613774802 1.6469169808540527
727 0.8994683613774802 0.9164010242367584
728 0.8994683613774802 3.462394513900445
729 0.8994683613774802 0.910936593530529
730 0.8994683613774795 0.909391347737546
731 0.8994683613774795 4.13155351807512
732 0.8994683613774802 1.5755045138290296
733 0.8994683613774795 0.9060272882721094
734 0.8994683613774795 2.4688023128038763
735 0.8994683613774802 3.2358171888966853
736 0.8994683613774795 0.9045904083755257
737 0.8994683613774802 2.4675626855700727
738 0.8994683613774802 1.2867140476678105
739 0.8994683613774802 4.8802840935529535
740 0.8994683613774802 0.9039964260366289
741 0.8994683613774795 2.1899658706936203
742 0.8994683613774795 5.224029682247306
743 0.8994683613774802 2.415787015231124
744 0.8994683613774802 2.5017435452039267
745 0.8994683613774802 1.1774188064298228
746 0.8994683613774802 2.852940239957405
747 0.8994683613774802 2.2352303898207566
748 0.8994683613774802 1.8169915417859943
749 0.9031433143017085 1.565146497034819
750 0.9031433143017085 0.9031433143017084
751 0.9031433143017085 1.9132514786808512
752 0.9031433143017085 1.8126503478600444
753 0.9031433143017085 2.851288042630174
754 0.9031433143017085 4.555783213909589
755 0.9031433143017085 2.6689576220276603
756 0.9030782946631615 1.4518730049577149
757 0.9030782946631615 2.4128250312292567
758 0.9010869046297307 1.586002336394024
759 0.9025598953681171 2.2014569399470942
760 0.9030782946631615 2.8335942815280877
761 0.9030782946631615 3.3579307755058405
762 0.9030782946631615 2.635759347108979
763 0.9031433143017091 4.519718383111996
764 0.9031433143017091 1.6783178871125881
765 0.9031382276865811 0.9043466630696322
766 0.9031382276865811 3.332331522063909
767 0.9031382276865811 2.3007269062241975
768 0.9031433143017085 1.6644700691533694
769 0.9031433143017085 1.9063800619998421
770 0.9031433143017085 1.5757432443973116
771 0.9031433143017085 1.0919872090369838
772 0.9031433143017085 1.2238587195500485
773 0.9031433143017085 2.913300789969299
774 0.9031433143017085 2.4634068230904496
775 0.9031433143017091 3.4643657614357917
776 0.9031433143017085 1.182062099156002
777 0.9031433143017085 2.358357967746231
778 0.9031433143017085 6.063928713428133
779 0.9031433143017085 1.4516281399611086
780 0.9031433143017091 3.140605465674564
781 0.9031433143017091 0.9034381654712236
782 0.9031433143017085 0.9031438620877286
783 0.9031433143017085 0.9031435881947185
784 0.9031433143017085 8.37270661760562
785 0.8623937920689296 4.106300513880385
786 0.9031433143017085 1.7095482263780954
787 0.9031433143017085 3.606603248096496
788 0.8991360983692364 4.239360754739524
789 0.8899098302082893 1.9591310776720505
790 0.8899098302082893 2.521418128614941
791 0.8880920375934521 3.9168698118098204
792 0.8880920375934521 1.2865952083274388
793 0.8880920375934521 1.479238046240388
794 0.9031433143017085 0.9031433143017084
795 0.9031433143017085 2.621901553632973
796 0.9031433143017085 6.173827917363849
797 0.9031433143017085 3.2051128847721833
798 0.9031433143017085 2.102537978971952
799 0.9031433143017085 2.364335935247379
800 0.9031433143017085 4.424653543560157
801 0.9031433143017085 1.629606019960919
802 0.9031433143017085 1.7410846453779667
803 0.9031433143017085 2.4347573589598306
804 0.9031433143017091 1.9543039760384542
805 0.9031433143017085 0.9031433143017084
806 0.9031433143017085 2.5328584061033057
807 0.9031433143017085 1.1853537184013494
808 0.9031433143017085 3.6645880114053866
809 0.9031433143017085 0.9031433143017084
810 0.9031433143017091 1.740367809073855
811 0.9031433143017085 0.9031433143017084
812 0.9031433143017091 4.788913660528819
813 0.9031433143017085 0.9031433143017084
814 0.9031433143017085 3.130911358205909
815 0.9031433143017085 3.5953039996818625
816 0.9031433143017085 4.958131895831369
817 0.8723177287334799 1.7815066542347424
818 0.9031198653464361 1.2961831716319407
819 0.9031198653464361 5.983667651528448
820 0.9031198653464361 1.9144613266870294
821 0.9000497123626976 4.0042018285182
822 0.9000497123626976 0.9158853624308128
823 0.9031433143017085 0.9112912634994531
824 0.9031433143017085 0.9089632780143831
825 0.9031433143017091 3.172993827015255
826 0.9031433143017085 2.117608270860802
827 0.9031433143017091 2.81937740592018
828 0.9031433143017085 0.9054712997867783
829 0.9031433143017085 0.9043073070442433
830 0.9031433143017085 2.3267973411027496
831 0.9031433143017091 1.8769745519435799
832 0.9031433143017091 0.9031433143017084
833 0.9031433143017085 0.9031433143017084
834 0.9031433143017085 1.9113284445206973
835 0.9031433143017085 1.6603245445592894
836 0.9031433143017091 4.66911753177081
837 0.9031433143017085 0.9031433143017084
838 0.9031433143017085 0.9031433143017084
839 0.9031433143017091 2.498441383999989
840 0.9031433143017091 0.9031433143017084
841 0.9031433143017085 0.9031433143017084
842 0.9031433143017091 4.3740118217895265
843 0.9031433143017091 0.9031433143017084
844 0.9031433143017085 0.9031433143017084
845 0.9031433143017085 0.9031433143017084
846 0.9031433143017091 2.071603181125253
847 0.9031433143017085 1.1798989827073059
848 0.9031433143017085 3.1485227986250743
849 0.9030876768201924 2.1905395647743022
850 0.9031037606167334 0.9655919529433671
851 0.9029171359173194 4.696672531711212
852 0.8871099082188865 1.3619523202580972
853 0.8871099082188865 0.9021710190683183
854 0.8871099082188865 1.8280209303488582
855 0.8871099082188865 4.680519822956805
856 0.8871099082188865 0.9023243807141894
857 0.8881536465095484 0.9029242204014603
858 0.8871099082188865 0.9027552222740006
859 0.8871099082188865 2.6118494081746815
860 0.8871099082188865 4.060033080796167
861 0.9031433143017085 3.325100642924547
862 0.9031433143017091 2.5950886878395716
863 0.9031433143017085 1.12756811638414
864 0.9031433143017085 6.941734991066171
865 0.9013429597254293 3.31543008784339
866 0.9005648435096681 2.4686054170758154
867 0.9031433143017085 2.509783385148212
868 0.9031433143017085 6.6209253106650205
869 0.9031433143017085 1.2803574486544351
870 0.9031433143017085 2.6072773443595367
871 0.9016757537874691 2.1054493019200855
872 0.9030813361227423 0.9588201600328905
873 0.9030343584849838 0.9758930049429604
874 0.9030343584849838 2.2367199666733537
875 0.9029457868942887 2.212001514959338
876 0.9029457868942887 1.8442629010152516
877 0.9029457868942887 1.1683402982985538
878 0.6469495447543705 2.4070476286962488
879 0.9029625261157372 2.38410717662389
880 0.9029625261157372 0.909993567039351
881 0.9029625261157372 6.234690104565673
882 0.9029625261157372 8.798141852096345
883 0.9029625261157372 5.226234996537029
884 0.9029605416258266 1.428539815407226
885 0.9029625261157372 2.2160227421115546
886 0.9029625261157372 4.950295606139786
887 0.9029625261157372 1.7264391533232697
888 0.9029625261157372 5.096233057504748
889 0.9028535702990119 1.4905279412765577
890 0.9028535702990119 0.90563972938603
891 0.9028535702990119 2.52178534098067
892 0.9028535702990119 3.1989686276078224
893 0.9028535702990119 0.9043498590302476
894 0.9028555548366057 4.17361317213031
895 0.9028555548366057 0.9056596998833857
896 0.9029071695510447 1.37772582511993
897 0.9029071695510447 0.9107941149467262
898 0.9029071695510447 6.13197548557401
899 0.9029733001849386 1.9000182141774844
900 0.9029821931783376 3.012447833323586
901 0.9029729629059342 3.789777481310024
902 0.9029662930357154 4.11772078732016
903 0.9029662930357154 1.5157663342310923
904 0.9029662930357154 2.0740431082060873
905 0.9029662930357154 0.9069409203512973
906 0.9029662930357154 7.470847332462879
907 0.902803875451096 4.450827161536399
908 0.9029551768237688 3.3811377341046733
909 0.9029551768237688 1.2900082601045881
910 0.9029551768237688 3.062007502103035
911 0.8992791276861528 2.1935729505955894
912 0.9029662930357154 1.2437509616294213
913 0.9030085373590854 0.9108994863181724
914 0.9030085373590854 0.91220060949719
915 0.9030085373590854 0.9147832152709278
916 0.9000098656969114 2.038306485969302
917 0.9000088439059196 2.3163771287749317
918 0.9013477966327381 6.279827181696503
919 0.9013477966327381 2.791768049488766
920 0.8954670522562012 4.342107115635798
921 0.9012499611168407 2.7717648801054007
922 0.9011025373261836 0.9176290995508389
923 0.9011261439238963 2.6993212008572236
924 0.901339839265815 0.9029241083189258
925 0.9013477966327381 1.358939323451716
926 0.9013474518197039 2.6263655073749756
927 0.9013474518197039 0.9029306929005793
928 0.9013211119304917 2.772056721739358
929 0.9013211119304917 0.9029438416843344
930 0.9012499611168407 0.9029448301730028
931 0.9012499611168407 0.903012220429832
932 0.9013633635017908 3.1914512333424545
933 0.9013496757058229 1.474678764076395
934 0.9012499611168407 5.5221944806819305
935 0.9012499611168407 2.317884471838449
936 0.9012499611168407 0.9029089527028065
937 0.9013474518197039 1.5292001902416985
938 0.9013474518197039 0.9030154122154975
939 0.9013474518197032 2.384694601333889
940 0.9013474518197032 2.5943497631107357
941 0.9030140002346723 6.117550877980657
942 0.8913225586431992 7.389002135289913
943 0.8931270844141148 5.8741952724823125
944 0.8738595937327103 5.6362617259081835
945 0.8739729961176602 5.257534860045661
946 0.8738630054088365 0.9010027442762316
947 0.8819433875796957 3.1048911660852654
948 0.883806935829201 0.9037672300991411
949 0.8739729961176602 2.463851706370193
950 0.8838260797296645 5.022476414457591
951 0.888138308367469 0.9101043080892326
952 0.8880890398240974 4.692987556949018
953 0.8880690269947868 2.990926645959396
954 0.8880690269947868 1.2903653524582148
955 0.8880849386768738 0.9094105026987289
956 0.8879814012348876 5.730932086981609
957 0.8880253278882377 4.288918629082617
958 0.8847733796379685 6.307616937516896
959 0.887980643039602 1.8821437111021222
960 0.887980643039602 2.201415827993068
961 0.8879806123312749 0.9148493534343222
962 0.8879806123312749 1.1995187090746484
963 0.8879869289007541 1.200088481734557
964 0.8879869289007541 1.4742724064443025
965 0.8879869289007541 3.0832354440793166
966 0.8932644503214813 1.6329733898951755
967 0.8932778357429412 3.4126053697777814
968 0.8932778357429412 2.2680481350658495
969 0.8932778357429405 0.9080350718916488
970 0.8861521975795478 1.6146334897458783
971 0.8941887528275948 10.605446925371364
972 0.9011619811502098 4.881002237582877
973 0.9011945091727503 1.2624424026036278
974 0.9011945091727503 5.984130533891232
975 0.901090830718028 3.5218491358401627
976 0.9011990019703606 3.058382676040202
977 0.9011990019703606 2.1462500850122357
978 0.9011990019703606 0.9103663970720955
979 0.9012064563692088 1.908292299979602
980 0.9012064563692088 4.293046847616713
981 0.9012064563692088 4.204982351455499
982 0.9012064563692094 3.0296542670498643
983 0.9012064563692094 2.5477535635941075
984 0.8861551796609524 1.175347789333296
985 0.9012064563692094 2.035159398645357
986 0.9012064563692094 1.8920867080436852
987 0.9012064563692094 0.9059889615259668
988 0.9012064563692094 4.327677604117554
989 0.8346546967796554 1.4954275123417775
990 0.9012064563692088 1.1865390812946275
991 0.9012064563692094 7.517062274167357
992 0.9012064563692088 0.9036892814533349
993 0.9012064563692088 0.9024531539107785
994 0.9012064563692088 2.924443576339712
995 0.9012064563692088 2.6126725732758103
996 0.9012064563692094 5.794433301125221
997 0.9012064563692094 3.6248809524470658
998 0.9012064563692088 0.9012973833027013
999 0.9012064563692088 4.509913398571784
