# iteración mejor promedio
0 667.1895008825705 4439.849672196023
1 667.1895008825705 3096.261841730584
2 509.68732504239995 2107.0944149406005
3 466.56981982960343 1814.507622016074
4 462.4177913263048 1300.6374071327293
5 361.3120157086538 853.2550170379452
6 232.02802317190284 770.3242779868627
7 232.02802317190284 712.4923892980192
8 231.1419325591041 702.4321343045616
9 231.1419325591041 596.7975270889793
10 231.1419325591041 556.0592137432311
11 227.3817001028139 444.47503310331837
12 187.61717506762494 411.99686100444904
13 187.35732938946612 531.4926945486018
14 187.35732938946612 528.8363156399146
15 90.81035746169215 383.7543067708244
16 90.81035746169215 309.4019188497788
17 90.81035746169215 250.3947081328502
18 64.63505792915265 197.29291924480162
19 64.63505792915265 175.43496167575543
20 63.82517236202392 226.5880102536262
21 63.05347157587217 189.92202134864337
22 62.87864298570681 217.29841442540072
23 62.29844024189767 134.87158791536697
24 62.24017246293535 222.67936594285257
25 61.98633305881257 151.28066858315813
26 61.98633305881257 99.1266672913241
27 61.98633305881257 86.55409945560132
28 61.98633305881257 83.71844671667175
29 61.98633305881257 83.23879845462405
30 61.98633305881257 82.15511351359841
31 61.98633305881257 103.99670704248813
32 61.98633305881257 94.67212130014518
33 56.77748075493834 101.46814109397901
34 56.77748075493834 79.08058390621372
35 52.16954534771573 158.2805795874447
36 52.16954534771573 162.90848318601385
37 52.14913307642131 65.88621899006664
38 52.14913307642131 163.81359733923256
39 51.97828898184929 130.78695275227284
40 51.97828898184929 68.03810513410782
41 51.97828898184929 87.19278870919221
42 51.97828898184929 202.84040893518923
43 51.967565018565885 69.07423211067497
44 51.967565018565885 199.0246486697032
45 51.967565018565885 106.16877212602043
46 51.967565018565885 115.6653496334278
47 51.967565018565885 91.22219094220522
48 51.967565018565885 83.72889950765256
49 51.967565018565885 71.72651289595579
50 51.967565018565885 133.49760531404914
51 51.967565018565885 61.44288769575447
52 51.967565018565885 61.54698073073427
53 51.967565018565885 76.76382591851502
54 51.967565018565885 89.20650903104438
55 51.967565018565885 145.32994869819345
56 51.967565018565885 68.36677160095508
57 51.967565018565885 101.2787005423757
58 51.967565018565885 60.955082557670245
59 51.967484329863986 77.09150593613674
60 51.967484329863986 68.94876701026843
61 51.967484329863986 68.44917127229773
62 51.967484329863986 69.03540959330746
63 51.967484329863986 60.734323091476035
64 51.967484329863986 83.20924062019476
65 51.964882740386756 52.920507697342494
66 51.964882740386756 68.86442903329626
67 51.96279730968913 61.09397375085898
68 51.962646275326826 92.27943777867422
69 51.962646275326826 76.5241777550238
70 51.952311784252586 68.73517496691028
71 51.952311784252586 68.63204525662667
72 51.952311784252586 52.856882303958265
73 51.952311784252586 76.54879045507113
74 51.952304468500074 68.13639353253005
75 51.952304468500074 83.9060119109269
76 51.952304468500074 60.494934831638886
77 51.95198573739688 82.96029028181898
78 51.95198573739688 127.71843429171095
79 51.95198573739688 68.42392478357874
80 51.95198573739688 68.28962400833275
81 51.95198573739688 92.58995126551741
82 51.95198573739688 76.10210663199999
83 51.95198573739688 76.15608049629185
84 51.943938623998115 68.3855569803585
85 51.943938623998115 68.21499800664475
86 51.943938623998115 68.08972045772308
87 51.943938623998115 59.998241913331206
88 51.94201679800642 60.052009019259756
89 51.942009482253916 92.09070706624166
90 51.942009482253916 91.77328161322103
91 51.942009482253916 95.06597230139258
92 51.94168804010646 67.66647731624151
93 51.94168804010646 67.06060585708813
94 51.94168804010646 83.92771013356437
95 51.94168804010646 77.36910073732726
96 49.21459296302631 100.29374754851757
97 49.21459296302631 93.92235696206546
98 49.21459296302631 67.94726499395068
99 49.21459296302631 98.14825500740517
100 49.21459296302631 83.00565991928464
101 49.21459296302631 67.90917562254575
102 48.96778652660309 51.890594483133185
103 48.96778652660309 51.82911068802732
104 48.95728540764391 67.41914056925238
105 48.95728540764391 51.43603922413903
106 48.95728540764391 83.3583874408482
107 48.95728540764391 59.180765974337355
108 48.95728540764391 66.70211354472791
109 48.95728540764391 58.883260856466904
110 48.95728540764391 66.76053256288364
111 48.957115704129514 82.70808103384839
112 48.957115704129514 50.58211882670819
113 48.957115704129514 82.46451326594459
114 48.957115704129514 64.4764957961012
115 48.957115704129514 50.34171068830217
116 48.957115704129514 74.78437726085997
117 48.957115704129514 58.73505188925743
118 48.957115704129514 94.62131464103399
119 48.957115704129514 79.01310489125704
120 48.957115704129514 72.146073720806
121 48.957115704129514 58.804720348790035
122 48.957115704129514 50.31267577749136
123 48.957115704129514 66.38889576846502
124 48.957115704129514 82.45977125841112
125 48.957115704129514 57.86958334171138
126 48.957115704129514 71.41908094241192
127 48.93645342244288 58.035313588132475
128 48.93645342244288 65.91289263254592
129 48.915911596498546 82.09996722699584
130 48.915911596498546 73.72541675500042
131 48.915911596498546 73.59758057308308
132 48.91583268346074 65.91561031525083
133 48.91583268346074 66.04891855024518
134 48.91583268346074 49.78718352125267
135 48.91559013188959 49.6888408010972
136 48.9155008444089 65.88894813404767
137 48.9155008444089 74.42854017452868
138 48.9155008444089 49.695874197621905
139 48.9155008444089 57.60945945029007
140 48.9155008444089 65.70886390887209
141 48.9155008444089 73.76189362479089
142 48.9155008444089 57.75551709563862
143 48.9155008444089 57.5713929300778
144 48.9155008444089 49.56109368778298
145 48.9155008444089 49.45202611028198
146 48.915426750036964 49.393734585912355
147 48.915426750036964 73.47704894113842
148 48.915426750036964 49.2035600730317
149 48.915426750036964 65.51348655237807
150 48.91419952373902 57.35820766010018
151 48.91419952373902 49.80355766916279
152 48.91419952373902 57.21570229640068
153 48.91387808159157 49.054507427683966
154 48.91387808159157 65.17133124662571
155 48.91387808159157 65.20667695420182
156 48.91387808159157 65.15450356953158
157 48.91330679949084 89.4414143812214
158 48.91330679949084 65.09978353093285
159 48.91330679949084 57.05376896098327
160 48.91330679949084 81.29689351258094
161 48.91330679949084 93.03403485321047
162 48.91330679949084 65.1129646628739
163 48.91330679949084 73.17968124930144
164 48.91330679949084 65.13217596911723
165 48.91330679949084 48.9485803157484
166 48.91330679949084 81.314591466511
167 48.91330679949084 65.12882447629372
168 48.91330679949084 73.19663466189863
169 48.91330679949084 65.09201689012544
170 48.91330679949084 65.09783608065594
171 48.91330679949084 65.03904932005034
172 48.91330679949084 65.11143405752603
173 48.91330679949084 57.023433040899945
174 48.91330679949084 57.029082731473835
175 48.91330679949084 81.32722449937708
176 48.91330454862311 57.010496298529596
177 48.91330454862311 48.917901830790036
178 48.91330454862311 65.10911461215545
179 48.91330454862311 115.64874528200028
180 48.91330454862311 57.019693942634994
181 48.91330454862311 81.29431335754948
182 48.91330454862311 81.04538388387637
183 48.91330454862311 89.39266818881316
184 48.91330454862311 48.91432805902857
185 48.91330454862311 89.40972198085736
186 48.91330454862311 81.29937250819852
187 48.91330454862311 65.09924578945635
188 48.91330454862311 48.91363588118883
189 48.91330454862311 48.91366868277394
190 48.91330454862311 57.00627491948841
191 48.91330454862311 65.0989924276289
192 48.91330454862311 57.00636232508233
193 48.91330454862311 65.09903738451217
194 48.91330454862311 48.91360345714113
195 48.91330454862311 57.00640094315739
196 48.91330454862311 73.19166682363765
197 48.91330454862311 57.006159984260655
198 48.91330454862311 65.09878006681487
199 48.91330454862311 48.913412970906414
200 48.91330454862311 81.28415066383796
201 48.91330454862311 109.84590165455256
202 48.91330454862311 57.00605881384978
203 48.91330454862311 65.09874879064695
204 48.91330454862311 65.0987899967725
205 48.91330454862311 57.00602666963505
206 48.91330454862311 81.28411209078034
207 48.91330454862311 85.89276150140775
208 48.91330454862311 57.006007383106216
209 48.91330454862311 57.00600095426326
210 48.91330454862311 57.00599452542031
211 48.91330454862311 65.0986845022175
212 48.91330454862311 70.81308549216736
213 48.91330454862311 50.906378833834495
214 48.91330454862311 97.46944500097102
215 48.91330454862311 90.83965095422457
216 48.9132946907343 74.66752276937649
217 48.9132946907343 82.04368107626807
218 48.9132946907343 78.82277020978745
219 48.9132946907343 57.00599353963143
220 48.9132946907343 65.09868662562847
221 48.9132946907343 48.91330316851869
222 48.9132946907343 65.09868721710183
223 48.9132946907343 71.30925681931281
224 48.9132946907343 94.95961776779478
225 48.9132946907343 96.97968531676304
226 48.9132946907343 57.00599551134652
227 48.9132946907343 57.00599491988842
228 48.91328483360843 65.09867981587746
229 48.91328483360843 77.26419546275422
230 48.91328483360843 56.2213935306784
231 48.91328483360843 57.00598939942494
232 48.91328483360843 73.19137340282082
233 48.91328483360843 73.1913648185888
234 48.91328483360843 65.09868554943465
235 48.91328483360843 57.0059920691373
236 48.91328483360843 117.33269082440667
237 48.91328483360843 106.60810331771948
238 48.91328483360843 75.24391597867645
239 48.91328483360843 81.67926900699409
240 48.91328483360843 75.50676450794879
241 48.91328483360843 48.921404768065024
242 48.91328483360843 73.15041643294744
243 48.91328483360843 93.61474339872116
244 48.91328483360843 57.013144528847036
245 48.91328483360843 65.10150136671284
246 48.91328483360843 89.36604143159478
247 48.91328483360843 89.78988875136764
248 48.91328483360843 65.10038324639399
249 48.91328483360843 65.09867998413489
250 48.91328483360843 48.913285227908766
251 48.91328483360843 57.005981423120936
252 48.91328483360843 48.913284833608465
253 48.91328483360843 57.00598142312095
254 48.91328483360843 73.19137460214588
255 48.91328483360843 62.602607787219625
256 48.91328483360843 73.19137460214588
257 48.91328483360843 80.80383445582311
258 48.91328483360843 57.00598142312095
259 48.91328483360843 57.005981423120936
260 48.91328483360843 65.09867801263341
261 48.91328483360843 78.06785823676174
262 48.91328483360843 79.75354342675733
263 48.91328483360843 81.28407119165836
264 48.91328483360843 103.53676794554059
265 48.91328483360843 120.38215809827071
266 48.91328483360843 65.09867801263341
267 48.91328483360843 73.19137460214588
268 48.91328483360843 61.33474857681399
269 48.91328483360843 63.1718615735632
270 48.91328483360843 57.005981423120936
271 48.91328483360843 57.00598142312095
272 48.91328483360843 65.09867801263341
273 48.91328483360843 96.4037279726293
274 48.91328483360843 96.51069928863367
275 48.91328483360843 60.47291482719538
276 48.91328483360843 77.83655453701917
277 48.91328483360843 57.005981423120936
278 48.91328483360843 48.913284833608465
279 48.91328483360843 48.913284833608465
280 48.91328483360843 89.37676778117083
281 48.91328483360843 83.35998783091344
282 48.91328483360843 73.19137460214588
283 48.91328483360843 57.005981423120936
284 48.91328483360843 73.19137460214586
285 48.91328483360843 65.09867801263341
286 48.91328483360843 73.19137460214588
287 48.91328483360843 65.09867801263341
288 48.91328483360843 65.09867801263341
289 48.91328483360843 65.09867801263341
290 48.91328483360843 73.19137460214588
291 48.91328483360843 89.37676778117083
292 48.91328483360843 85.08493578848889
293 48.91328483360843 65.09867801263341
294 48.91328483360843 57.005981423120936
295 48.91328483360843 73.19137460214588
296 48.91328483360843 65.09867801263341
297 48.91328483360843 65.09867801263341
298 48.91328483360843 57.005981423120936
299 48.91328483360843 65.09867801263341
300 48.91328483360843 81.28407119165836
301 48.91328483360843 100.88639095938072
302 48.91328483360843 91.4976009432201
303 48.91328483360843 57.00880008475535
304 48.91328483360843 57.00880008475535
305 48.91328483360843 89.34829200196751
306 48.91328483360843 89.3788947104173
307 48.91328483360843 86.14148878910527
308 48.91328483360843 92.35058261321893
309 48.86120538264165 90.62994001886635
310 48.86120538264165 65.09555324557539
311 48.85419198220111 57.0089654819305
312 48.85419198220111 71.87672326450587
313 48.85419198220111 77.69693656185136
314 48.85419198220111 68.3468461889788
315 48.85419198220111 59.90703121986766
316 48.85419198220111 65.08832878276218
317 48.85419198220111 89.49188875110296
318 48.85419198220111 65.11696236580951
319 48.85419198220111 57.01517614518234
320 48.85419198220111 65.11698627207092
321 48.85419198220111 90.9005465617124
322 48.85419198220111 109.47364937650096
323 48.85419198220111 65.08880692918449
324 48.85419198220111 57.13228496289377
325 48.85419198220111 57.02618652351453
326 48.85419198220111 57.02526436041053
327 48.85419198220111 73.20734343257753
328 48.85419198220111 57.034217417318494
329 48.85419198220111 73.55184934698825
330 48.85419198220111 65.23379847534707
331 48.85419198220111 89.5235448235844
332 48.85419198220111 65.2472683382346
333 48.85419198220111 48.95116871763317
334 48.85419198220111 81.31266221003943
335 48.85419198220111 48.934234278952
336 48.85419198220111 81.47927230327286
337 48.85419198220111 81.25738998454197
338 48.85419198220111 69.75691211597128
339 48.85419198220111 64.91603138322311
340 48.85419198220111 65.91729383641591
341 48.85419198220111 57.38122676932646
342 48.85419198220111 57.48417724902329
343 48.85419198220111 57.02085959274217
344 48.85419198220111 73.30986807117469
345 48.85419198220111 98.77199223768937
346 48.85419198220111 57.066045535854975
347 48.85419198220111 57.04527361387936
348 48.85419198220111 73.33263079970587
349 48.85419198220111 81.60067991722669
350 48.85419198220111 81.45391840759942
351 48.85419198220111 123.64399872754626
352 48.85419198220111 57.174889767906215
353 48.85419198220111 65.0908899818006
354 48.85419198220111 89.6903813665234
355 48.85419198220111 48.95375888139504
356 48.85419198220111 48.95604160016055
357 48.85419198220111 81.53193782884169
358 48.85419198220111 57.10889983386464
359 48.85419198220111 65.13868262484206
360 48.85419198220111 78.55754495643748
361 48.85419198220111 73.38451944470043
362 48.85419198220111 73.34508079614679
363 48.85419198220111 78.90733177472039
364 48.85419198220111 65.14057690332046
365 48.85419198220111 65.20703627293993
366 48.85419198220111 57.048430744676665
367 48.85419198220111 73.28153557145228
368 48.85419198220111 78.56396189201669
369 48.85419198220111 57.04653646619828
370 48.85419198220111 81.3282528011109
371 48.85419198220111 48.95983015711734
372 48.85419198220111 73.42784317828799
373 48.85419198220111 57.18118749333407
374 48.85419198220111 57.06228904785133
375 48.85419198220111 81.62187234844254
376 48.85419198220111 48.976845591089294
377 48.85419198220111 48.96857259189226
378 48.85419198220111 49.0048861786017
379 48.85419198220111 73.31721773200225
380 48.85419198220111 65.39632809941371
381 48.85419198220111 82.41226896618171
382 48.85419198220111 73.33541502300237
383 48.85419198220111 57.1305617006584
384 48.85419198220111 89.8200888472008
385 48.85419198220111 81.65138670519315
386 48.85419198220111 57.03669316968599
387 48.85419198220111 65.28489370360064
388 48.85419198220111 57.132035469896564
389 48.85419198220111 57.013687455282486
390 48.85419198220111 65.18124633523993
391 48.85419198220111 65.1411762605268
392 48.85419198220111 73.4215943791978
393 48.85419198220111 70.53391839194535
394 48.171034216479356 68.09873713388096
395 48.167435766949254 48.88512967316677
396 48.167435766949254 48.8679217100989
397 48.167435766949254 56.120685917049485
398 48.167435766949254 77.3134781089356
399 48.167435766949254 81.95860963097137
400 48.167435766949254 73.4570899930053
401 48.167435766949254 72.53208207551789
402 48.167435766949254 65.11524510797405
403 47.34857213238549 72.51388512293885
404 47.34857213238549 57.09736721851479
405 47.3962674687817 72.52180145582317
406 47.3962674687817 72.3704255259661
407 47.373463234681594 73.12023539667685
408 47.373463234681594 65.22699245173446
409 47.373463234681594 90.04027972377456
410 47.373463234681594 65.18821860052537
411 47.373463234681594 64.28078008877714
412 47.373463234681594 48.83855726709095
413 47.373463234681594 56.98752122530222
414 47.373463234681594 80.09920790305246
415 47.373463234681594 56.909946070569404
416 47.373463234681594 72.22619524195103
417 47.373463234681594 48.756043147713264
418 47.373463234681594 63.930924840669284
419 47.373463234681594 71.3066495734725
420 47.373463234681594 48.56308079064766
421 47.373463234681594 80.87049745332978
422 47.373463234681594 72.02098307610879
423 47.37346143544771 93.75270309250226
424 47.37346143544771 48.529172988627295
425 47.37346143544771 63.19279551695996
426 47.37346143544771 71.93464708374846
427 47.37346143544771 80.10210552896044
428 47.37346143544771 167.27870194022614
429 47.37346143544771 55.649160474831234
430 47.37346143544771 62.937795683594665
431 47.37346143544771 63.74908869921728
432 47.37346143544771 63.63332844783725
433 47.37346143544771 87.48229386533231
434 47.37346143544771 64.53350133627652
435 47.37346143544771 109.9683072403906
436 47.37346143544771 55.32113913221267
437 47.37346143544771 47.96364016794542
438 47.37346143544771 47.82251326798225
439 47.37346143544771 70.40490113995033
440 47.37346143544771 47.860769145928
441 47.3734596364168 62.329803405362654
442 47.3734596364168 55.07986853824172
443 47.3734596364168 63.22294268745331
444 47.3734596364168 62.258137877985
445 47.3734596364168 62.1507244347165
446 47.3734596364168 54.862944235594775
447 47.3734596364168 62.075923476545995
448 47.3734596364168 62.896693648543966
449 47.3734596364168 70.18232899230976
450 47.3734596364168 69.3614438203181
451 47.3734596364168 47.602725833981495
452 47.3734596364168 62.96533189699052
453 47.3734596364168 47.78321105223451
454 47.3734596364168 55.10730887478406
455 47.3734596364168 54.92437232973021
456 47.3734596364168 69.49998066372777
457 47.3734596364168 69.60150106047995
458 47.3734596364168 54.890803909477775
459 47.3734596364168 77.36041627155082
460 47.3734596364168 47.63749157333054
461 47.3734596364168 54.92458887234874
462 47.3734596364168 70.25585219915901
463 47.3734596364168 81.16513095464117
464 47.3734596364168 57.4163178479366
465 47.3734596364168 58.14287936707801
466 47.3734596364168 62.068173484747255
467 47.3734596364168 54.78163765547566
468 47.3734596364168 69.36032249669343
469 47.3734596364168 62.14480902253952
470 47.3734596364168 54.81844795060803
471 47.3734596364168 83.8249742387561
472 47.3734596364168 69.28762996321889
473 47.3734596364168 62.03392189051704
474 47.3734596364168 82.382737006657
475 47.3734596364168 162.41310540936718
476 47.3734596364168 67.34597279206164
477 47.3734596364168 61.88561655734728
478 47.3734596364168 69.77784595703392
479 47.3734596364168 47.380838890368025
480 47.3734596364168 61.8851578820166
481 47.3734596364168 68.12404827018011
482 47.3734596364168 54.634674815913975
483 47.3734596364168 69.13966317588265
484 47.3734596364168 54.63480832852233
485 47.3734596364168 76.3902859321501
486 47.3734596364168 54.629883535722776
487 47.3734596364168 61.88433199707711
488 47.3734596364168 54.632792657207
489 47.3734596364168 54.63462045993307
490 47.3734596364168 47.38114711373926
491 47.3734596364168 69.13559183586875
492 47.3734596364168 47.38166477471957
493 47.3734596364168 61.88872830851933
494 47.3734596364168 69.14142718294525
495 47.3734596364168 47.38628290387095
496 47.3734596364168 54.63826696662129
497 47.3734596364168 61.889574419670524
498 47.3734596364168 61.887933590578875
499 47.3734596364168 61.8890533248173
500 47.3734596364168 54.63860578636381
501 47.3734596364168 90.89892719462969
502 47.3734596364168 47.384307021163295
503 47.3734596364168 61.889729711307865
504 47.3734596364168 61.89392492662777
505 47.3734596364168 61.89153276756564
506 47.3734596364168 54.638085139867684
507 47.3734596364168 61.890199731215986
508 47.3734596364168 69.14209346245578
509 47.3734596364168 69.14021429246108
510 47.3734596364168 81.85107326058952
511 47.3734596364168 76.38924118848688
512 47.3734596364168 54.631463087643624
513 47.3734596364168 47.37892618028618
514 47.3734596364168 47.379473923464026
515 47.3734596364168 61.88607335149066
516 47.3734596364168 61.887572882094375
517 47.3734596364168 84.78529379829897
518 47.3734596364168 97.05555114331453
519 47.3734596364168 77.90188361948148
520 47.3734596364168 54.63325702513461
521 47.3734596364168 54.63535740738282
522 47.3734596364168 83.64481197395578
523 47.3734596364168 87.6776194127134
524 47.3734596364168 69.69837955631618
525 47.3734596364168 54.63049075062414
526 47.3734596364168 69.13630953878177
527 47.3734596364168 73.32399568530987
528 47.3734596364168 79.17993136964247
529 47.3734596364168 102.60782068177737
530 47.3734596364168 54.63291070354295
531 47.3734596364168 69.13781533056914
532 47.3734596364168 54.632639443397395
533 47.3734596364168 76.39250278464463
534 47.3734596364168 84.93176348233261
535 47.3734596364168 47.383453614970314
536 47.3734596364168 61.887660143456785
537 47.3734596364168 61.88623441632311
538 47.3734596364168 69.13925620545497
539 47.3734596364168 47.3821194386885
540 47.3734596364168 61.88614399661882
541 47.3734596364168 54.6349208092603
542 47.3734596364168 103.84537805750068
543 47.3734596364168 60.103432658252686
544 47.3734596364168 69.13784273906943
545 47.3734596364168 67.40736107915565
546 47.3734596364168 69.13559357469458
547 47.3734596364168 61.88441721949527
548 47.3734596364168 95.61286987288734
549 47.3734596364168 54.63075521346927
550 47.3734596364168 76.38932168626796
551 47.3734596364168 61.88197768024923
552 47.3734596364168 69.135009171058
553 47.3734596364168 77.68242920786486
554 47.3734596364168 72.98431936316237
555 47.3734596364168 47.37755935659216
556 47.3734596364168 76.39014410732975
557 47.3734596364168 87.40122756564953
558 47.3734596364168 76.38990158573176
559 47.3734596364168 54.63035870989681
560 47.3734596364168 61.88324449342812
561 47.3734596364168 47.37880491961696
562 47.3734596364168 47.37910954790849
563 47.3734596364168 54.6318194501882
564 47.3734596364168 61.883641746137094
565 47.3734596364168 54.62917531722652
566 47.3734596364168 54.62817649796472
567 47.3734596364168 54.62763025162846
568 47.3734596364168 61.88161567233751
569 47.3734596364168 69.13602300970092
570 47.3734596364168 61.88454794524334
571 47.3734596364168 76.39195164314768
572 47.3734596364168 61.886120085915415
573 47.3734596364168 61.88669822516913
574 47.3734596364168 84.2934740333146
575 47.3734596364168 54.633364792993326
576 47.3734596364168 54.63107414177788
577 47.3734596364168 54.63005477168212
578 47.3734596364168 47.376889864670154
579 47.3734596364168 61.88325460028915
580 47.3734596364168 149.30784087076265
581 47.3734596364168 61.88264274224494
582 47.3734596364168 54.63118437286376
583 47.3734596364168 61.88401542763132
584 47.3734596364168 83.8788348139604
585 47.3734596364168 61.88391958163588
586 47.3734596364168 61.88428403774095
587 47.3734596364168 61.88401718996523
588 47.3734596364168 61.882164425360436
589 47.3734596364168 54.62884176098918
590 47.3734596364168 47.375069663489064
591 47.3734596364168 54.62826991408145
592 47.3734596364168 54.62836077506733
593 47.3734596364168 83.64001199997874
594 47.3734596364168 67.13805760325934
595 47.3734596364168 54.62796028317149
596 47.3734596364168 47.37370265864486
597 47.3734596364168 54.62735338895345
598 47.3734596364168 54.627480155355215
599 47.3734596364168 61.88064034151291
600 47.3734596364168 47.373581543317634
601 47.3734596364168 54.62698979110742
602 47.3734596364168 61.88064584866496
603 47.3734596364168 54.6271109424153
604 47.3734596364168 61.880640521416005
605 47.3734596364168 61.88076174468508
606 47.3734596364168 76.38607530023873
607 47.3734596364168 83.2157559559499
608 47.3734596364168 61.8802763838607
609 47.3734596364168 69.1336844517474
610 47.3734596364168 73.21108456929552
611 47.36791302340479 149.59129810022904
612 47.36791302340479 51.15791259199452
613 47.36791302340479 55.04235626170384
614 47.358686269242725 120.56845496825855
615 47.358686269242725 98.85421106236956
616 47.06379948682988 55.22623275715145
617 47.06379948682988 55.51494720564388
618 47.058252873817864 62.11290553313932
619 47.058252873817864 69.1137308722598
620 47.058252873817864 84.18336040277546
621 47.058252873817864 54.61264793166781
622 47.00001819390148 47.354841543731055
623 47.00001819390148 61.857604824865064
624 47.00001819390148 69.09558330032321
625 47.00001819390148 71.64449154288641
626 47.00001819390148 47.34479516824246
627 46.99579878689313 54.751694467255966
628 46.99579878689313 47.3971343683049
629 46.99579878689313 54.6388014912292
630 46.99579878689313 54.674340115884426
631 46.99579878689313 69.15424152774435
632 46.99579878689313 76.94509629771409
633 46.99579878689313 69.07050608152392
634 46.99579878689313 91.34813168618369
635 46.99579878689313 47.34565017031111
636 46.94549528084438 62.19853375002558
637 46.94549528084438 76.33235834073534
638 46.94549528084438 96.89690148932985
639 46.94549528084438 68.98652228639232
640 46.94549528084438 93.2640402835949
641 46.94549528084438 75.99929583668812
642 46.94549528084438 104.93079131706313
643 46.94303835718322 110.86234869636277
644 46.94303835718322 85.21469857474756
645 46.94303835718322 102.68303836961033
646 46.93742310367256 54.539135152749125
647 46.93742310367256 61.802344964017166
648 46.93742310367256 62.12064925393832
649 46.93742310367256 68.02125137142468
650 46.93742310367256 62.139732991167996
651 46.93742310367256 61.78094372970938
652 46.93742310367256 69.08836096528789
653 46.93742310367256 47.29818038248562
654 46.93742310367256 54.88369741738161
655 46.93742310367256 61.79899980464056
656 46.93742310367256 69.39385316012192
657 46.93742310367256 62.205595893940306
658 46.93742310367256 77.07301449924779
659 46.93742310367256 78.88812524024195
660 46.93742310367256 47.30845747259003
661 46.93742310367256 62.19299122189066
662 46.93742310367256 61.85655218293122
663 46.93742310367256 61.81527037497771
664 46.93742310367256 62.18422196873309
665 46.93742310367256 62.1315704318366
666 46.93742310367256 54.538166800153846
667 46.93742310367256 69.07983398708566
668 46.93742310367256 82.95132677441251
669 46.93742310367256 61.775586315011445
670 46.93742310367256 54.990890976384335
671 46.93742310367256 54.86867850250972
672 46.93742310367256 47.24369687186368
673 46.93742310367256 62.06471325436107
674 46.93742310367256 62.11258236735836
675 46.93742310367256 62.115981141344925
676 46.93742310367256 62.50956030687581
677 46.93742310367256 54.56675748478302
678 46.93742310367256 69.01219828103825
679 46.93742310367256 76.23390288338986
680 46.93742310367256 89.49886653440718
681 46.93742310367256 68.82534646129662
682 46.93742310367256 73.11920509310806
683 46.83326305753512 62.909938352884595
684 46.83326305753512 47.45634136712414
685 46.764029190323036 54.651468509671574
686 46.764029190323036 54.99253626146226
687 46.764029190323036 93.13806360466855
688 46.764029190323036 74.7117840695426
689 46.764029190323036 47.39802548572532
690 46.764029190323036 77.11579821369237
691 46.764029190323036 55.09891469383033
692 46.764029190323036 47.57030860089679
693 46.75359678369419 61.88372675605214
694 46.75359678369419 54.69456585982107
695 46.75359678369419 62.3687339967125
696 46.75359678369419 83.7008695949931
697 46.74293194101801 85.33286826470335
698 46.74293194101801 84.83204726698337
699 46.74293194101801 84.12090528803661
700 46.742608979280675 58.36486941831829
701 46.742608979280675 62.222982988550804
702 46.742608979280675 47.575873969583455
703 46.722420802199245 55.31469728607736
704 46.722420802199245 70.04230360810449
705 46.722420802199245 71.03094495478628
706 46.722420802199245 85.44742862068075
707 46.722420802199245 76.98163870323737
708 46.722420802199245 76.9825078762943
709 46.722420802199245 117.37876623998362
710 46.722420802199245 122.8030806917696
711 46.72176117354996 75.17656180885245
712 46.72176117354996 76.96723590253806
713 46.72176117354996 54.76387445016364
714 46.72176117354996 54.36667806176152
715 46.72176117354996 77.15614205851676
716 46.71728918434848 47.135468994654794
717 46.71728918434848 62.35912251562773
718 46.71728918434848 69.20987233274985
719 46.71728918434848 61.990097997447
720 46.71728918434848 54.822921762462904
721 46.71728918434848 47.213948727416465
722 46.71728918434848 54.42167803995784
723 46.71728918434848 61.60025279553378
724 46.71728918434848 54.70104321900712
725 46.71728918434848 47.12436992640698
726 46.71665110999864 69.51060188535894
727 46.71665110999864 69.45687917635618
728 46.71665110999864 54.60443648558753
729 46.71665110999864 54.653318583558615
730 46.71665110999864 47.0644659763125
731 46.71665110999864 69.90083295985906
732 46.71665110999864 47.16605707079601
733 46.72240081040054 62.2869109776187
734 46.72240081040054 88.16599996832387
735 46.72240081040054 72.85738364068216
736 46.72240081040054 79.66664123891066
737 46.72240081040054 54.70234418026555
738 46.72240081040054 61.54401861332694
739 46.72240081040054 68.82166570070498
740 46.72240081040054 69.53388985140282
741 46.72240081040054 69.51901425337248
742 46.72240081040054 54.360505375163264
743 46.72240081040054 161.70877713794187
744 46.72240081040054 102.67722154165067
745 46.299654568239404 97.53009527583859
746 46.299654568239404 85.7465502544794
747 46.265026507396335 69.40217585963255
748 46.265026507396335 76.4569771463556
749 46.265026507396335 54.60244073803178
750 45.70582099062448 69.71345116498695
751 45.70582099062448 47.20752830372223
752 45.70582099062448 69.72156982114741
753 45.70582099062448 61.973556586365255
754 45.70239248344825 61.81796496668821
755 45.70239248344825 61.77486340008124
756 45.70239248344825 67.9946245261221
757 45.70239248344825 76.66106279199845
758 45.70239248344825 76.738574101591
759 45.70239248344825 61.62806044502207
760 45.70239248344825 54.69052661516012
761 45.70239248344825 54.2217800896757
762 45.70239248344825 61.439999296484295
763 45.70239248344825 68.78574330667043
764 45.70239248344825 68.90460190382814
765 45.70239248344825 69.60553903544394
766 45.70239248344825 46.81696002430247
767 45.70239248344825 54.0559249506786
768 45.70239248344825 54.86545274284915
769 45.70239248344825 91.93416927551826
770 45.70239248344825 53.94275249827599
771 45.70239248344825 54.430657231609366
772 45.70239248344825 61.82740752966106
773 45.70239248344825 55.15732973513441
774 45.70239248344825 76.20912171998174
775 45.70239248344825 103.15627815001204
776 45.70239248344825 72.11813877359329
777 45.70239248344825 54.270379109049756
778 45.70239248344825 78.76222168755493
779 45.70239248344825 61.39236239476473
780 45.70239248344825 68.65517507327361
781 45.70239248344825 61.34061588397776
782 45.70239248344825 99.90376854879214
783 45.70239248344825 53.61076880982651
784 45.70239248344825 85.14923781983714
785 45.70239248344825 83.12326953470891
786 45.70239248344825 87.42594007299938
787 45.70239248344825 61.56475599738349
788 45.70239248344825 46.76466286451975
789 45.70239248344825 53.87763987349863
790 45.70239248344825 61.88179923075218
791 45.70239248344825 76.15233740408401
792 45.70239248344825 61.47130659405574
793 45.70239248344825 68.89682630468786
794 45.70239248344825 61.129407265660596
795 45.70239248344825 61.22674626855529
796 45.70239248344825 47.01483750227592
797 45.70239248344825 61.31157009983225
798 45.70239248344825 54.332837538063814
799 45.70239248344825 61.85044045992258
800 45.70239248344825 79.26350710443481
801 45.70239248344825 68.64482438396911
802 45.70239248344825 68.60915965849748
803 45.70239248344825 53.97226727006321
804 45.70239248344825 54.56126980515108
805 45.70239248344825 61.44501303231744
806 45.70239248344825 54.084732248045135
807 45.70239248344825 66.40311269402922
808 45.70239248344825 69.23504993276656
809 45.70239248344825 69.69644491052414
810 45.70239248344825 61.44742693375516
811 45.70239248344825 54.399989198551665
812 45.70239248344825 46.87118610336676
813 45.70239248344825 75.7702268109159
814 45.70239248344825 73.91297136561148
815 45.70239248344825 66.09944451832752
816 45.70239248344825 56.19133180167558
817 45.70239248344825 54.13502988585872
818 45.70239248344825 61.88029821898472
819 45.70239248344825 61.54687444931611
820 45.70239248344825 76.38379793724532
821 45.70239248344825 68.11173987381932
822 45.70239248344825 102.97687575244721
823 45.70239248344825 61.56750063453536
824 45.70239248344825 60.991561026488036
825 45.70239248344825 46.45898646797602
826 45.70239248344825 53.91866930318975
827 45.70239248344825 75.98376052856673
828 45.70239248344825 61.14191651823851
829 45.70239248344825 53.44579806285989
830 45.70239248344825 53.3985109388269
831 45.70239248344825 72.62873541159638
832 45.70239248344825 90.0541337013888
833 45.70239248344825 53.3985109388269
834 45.70239248344825 75.96670794059997
835 45.70239248344825 60.81090665000765
836 45.70239248344825 84.87690445716088
837 45.70239248344825 73.08726995705952
838 45.70239248344825 79.62154330790567
839 45.70239248344825 53.74685390373172
840 45.70239248344825 61.301110987011405
841 45.70239248344825 53.256649566727944
842 45.70239248344825 60.81090665000761
843 45.70239248344825 75.83885812928459
844 45.70239248344825 60.81090665000767
845 45.70239248344825 53.25664956672794
846 45.70239248344825 75.91942081656701
847 45.70239248344825 53.25664956672793
848 45.70239248344825 83.78434484643252
849 45.70239248344825 88.58470410313501
850 45.70239248344825 83.95580335132716
851 45.70239248344825 68.36516373328733
852 45.70239248344825 68.36516373328733
853 45.70239248344825 75.919420816567
854 45.70239248344825 80.4314606194278
855 45.70239248344825 68.3651637332873
856 45.70239248344825 60.81090665000758
857 45.70239248344825 53.256649566727944
858 45.70239248344825 60.810906650007645
859 45.70239248344825 60.81090665000765
860 45.70239248344825 60.81090665000762
861 45.70239248344825 53.256649566727944
862 45.70239248344825 75.91942081656705
863 45.70239248344825 83.47367789984668
864 45.70239248344825 68.49533740735187
865 45.70239248344825 91.02793498312639
866 45.70239248344825 83.47367789984668
867 45.70239248344825 69.88858492902092
868 45.70239248344825 68.36516373328729
869 45.70239248344825 45.70239248344823
870 45.70239248344825 68.3651637332873
871 45.70239248344825 53.2566495667279
872 45.70239248344825 68.36516373328735
873 45.70239248344825 75.91942081656703
874 45.70239248344825 68.36516373328733
875 45.70239248344825 60.81090665000767
876 45.70239248344825 75.919420816567
877 45.70239248344825 53.2566495667279
878 45.70239248344825 53.256649566727944
879 45.70239248344825 68.36516373328732
880 45.70239248344825 68.36516373328733
881 45.70239248344825 83.47367789984666
882 45.70239248344825 60.81090665000762
883 45.70239248344825 68.36516373328733
884 45.70239248344825 76.33939276282715
885 45.70239248344825 75.91942081656701
886 45.70239248344825 68.3651637332873
887 45.70239248344825 77.05100269870469
888 45.70239248344825 83.47367789984668
889 45.70239248344825 104.19964923773762
890 45.70239248344825 53.25664956672794
891 45.70239248344825 68.36516373328733
892 45.70239248344825 140.75542358300584
893 45.70239248344825 53.256649566727944
894 45.70239248344825 53.25664956672794
895 45.70239248344825 45.70239248344823
896 45.70239248344825 53.25664956672791
897 45.70239248344825 68.36516373328733
898 45.70239248344825 45.70239248344823
899 45.70239248344825 68.36516373328735
900 45.70239248344825 53.2566495667279
901 45.70239248344825 45.70239248344823
902 45.70239248344825 60.81090665000762
903 45.70239248344825 60.81090665000762
904 45.70239248344825 60.81090665000762
905 45.70239248344825 91.0279349831264
906 45.70239248344825 114.10416725210118
907 45.70239248344825 55.17145117703643
908 45.70239248344825 83.47367789984668
909 45.70239248344825 82.83803831013152
910 45.70239248344825 88.08347832635216
911 45.70239248344825 76.03487862725754
912 45.70239248344825 119.22540306641822
913 45.70239248344825 71.44089229264307
914 45.688263696700425 68.71237869954894
915 45.688263696700425 61.039972536858656
916 45.688263696700425 83.18084655191964
917 45.688263696700425 83.47339532411173
918 45.688263696700425 86.4705575070512
919 45.688263696700425 75.91857308936211
920 45.66900348227109 68.36431600608243
921 45.66900348227109 45.70175001335064
922 45.66900348227109 83.476960784696
923 45.66900348227109 145.13787194241237
924 45.66900348227109 60.81016155135642
925 45.66900348227109 60.8142921634106
926 45.662508056053454 60.80883327760983
927 45.662508056053454 79.76412887492786
928 45.662508056053454 56.686136758686715
929 45.662508056053454 68.36877726248373
930 45.662508056053454 82.74013571729616
931 45.662508056053454 74.51297901172603
932 45.662508056053454 53.2477876178321
933 45.662508056053454 53.25156333400774
934 45.662508056053454 60.8047643399718
935 45.662508056053454 75.9087768265009
936 45.662508056053454 53.244892404560225
937 45.662508056053454 75.92413970830845
938 45.662508056053454 80.65467140001932
939 45.662508056053454 53.240799332404556
940 45.662508056053454 68.34807771699516
941 45.662508056053454 53.23878044684567
942 45.662508056053454 75.92167174504893
943 45.662508056053454 87.01627693963091
944 45.662508056053454 68.36099091717587
945 45.662508056053454 75.91760356418003
946 45.662508056053454 75.90103022509214
947 45.662508056053454 53.240927660384585
948 45.662508056053454 75.91460894085066
949 45.662508056053454 60.80198795300868
950 45.662508056053454 53.2430256665364
951 45.662508056053454 53.24557939861126
952 45.662508056053454 68.35952986406328
953 45.662508056053454 53.2455322457675
954 45.662508056053454 60.79692133727781
955 45.662508056053454 72.60418240546585
956 45.662508056053454 60.79825567984356
957 45.662508056053454 60.80059673759715
958 45.662508056053454 53.24553224576748
959 45.662508056053454 83.47808896833769
960 45.662508056053454 83.48718690401749
961 45.662508056053454 62.807266713673556
962 45.662508056053454 45.678910981192104
963 45.662508056053454 53.23398033797743
964 45.662508056053454 75.9047790417164
965 45.662508056053454 68.34894157205675
966 45.662508056053454 141.30953439500973
967 45.662508056053454 75.91589324393699
968 45.662508056053454 53.23726518557106
969 45.662508056053454 75.90915217815223
970 45.662508056053454 53.232788688823945
971 45.662508056053454 53.230937132244456
972 45.662508056053454 84.16555906343093
973 45.662508056053454 68.35065047264933
974 45.662508056053454 60.786722188255844
975 45.662508056053454 60.7869307992283
976 45.662508056053454 53.22719512916791
977 45.662508056053454 75.91235200457413
978 45.662508056053454 45.66878746973241
979 45.662508056053454 60.78952655957109
980 45.662508056053454 75.90842382274164
981 45.662508056053454 101.78800003707497
982 45.662508056053454 77.04134455448535
983 45.662508056053454 76.93632724911691
984 45.662508056053454 45.66564047041405
985 45.662508056053454 68.34843345009207
986 45.662508056053454 53.226136406089964
987 45.662508056053454 68.34869448462211
988 45.662508056053454 67.27674746395427
989 45.662508056053454 75.91023455841824
990 45.662508056053454 77.15084466545285
991 45.662508056053454 60.78611027270579
992 45.662508056053454 53.22613640608997
993 45.662508056053454 68.348172415562
994 45.662508056053454 60.785849238175736
995 45.662508056053454 53.224309164379605
996 45.662508056053454 45.66250805605343
997 45.662508056053454 45.66250805605343
998 45.662508056053454 60.78506613458557
999 45.662508056053454 77.92305647391773
