# iteración mejor promedio
0 1418.6950643396167 4236.247717693627
1 1149.7464599142868 3267.1394806716708
2 795.8558939036059 2466.533013987029
3 681.9957093053667 1973.5475986275922
4 451.13507110284513 1626.0930700525066
5 261.83026147251786 1284.8883763006131
6 261.83026147251786 1243.217290870989
7 257.4746546377455 1010.1328126088321
8 258.8640772501468 999.6895862902265
9 247.58273221128468 614.5212161817559
10 202.34618640407854 703.7518531815928
11 163.34487911530118 562.5999208217481
12 163.34487911530118 652.029934048128
13 158.51994627036578 411.2800602049265
14 158.51994627036578 589.1102465114326
15 138.69624161458307 482.63748143163605
16 122.56805802148844 672.2202892351602
17 122.56805802148844 703.2921047822475
18 120.96279845697022 323.23470531246045
19 120.96279845697022 395.09410319193853
20 120.96279845697022 381.776353357656
21 120.49417776403024 234.36187533679865
22 120.49417776403024 307.35572942068035
23 120.49417776403024 223.1225686010847
24 120.30529298703303 377.20870413554456
25 119.88465895493933 140.72518224168016
26 119.74861832316442 212.6683944279356
27 119.74861832316442 422.13978547460613
28 119.74861832316442 236.24975429277995
29 119.74861832316442 201.76961049420922
30 119.74861832316442 272.0088900693465
31 112.15045088720578 352.4821466966186
32 111.96142350670539 420.9988938514743
33 111.4100353053017 193.1391990924814
34 111.4100353053017 266.5684356927058
35 111.11775436098603 338.1831366386616
36 111.11775436098603 412.6336921267506
37 111.11775436098603 509.6194367410914
38 111.11775436098603 339.68861936128843
39 110.2084202243322 194.57725215983982
40 110.2084202243322 268.05508799534965
41 110.2084202243322 194.595229988985
42 110.15887066517945 413.7857951467353
43 109.97997032616834 195.60444140576584
44 109.58026837263 193.94760381873039
45 109.58026837263 193.88486579952902
46 109.57850752050021 336.9492500681707
47 109.5742692182551 264.59173116224997
48 109.52271836528848 260.68111447026445
49 109.52271836528848 408.9995576727589
50 109.52271836528848 262.1509589448831
51 109.52242862592247 114.47109100078727
52 109.52242862592247 187.12317121314135
53 109.65076370971266 263.12530013767633
54 109.65076370971266 187.8009019195333
55 109.32749799064688 336.15038450817474
56 109.32749799064688 261.30212397871935
57 109.23349524261701 331.13447581890534
58 109.23349524261701 111.43245455251586
59 109.18622557508047 185.62490010105293
60 109.07905728105186 110.86719542833643
61 109.02725135493517 331.99664707551443
62 109.02725135493517 339.9730379316397
63 109.02725135493517 428.2261692632838
64 109.02725135493517 184.53784130397773
65 109.02725135493517 333.3716787777578
66 109.02688451669303 184.39377947204957
67 109.02688451669303 258.6162964707207
68 109.02688451669303 332.86594850587426
69 109.02688451669303 407.2007689115129
70 109.02688451669303 184.05954069146614
71 109.02688451669303 109.87739358678296
72 109.02688451669303 333.0461133257727
73 109.02513242721677 258.3382136024256
74 109.02513242721677 184.00437504485515
75 109.02513242721677 109.51282244196511
76 109.02513242721677 332.75420989371264
77 109.02476558897462 333.058860702522
78 109.02476558897462 109.74697318136738
79 109.02476558897462 109.61918390846688
80 109.02476558897462 481.56694749019334
81 109.02476558897462 258.3671139150112
82 109.02400670569737 407.1596512098842
83 109.02400670569737 183.87925814476287
84 109.02363987072867 407.12838945604585
85 109.02363987072867 190.79514454376647
86 109.02411389282364 406.97765413077815
87 109.02187401344614 258.320244077172
88 109.021507175204 332.54109557136803
89 109.021507175204 183.6360525195773
90 109.021507175204 183.79912078746042
91 109.021507175204 258.16726435190327
92 109.021507175204 258.0405213179567
93 109.021507175204 183.63469865962117
94 109.021507175204 332.3329721479796
95 109.021507175204 406.60279602428824
96 109.021507175204 332.1955034763086
97 109.021507175204 332.2322702646529
98 109.021507175204 257.89823857925745
99 109.021507175204 183.48248002587877
100 109.021507175204 257.8320236062273
101 109.02085551254495 257.83391961664506
102 109.02085551254495 109.08102911431907
103 109.02085551254495 332.18221289672846
104 109.02085551254495 109.06149412423675
105 109.02085551254495 183.437154643491
106 109.02085551254495 183.4349107461326
107 109.02085551254495 109.04390123821621
108 109.02085551254495 183.43398907839943
109 109.02067701308133 332.19646276790974
110 109.02067701308133 183.41605567505866
111 109.02067701308133 406.5689159724554
112 109.02067701308133 183.41008171066997
113 109.02041601029454 332.18524658164114
114 109.02041601029454 365.51627470949074
115 109.02041601029454 283.05576940707107
116 109.02041601029454 257.7998496131916
117 109.02041601029454 406.57170626296306
118 109.02041601029454 257.79721800422465
119 109.02041601029454 257.80024302638844
120 109.02041601029454 183.4133737568721
121 109.02041601029454 109.02636709244754
122 109.02041601029454 257.79812445794596
123 109.02041601029454 183.41346903014616
124 109.02041601029454 266.02880990394914
125 109.02041601029454 183.41355686287258
126 109.02041601029454 183.41351783590537
127 109.02041601029454 183.41362420759594
128 109.02041601029454 183.41270277461396
129 109.02041601029454 332.18439716364844
130 109.02041601029454 109.02577085076517
131 109.02041601029454 257.79791667533465
132 109.02041601029454 257.7997312999841
133 109.02041601029454 332.1866871120042
134 109.02041601029454 109.02543049449945
135 109.02041601029454 109.02479950330273
136 109.02041601029454 406.5664700958008
137 109.02041601029454 257.7952060586155
138 109.0202375108309 332.1856571039391
139 109.0202375108309 183.4109047974368
140 109.0202375108309 183.40785270716705
141 109.0202375108309 555.3291302908634
142 109.0202375108309 431.57480043615993
143 109.0202375108309 183.41136268227507
144 109.0202375108309 257.79528352535345
145 109.0202375108309 183.41245412295586
146 109.0202375108309 257.79683625282763
147 109.0202375108309 109.02640334608765
148 109.0202375108309 406.57075728309866
149 109.0202375108309 183.41267171734358
150 109.0202375108309 109.0253932097848
151 109.0202375108309 109.02617354196003
152 109.0202375108309 109.02599027992358
153 109.0202375108309 183.4105959838909
154 109.0202375108309 257.8011200339529
155 109.0202375108309 183.41268565262118
156 109.0202375108309 555.3358408963695
157 109.0202375108309 183.40722975730677
158 109.0202375108309 257.7938340293439
159 109.0202375108309 480.9523565660031
160 109.0202375108309 332.17422132220105
161 109.0202375108309 257.7945815165427
162 109.0202375108309 109.02304330962077
163 109.0202375108309 109.02303460747925
164 109.0202375108309 332.18138099515426
165 109.0202375108309 704.0949834848266
166 109.0202375108309 187.8648604633619
167 103.51478717151153 187.43834360351636
168 103.51478717151153 257.68279995323957
169 103.51478717151153 406.6702958082218
170 103.51478717151153 292.831328776062
171 103.51478717151153 257.6004700055034
172 103.51478717151153 183.60058895813663
173 103.51478717151153 108.8688775312162
174 103.51478717151153 332.14640573997457
175 103.51478717151153 258.23630495473157
176 103.51478717151153 184.66102302167965
177 103.51478717151153 482.01360360867227
178 103.50573035618251 258.07974146818896
179 103.50573035618251 341.9139179479116
180 103.50573035618251 409.01300571599114
181 103.50573035618251 186.05083488187913
182 103.50573035618251 480.0204512237848
183 103.50573035618251 332.4016433378347
184 103.50573035618251 329.7816515049746
185 103.50573035618251 332.9758645960818
186 103.50573035618251 183.65267292700867
187 103.50573035618251 259.3945726155387
188 103.50573035618251 258.0380981446512
189 103.50573035618251 404.93167314820016
190 103.50573035618251 257.1409329550821
191 103.50558930542711 181.31899782028492
192 103.50558930542711 255.19665981620128
193 103.50558930542711 475.49910084742163
194 103.50558930542711 402.1457392123017
195 103.50545720398782 255.1335782933263
196 103.50545720398782 181.31987988395542
197 103.50545720398782 401.81105354974204
198 103.50545720398782 402.3985061619622
199 103.50545720398782 255.39016294023523
200 103.50545720398782 107.48036436073366
201 103.50545720398782 181.02786811768047
202 103.50545720398782 180.38755763961527
203 103.50545720398782 401.560182418944
204 103.50545720398782 106.74482063927066
205 103.50545720398782 106.4839441938278
206 103.50545720398782 179.77713930114257
207 103.50545720398782 326.5888648712531
208 103.50545720398782 326.2919886636787
209 103.50545720398782 179.18140686998314
210 103.50545720398782 252.8891586648069
211 103.50545720398782 325.46612683515906
212 103.50545720398782 252.24427112567352
213 103.50545720398782 104.32844419212174
214 103.50545720398782 398.99292717806463
215 103.50545720398782 325.8719163513877
216 103.50545720398782 331.7011665697243
217 103.50545720398782 325.26101409660555
218 103.50545720398782 399.0770835203163
219 103.50545720398782 251.42517009656095
220 103.50545720398782 251.19481343949198
221 103.50545720398782 251.19322217790742
222 103.50545720398782 251.1920885701833
223 103.50545720398782 398.87814316947055
224 103.50545720398782 398.8784388739418
225 103.50545720398782 325.0359930201947
226 103.50545720398782 337.23936636374935
227 103.50545720398782 251.1926946211604
228 103.50545720398782 251.1920686440912
229 103.50545720398782 325.0345783500338
230 103.50545720398782 251.19156101343623
231 103.50545720398782 251.19156101343634
232 103.50545720398782 251.1915264453097
233 103.50545720398782 325.0345092137806
234 103.50545720398782 257.1654077795333
235 103.50545720398782 128.94594670007302
236 103.50545720398782 103.50545720398796
237 103.50545720398782 103.50545720398796
238 103.50545720398782 103.50545720398796
239 103.50545720398782 251.19149187718315
240 103.50545720398782 103.50545720398796
241 103.50545720398782 546.5635612235733
242 103.50545720398782 251.19149187718315
243 103.50545720398782 325.03450921378067
244 103.50545720398782 251.19149187718307
245 103.50545720398782 251.19149187718315
246 103.50545720398782 103.50545720398796
247 103.50545720398782 251.19149187718307
248 103.50545720398782 251.19149187718315
249 103.50545720398782 251.19149187718307
250 103.50545720398782 251.19149187718315
251 103.50545720398782 325.03450921378067
252 103.50545720398782 103.50545720398796
253 103.50545720398782 251.19149187718307
254 103.50545720398782 325.0345092137808
255 103.50545720398782 177.34847454058553
256 103.50545720398782 325.03450921378067
257 103.50545720398782 103.50545720398796
258 103.50545720398782 398.87752655037826
259 103.50545720398782 251.19149187718315
260 103.50545720398782 251.19149187718307
261 103.50545720398782 251.19149187718318
262 103.50545720398782 325.0345092137806
263 103.50545720398782 177.34847454058553
264 103.50545720398782 251.19149187718307
265 103.50545720398782 251.19149187718307
266 103.50545720398782 177.34847454058553
267 103.50545720398782 325.03450921378067
268 103.50545720398782 103.50545720398796
269 103.50545720398782 103.50545720398796
270 103.50545720398782 177.34847454058558
271 103.50545720398782 398.8775265503783
272 103.50545720398782 251.19149187718307
273 103.50545720398782 177.34847454058553
274 103.50545720398782 177.34847454058553
275 103.50545720398782 472.7205438869758
276 103.50545720398782 177.34847454058553
277 103.50545720398782 177.34847454058553
278 103.50545720398782 325.0345092137806
279 103.50545720398782 398.87752655037826
280 103.50545720398782 251.19149187718315
281 103.50545720398782 177.34847454058553
282 103.50545720398782 325.0345092137808
283 103.50545720398782 398.87752655037826
284 103.50545720398782 251.1914918771831
285 103.50545720398782 325.03450921378067
286 103.50545720398782 325.03450921378067
287 103.50545720398782 251.19149187718315
288 103.50545720398782 251.19149187718315
289 103.50545720398782 325.03450921378067
290 103.50545720398782 325.03450921378067
291 103.50545720398782 325.03450921378067
292 103.50545720398782 251.19149187718307
293 103.50545720398782 325.03450921378067
294 103.50545720398782 325.0345092137806
295 103.50545720398782 251.19149187718315
296 103.50545720398782 251.19149187718307
297 103.50545720398782 251.19149187718315
298 103.50545720398782 325.03450921378067
299 103.50545720398782 263.09412935475075
300 103.50545720398782 412.61912147486464
301 103.50545720398782 251.19149187718307
302 103.50545720398782 177.34847454058558
303 103.50545720398782 103.50545720398796
304 103.50545720398782 177.34847454058553
305 103.50545720398782 251.19149187718318
306 103.50545720398782 103.50545720398796
307 103.50545720398782 177.34847454058553
308 103.50545720398782 325.03450921378067
309 103.50545720398782 251.19149187718315
310 103.50545720398782 325.03450921378067
311 103.50545720398782 251.19149187718307
312 103.50545720398782 251.19149187718307
313 103.50545720398782 177.34847454058553
314 103.50545720398782 103.50545720398796
315 103.50545720398782 177.34847454058553
316 103.50545720398782 177.34847454058556
317 103.50545720398782 251.19149187718315
318 103.50545720398782 325.03450921378067
319 103.50545720398782 177.34847454058553
320 103.50545720398782 251.19149187718307
321 103.50545720398782 177.34847454058553
322 103.50545720398782 325.0345092137806
323 103.50545720398782 177.34847454058553
324 103.50545720398782 264.16042006124934
325 103.50545720398782 103.50545720398796
326 103.50545720398782 103.50545720398796
327 103.50545720398782 398.87752655037826
328 103.50545720398782 398.8775265503783
329 103.50545720398782 251.19149187718307
330 103.50545720398782 177.34847454058553
331 103.50545720398782 177.34847454058553
332 103.50545720398782 398.87752655037826
333 103.50545720398782 325.03450921378067
334 103.50545720398782 103.50545720398796
335 103.50545720398782 177.34847454058556
336 103.50545720398782 341.0585259723055
337 103.50545720398782 325.03450921378067
338 103.50545720398782 398.87752655037826
339 103.50545720398782 183.89719093303415
340 103.50545720398782 251.1914918771831
341 103.50545720398782 325.03450921378067
342 103.50545720398782 251.19149187718315
343 103.50545720398782 325.0345092137806
344 103.50545720398782 103.50545720398796
345 103.50545720398782 177.34847454058553
346 103.50545720398782 177.34847454058556
347 103.50545720398782 325.03450921378067
348 103.50545720398782 325.0345092137808
349 103.50545720398782 325.0345092137806
350 103.50545720398782 325.03450921378067
351 103.50545720398782 251.19149187718315
352 103.50545720398782 251.19149187718307
353 103.50545720398782 177.34847454058553
354 103.50545720398782 325.03450921378067
355 103.50545720398782 251.19149187718307
356 103.50545720398782 251.19149187718307
357 103.50545720398782 398.8775265503783
358 103.50545720398782 330.5908732214732
359 103.50545720398782 251.1914918771831
360 103.50545720398782 250.96729875339756
361 103.50545720398782 177.34847454058558
362 103.50545720398782 325.0345092137806
363 103.50545720398782 325.0345092137806
364 103.50545720398782 177.34847454058553
365 103.50545720398782 251.19149187718307
366 103.50545720398782 177.34847454058553
367 103.50545720398782 398.87752655037826
368 103.50545720398782 251.19149187718315
369 103.50545720398782 103.50545720398796
370 103.50545720398782 177.34847454058553
371 103.50545720398782 251.19149187718318
372 103.50545720398782 177.34847454058553
373 103.50545720398782 177.34847454058553
374 103.50545720398782 325.0345092137806
375 103.50545720398782 472.7205438869758
376 103.50545720398782 177.34847454058553
377 103.50545720398782 398.87752655037826
378 103.50545720398782 477.87927839827245
379 103.50545720398782 188.53831857588332
380 103.50545720398782 132.60042044228706
381 103.50545720398782 325.0345092137806
382 103.50545720398782 325.0345092137806
383 103.50545720398782 325.0345092137808
384 103.50545720398782 325.0345092137806
385 103.50545720398782 251.19149187718307
386 103.50545720398782 620.4065785601709
387 103.50545720398782 251.19149187718315
388 103.50545720398782 325.0345092137808
389 103.50545720398782 407.2951137540217
390 103.50545720398782 310.7946813478249
391 103.50545720398782 177.34847454058553
392 103.50545720398782 472.72054388697586
393 103.50545720398782 325.03450921378067
394 103.50545720398782 103.50545720398796
395 103.50545720398782 251.19149187718307
396 103.50545720398782 398.87752655037826
397 103.50545720398782 251.19149187718315
398 103.50545720398782 325.03450921378067
399 103.50545720398782 103.50545720398796
400 103.50545720398782 251.19149187718315
401 103.50545720398782 329.7400738116178
402 103.50545720398782 177.34847454058553
403 103.50545720398782 251.19149187718315
404 103.50545720398782 103.50545720398796
405 103.50545720398782 398.87752655037826
406 103.50545720398782 472.72054388697586
407 103.50545720398782 251.19149187718307
408 103.50545720398782 251.19149187718315
409 103.50545720398782 103.50545720398796
410 103.50545720398782 325.0345092137806
411 103.50545720398782 325.03450921378067
412 103.50545720398782 251.1914918771831
413 103.50545720398782 251.19149187718307
414 103.50545720398782 398.87752655037826
415 103.50545720398782 251.19149187718307
416 103.50545720398782 251.19149187718307
417 103.50545720398782 103.50545720398796
418 103.50545720398782 177.34847454058553
419 103.50545720398782 325.03450921378067
420 103.50545720398782 103.50545720398796
421 103.50545720398782 177.34847454058553
422 103.50545720398782 546.5635612235734
423 103.50545720398782 177.34847454058553
424 103.50545720398782 325.03450921378067
425 103.50545720398782 325.03450921378067
426 103.50545720398782 251.19149187718307
427 103.50545720398782 251.19149187718315
428 103.50545720398782 325.0345092137806
429 103.50545720398782 325.0345092137806
430 103.50545720398782 325.03450921378067
431 103.50545720398782 325.03450921378067
432 103.50545720398782 325.03450921378067
433 103.50545720398782 103.50545720398796
434 103.50545720398782 177.34847454058553
435 103.50545720398782 177.34847454058553
436 103.50545720398782 251.19149187718315
437 103.50545720398782 251.19149187718315
438 103.50545720398782 398.87752655037826
439 103.50545720398782 251.19149187718307
440 103.50545720398782 177.34847454058558
441 103.50545720398782 177.34847454058553
442 103.50545720398782 177.34847454058553
443 103.50545720398782 177.34847454058553
444 103.50545720398782 251.19149187718315
445 103.50545720398782 177.34847454058553
446 103.50545720398782 251.19149187718318
447 103.50545720398782 325.03450921378067
448 103.50545720398782 177.34847454058558
449 103.50545720398782 251.19149187718318
450 103.50545720398782 325.03450921378067
451 103.50545720398782 177.34847454058556
452 103.50545720398782 251.19149187718315
453 103.50545720398782 103.50545720398796
454 103.50545720398782 251.19149187718307
455 103.50545720398782 251.1914918771831
456 103.50545720398782 177.34847454058553
457 103.50545720398782 177.34847454058556
458 103.50545720398782 404.7133999873001
459 103.50545720398782 251.19149187718315
460 103.50545720398782 398.8775265503783
461 103.50545720398782 251.19149187718315
462 103.50545720398782 398.87752655037826
463 103.50545720398782 177.34847454058553
464 103.50545720398782 103.50545720398796
465 103.50545720398782 177.34847454058553
466 103.50545720398782 103.50545720398796
467 103.50545720398782 177.34847454058556
468 103.50545720398782 251.19149187718315
469 103.50545720398782 251.19149187718318
470 103.50545720398782 398.87752655037815
471 103.50545720398782 251.19149187718307
472 103.50545720398782 103.50545720398796
473 103.50545720398782 251.19149187718315
474 103.50545720398782 325.03450921378067
475 103.50545720398782 325.03450921378067
476 103.50545720398782 398.8775265503783
477 103.50545720398782 177.34847454058553
478 103.50545720398782 325.03450921378067
479 103.50545720398782 103.50545720398796
480 103.50545720398782 103.50545720398796
481 103.50545720398782 177.34847454058553
482 103.50545720398782 251.19149187718307
483 103.50545720398782 325.03450921378067
484 103.50545720398782 103.50545720398796
485 103.50545720398782 325.03450921378067
486 103.50545720398782 177.34847454058553
487 103.50545720398782 251.19149187718318
488 103.50545720398782 251.19149187718307
489 103.50545720398782 325.03450921378067
490 103.50545720398782 398.87752655037826
491 103.50545720398782 251.19149187718315
492 103.50545720398782 103.50545720398796
493 103.50545720398782 325.03450921378067
494 103.50545720398782 251.19149187718307
495 103.50545720398782 103.50545720398796
496 103.50545720398782 546.5635612235733
497 103.50545720398782 325.03450921378067
498 103.50545720398782 251.19149187718307
499 103.50545720398782 177.34847454058556
500 103.50545720398782 251.19149187718307
501 103.50545720398782 251.19149187718307
502 103.50545720398782 325.0345092137806
503 103.50545720398782 177.34847454058553
504 103.50545720398782 103.50545720398796
505 103.50545720398782 251.19149187718315
506 103.50545720398782 177.34847454058553
507 103.50545720398782 251.19149187718315
508 103.50545720398782 325.03450921378067
509 103.50545720398782 251.19149187718315
510 103.50545720398782 325.0345092137806
511 103.50545720398782 398.80623133993305
512 103.50545720398782 177.34847454058553
513 103.50545720398782 103.50545720398796
514 103.50545720398782 251.19149187718307
515 103.50545720398782 177.34847454058556
516 103.50545720398782 251.19149187718307
517 103.50545720398782 251.19149187718307
518 103.50545720398782 177.34847454058558
519 103.50545720398782 251.19149187718315
520 103.50545720398782 325.03450921378067
521 103.50545720398782 177.34847454058558
522 103.50545720398782 177.34847454058553
523 103.50545720398782 251.19149187718307
524 103.50545720398782 251.19149187718315
525 103.50545720398782 177.34847454058553
526 103.50545720398782 251.19149187718307
527 103.50545720398782 251.19149187718307
528 103.50545720398782 398.87752655037815
529 103.50545720398782 251.19149187718315
530 103.50545720398782 177.34847454058556
531 103.50545720398782 398.87752655037826
532 103.50545720398782 325.0345092137808
533 103.50545720398782 398.87752655037815
534 103.50545720398782 251.19149187718318
535 103.50545720398782 331.2882282512477
536 103.50545720398782 203.96105758642486
537 103.50545720398782 179.329960468808
538 103.50545720398782 400.85900514643237
539 103.50545720398782 177.34847454506783
540 103.50545720398782 251.19149187718307
541 103.50545720398782 103.50545720398796
542 103.50545720398782 177.34847454058553
543 103.50545720398782 177.34847454058553
544 103.50545720398782 251.19149187718315
545 103.50545720398782 177.34847454058553
546 103.50545720398782 325.03450921378067
547 103.50545720398782 398.87752655037826
548 103.50545720398782 251.19149187718315
549 103.50545720398782 251.19149187718315
550 103.50545720398782 398.87752655037815
551 103.50545720398782 103.50545720398796
552 103.50545720398782 546.5635612235734
553 103.50545720398782 325.0345092137806
554 103.50545720398782 177.34847454058556
555 103.50545720398782 177.34847454058558
556 103.50545720398782 251.19149187718315
557 103.50545720398782 103.50545720398796
558 103.50545720398782 251.19149187718307
559 103.50545720398782 251.19149187718307
560 103.50545720398782 325.03450921378067
561 103.50545720398782 251.19149187718307
562 103.50545720398782 103.50545720398796
563 103.50545720398782 325.0345092137806
564 103.50545720398782 177.34847454058553
565 103.50545720398782 325.0345092137806
566 103.50545720398782 398.87752655037826
567 103.50545720398782 251.19149187718307
568 103.50545720398782 472.7205438869758
569 103.50545720398782 177.34847454058553
570 103.50545720398782 325.03450921378067
571 103.50545720398782 177.34847454058553
572 103.50545720398782 251.19149187718315
573 103.50545720398782 251.19149187718307
574 103.50545720398782 281.34658238161455
575 103.50545720398782 251.19149187718315
576 103.50545720398782 251.19149187718307
577 103.50545720398782 251.19149187718315
578 103.50545720398782 177.34847454058553
579 103.50545720398782 251.19149187718315
580 103.50545720398782 177.34847454058553
581 103.50545720398782 103.50545720398796
582 103.50545720398782 251.19149187718307
583 103.50545720398782 251.19149187718307
584 103.50545720398782 177.34847454058553
585 103.50545720398782 177.34847454058556
586 103.50545720398782 546.5635612235734
587 103.50545720398782 398.87752655037826
588 103.50545720398782 103.50545720398796
589 103.50545720398782 251.1914918771831
590 103.50545720398782 251.19149187718307
591 103.50545720398782 103.50545720398796
592 103.50545720398782 325.03450921378067
593 103.50545720398782 325.03450921378067
594 103.50545720398782 325.03450921378067
595 103.50545720398782 177.34847454058558
596 103.50545720398782 177.34847454058556
597 103.50545720398782 325.03450921378067
598 103.50545720398782 177.34847454058553
599 103.50545720398782 177.34847454058553
600 103.50545720398782 325.03450921378067
601 103.50545720398782 103.50545720398796
602 103.50545720398782 325.0345092137806
603 103.50545720398782 103.50545720398796
604 103.50545720398782 546.5635612235733
605 103.50545720398782 177.34847454058553
606 103.50545720398782 177.34847454058553
607 103.50545720398782 251.19149187718318
608 103.50545720398782 177.34847454058556
609 103.50545720398782 103.50545720398796
610 103.50545720398782 251.19149187718315
611 103.50545720398782 177.34847454058553
612 103.50545720398782 325.03450921378067
613 103.50545720398782 325.03450921378067
614 103.50545720398782 251.19149187718307
615 103.50545720398782 177.34847454058553
616 103.50545720398782 332.556699683166
617 103.50545720398782 251.19149187718318
618 103.50545720398782 177.34847454058553
619 103.50545720398782 472.72054388697586
620 103.50545720398782 177.34847454058553
621 103.50545720398782 546.5635612235734
622 103.50545720398782 251.19149187718318
623 103.50545720398782 325.03450921378067
624 103.50545720398782 325.0345092137806
625 103.50545720398782 103.50545720398796
626 103.50545720398782 325.03450921378067
627 103.50545720398782 103.50545720398796
628 103.50545720398782 103.50545720398796
629 103.50545720398782 103.50545720398796
630 103.50545720398782 398.87752655037826
631 103.50545720398782 251.19149187718315
632 103.50545720398782 103.50545720398796
633 103.50545720398782 325.03450921378067
634 103.50545720398782 472.72054388697586
635 103.50545720398782 325.03450921378067
636 103.50545720398782 398.87752655037826
637 103.50545720398782 503.91091044961684
638 103.50545720398782 103.50545720398796
639 103.50545720398782 177.34847454058553
640 103.50545720398782 177.34847454058553
641 103.50545720398782 325.03450921378067
642 103.50545720398782 103.50545720398796
643 103.50545720398782 398.87752655037826
644 103.50545720398782 325.03450921378067
645 103.50545720398782 325.03450921378067
646 103.50545720398782 325.0345092137806
647 103.50545720398782 177.34847454058558
648 103.50545720398782 177.34847454058553
649 103.50545720398782 546.5635612235733
650 103.50545720398782 330.8370466401612
651 103.50545720398782 177.34847454058553
652 103.50545720398782 251.19149187718315
653 103.50545720398782 177.34847454058556
654 103.50545720398782 325.0345092137806
655 103.50545720398782 177.34847454058556
656 103.50545720398782 251.19149187718315
657 103.50545720398782 398.87752655037826
658 103.50545720398782 398.87752655037826
659 103.50545720398782 325.0345092137806
660 103.50545720398782 251.19149187718315
661 103.50545720398782 325.0345092137806
662 103.50545720398782 251.19149187718315
663 103.50545720398782 325.0345092137808
664 103.50545720398782 398.87752655037826
665 103.50545720398782 251.19149187718318
666 103.50545720398782 341.9394611273429
667 103.50545720398782 103.50545720398796
668 103.50545720398782 177.34847454058558
669 103.50545720398782 251.19149187718315
670 103.50545720398782 177.34847454058558
671 103.50545720398782 325.03450921378067
672 103.50545720398782 177.34847454058553
673 103.50545720398782 251.19149187718307
674 103.50545720398782 177.34847454058553
675 103.50545720398782 177.34847454058553
676 103.50545720398782 103.50545720398796
677 103.50545720398782 177.34847454058553
678 103.50545720398782 177.34847454058553
679 103.50545720398782 251.19149187718315
680 103.50545720398782 251.19149187718318
681 103.50545720398782 103.50545720398796
682 103.50545720398782 325.03450921378067
683 103.50545720398782 103.50545720398796
684 103.50545720398782 177.34847454058553
685 103.50545720398782 177.34847454058556
686 103.50545720398782 177.34847454058553
687 103.50545720398782 103.50545720398796
688 103.50545720398782 177.34847454058556
689 103.50545720398782 251.19149187718315
690 103.50545720398782 251.19149187718318
691 103.50545720398782 325.03450921378067
692 103.50545720398782 208.53777537008187
693 103.50545720398782 472.7205438869758
694 103.50545720398782 398.87752655037826
695 103.50545720398782 103.50545720398796
696 103.50545720398782 177.34847454058553
697 103.50545720398782 103.50545720398796
698 103.50545720398782 325.03450921378067
699 103.50545720398782 177.34847454058553
700 103.50545720398782 103.50545720398796
701 103.50545720398782 251.19149187718315
702 103.50545720398782 251.19149187718307
703 103.50545720398782 337.10278823216265
704 103.50545720398782 103.50545720398796
705 103.50545720398782 251.19149187718318
706 103.50545720398782 398.87752655037826
707 103.50545720398782 251.19149187718315
708 103.50545720398782 177.34847454058553
709 103.50545720398782 251.1914918771831
710 103.50545720398782 103.50545720398796
711 103.50545720398782 177.34847454058556
712 103.50545720398782 177.34847454058556
713 103.50545720398782 251.19149187718307
714 103.50545720398782 255.31600747964742
715 103.50545720398782 398.87752655037826
716 103.50545720398782 325.03450921378067
717 103.50545720398782 103.50545720398796
718 103.50545720398782 251.19149187718307
719 103.50545720398782 479.56761731502394
720 103.50545720398782 196.56393234660317
721 103.50545720398782 398.87752655037826
722 103.50545720398782 398.87752655037826
723 103.50545720398782 553.9458275405868
724 103.50545720398782 251.19149187718307
725 103.50545720398782 251.19149187718307
726 103.50545720398782 251.19149187718315
727 103.50545720398782 177.34847454058553
728 103.50545720398782 177.34847454058553
729 103.50545720398782 325.03450921378067
730 103.50545720398782 325.03450921378067
731 103.50545720398782 325.0345092137808
732 103.50545720398782 251.19149187718307
733 103.50545720398782 251.19149187718315
734 103.50545720398782 177.34847454058553
735 103.50545720398782 177.34847454058553
736 103.50545720398782 103.50545720398796
737 103.50545720398782 177.34847454058553
738 103.50545720398782 325.03450921378067
739 103.50545720398782 325.03450921378067
740 103.50545720398782 103.50545720398796
741 103.50545720398782 325.0345092137806
742 103.50545720398782 103.50545720398796
743 103.50545720398782 325.0345092137806
744 103.50545720398782 325.03450921378067
745 103.50545720398782 251.19149187718315
746 103.50545720398782 177.34847454058558
747 103.50545720398782 398.87752655037826
748 103.50545720398782 251.19149187718307
749 103.50545720398782 251.19149187718318
750 103.50545720398782 251.19149187718315
751 103.50545720398782 398.8775265503783
752 103.50545720398782 398.8775265503783
753 103.50545720398782 251.19149187718307
754 103.50545720398782 325.03450921378067
755 103.50545720398782 177.34847454058556
756 103.50545720398782 177.34847454058553
757 103.50545720398782 398.87752655037826
758 103.50545720398782 103.50545720398796
759 103.50545720398782 177.34847454058553
760 103.50545720398782 325.03450921378067
761 103.50545720398782 325.0345092137806
762 103.50545720398782 251.19149187718315
763 103.50545720398782 251.19149187718315
764 103.50545720398782 325.03450921378067
765 103.50545720398782 257.6596862976389
766 103.50545720398782 406.26669761163777
767 103.50545720398782 112.32419566920143
768 103.50545720398782 177.34847454058553
769 103.50545720398782 338.8313184523046
770 103.50545720398782 325.03450921378067
771 103.50545720398782 177.34847454058553
772 103.50545720398782 103.50545720398796
773 103.50545720398782 472.7205438869758
774 103.50545720398782 177.34847454058558
775 103.50545720398782 363.6241788102283
776 103.50545720398782 251.19149187718315
777 103.50545720398782 398.87752655037826
778 103.50545720398782 177.34847454058553
779 103.50545720398782 103.50545720398796
780 103.50545720398782 251.19149187718307
781 103.50545720398782 325.03450921378067
782 103.50545720398782 325.0345092137808
783 103.50545720398782 338.1368476813558
784 103.50545720398782 177.34847454058553
785 103.50545720398782 325.03450921378067
786 103.50545720398782 444.6420914537687
787 103.50545720398782 251.19149187718307
788 103.50545720398782 177.34847454058553
789 103.50545720398782 325.0345092137808
790 103.50545720398782 103.50545720398796
791 103.50545720398782 103.50545720398796
792 103.50545720398782 251.19149187718307
793 103.50545720398782 177.34847454058553
794 103.50545720398782 694.2495958967685
795 103.50545720398782 265.1129675702222
796 103.50545720398782 103.50545720398796
797 103.50545720398782 325.03450921378067
798 103.50545720398782 251.19149187718307
799 103.50545720398782 398.8775265503783
800 103.50545720398782 329.15967618081334
801 103.50545720398782 181.80393851083608
802 103.50545720398782 253.41922386230843
803 103.50545720398782 181.93201452142068
804 103.50545720398782 472.85178030860084
805 103.50545720398782 251.3227282988081
806 103.50545720398782 325.03450921378067
807 103.50545720398782 398.87752655037826
808 103.50545720398782 251.1914918771831
809 103.50545720398782 398.87752655037826
810 103.50545720398782 251.19149187718307
811 103.50545720398782 177.34847454058556
812 103.50545720398782 398.87752655037815
813 103.50545720398782 177.34847454058553
814 103.50545720398782 251.19149187718318
815 103.50545720398782 325.03450921378067
816 103.50545720398782 251.1914918771831
817 103.50545720398782 177.34847454058553
818 103.50545720398782 251.19149187718307
819 103.50545720398782 251.19149187718315
820 103.50545720398782 177.34847454058558
821 103.50545720398782 177.34847454058558
822 103.50545720398782 398.87752655037826
823 103.50545720398782 103.50545720398796
824 103.50545720398782 251.19149187718307
825 103.50545720398782 325.0345092137806
826 103.50545720398782 337.1027469683642
827 103.50545720398782 398.87752655037826
828 103.50545720398782 177.34847454058556
829 103.50545720398782 251.19149187718315
830 103.50545720398782 251.19149187718318
831 103.50545720398782 325.0345092137806
832 103.50545720398782 352.90523459531994
833 103.50545720398782 103.50545720398796
834 103.50545720398782 325.03450921378067
835 103.50545720398782 325.03450921378067
836 103.50545720398782 325.03450921378067
837 103.50545720398782 251.19149187718315
838 103.50545720398782 177.34847454058553
839 103.50545720398782 398.8775265503783
840 103.50545720398782 472.7205438869758
841 103.50545720398782 325.0345092137806
842 103.50545720398782 398.87752655037826
843 103.50545720398782 251.19149187718307
844 103.50545720398782 177.34847454058553
845 103.50545720398782 177.34847454058553
846 103.50545720398782 177.34847454058553
847 103.50545720398782 472.7205438869758
848 103.50545720398782 251.19149187718315
849 103.50545720398782 251.19149187718315
850 103.50545720398782 398.87752655037826
851 103.50545720398782 325.03450921378067
852 103.50545720398782 177.34847454058553
853 103.50545720398782 398.87752655037815
854 103.50545720398782 177.34847454058553
855 103.50545720398782 177.34847454058553
856 103.50545720398782 325.03450921378067
857 103.50545720398782 251.19149187718315
858 103.50545720398782 251.19149187718315
859 103.50545720398782 325.0345092137808
860 103.50545720398782 177.34847454058553
861 103.50545720398782 177.34847454058553
862 103.50545720398782 325.03450921378067
863 103.50545720398782 251.19149187718307
864 103.50545720398782 177.34847454058553
865 103.50545720398782 251.19149187718307
866 103.50545720398782 472.7205438869758
867 103.50545720398782 336.0015711307827
868 103.50545720398782 103.50545720398796
869 103.50545720398782 325.03450921378067
870 103.50545720398782 251.1914918771831
871 103.50545720398782 177.34847454058556
872 103.50545720398782 251.19149187718315
873 103.50545720398782 251.19149187718307
874 103.50545720398782 325.03450921378067
875 103.50545720398782 177.34847454058553
876 103.50545720398782 325.0345092137806
877 103.50545720398782 251.19149187718307
878 103.50545720398782 546.5635612235734
879 103.50545720398782 251.19149187718315
880 103.50545720398782 398.87752655037826
881 103.50545720398782 251.19149187718315
882 103.50545720398782 251.19149187718315
883 103.50545720398782 177.34847454058553
884 103.50545720398782 325.0345092137806
885 103.50545720398782 103.50545720398796
886 103.50545720398782 472.72054388697586
887 103.50545720398782 177.34847454058553
888 103.50545720398782 177.34847454058558
889 103.50545720398782 472.7205438869758
890 103.50545720398782 251.19149187718315
891 103.50545720398782 251.19149187718315
892 103.50545720398782 177.34847454058553
893 103.50545720398782 103.50545720398796
894 103.50545720398782 472.7205438869758
895 103.50545720398782 409.69388772258685
896 103.50545720398782 325.03450921378067
897 103.50545720398782 103.50545720398796
898 103.50545720398782 251.19149187718307
899 103.50545720398782 103.50545720398796
900 103.50545720398782 177.34847454058553
901 103.50545720398782 251.19149187718315
902 103.50545720398782 325.0345092137806
903 103.50545720398782 251.19149187718307
904 103.50545720398782 103.50545720398796
905 103.50545720398782 251.19149187718307
906 103.50545720398782 177.34847454058553
907 103.50545720398782 251.19149187718307
908 103.50545720398782 251.19149187718307
909 103.50545720398782 103.50545720398796
910 103.50545720398782 251.19149187718315
911 103.50545720398782 177.34847454058553
912 103.50545720398782 251.19149187718315
913 103.50545720398782 103.50545720398796
914 103.50545720398782 251.19149187718315
915 103.50545720398782 325.03450921378067
916 103.50545720398782 103.50545720398796
917 103.50545720398782 251.19149187718307
918 103.50545720398782 177.34847454058556
919 103.50545720398782 103.50545720398796
920 103.50545720398782 177.34847454058556
921 103.50545720398782 398.87752655037826
922 103.50545720398782 251.19149187718307
923 103.50545720398782 472.72054388697575
924 103.50545720398782 398.87752655037815
925 103.50545720398782 177.34847454058553
926 103.50545720398782 103.50545720398796
927 103.50545720398782 325.0345092137808
928 103.50545720398782 251.19149187718315
929 103.50545720398782 251.19149187718307
930 103.50545720398782 251.19149187718307
931 103.50545720398782 177.34847454058553
932 103.50545720398782 251.1914918771831
933 103.50545720398782 398.87752655037826
934 103.50545720398782 344.20940418229054
935 103.50545720398782 398.87752655037826
936 103.50545720398782 177.34847454058553
937 103.50545720398782 251.19149187718315
938 103.50545720398782 103.50545720398796
939 103.50545720398782 177.34847454058558
940 103.50545720398782 472.7205438869758
941 103.50545720398782 251.19149187718315
942 103.50545720398782 177.34847454058553
943 103.50545720398782 251.19149187718307
944 103.50545720398782 251.19149187718307
945 103.50545720398782 325.0345092137808
946 103.50545720398782 103.50545720398796
947 103.50545720398782 177.34847454058553
948 103.50545720398782 251.19149187718307
949 103.50545720398782 177.34847454058553
950 103.50545720398782 251.19149187718307
951 103.50545720398782 177.34847454058553
952 103.50545720398782 251.19149187718315
953 103.50545720398782 251.19149187718307
954 103.50545720398782 177.34847454058553
955 103.50545720398782 103.50545720398796
956 103.50545720398782 103.50545720398796
957 103.50545720398782 325.0345092137806
958 103.50545720398782 325.03450921378067
959 103.50545720398782 177.34847454058553
960 103.50545720398782 177.34847454058553
961 103.50545720398782 177.34847454058556
962 103.50545720398782 404.78306834267636
963 103.50545720398782 251.19149187718315
964 103.50545720398782 398.87752655037826
965 103.50545720398782 103.50545720398796
966 103.50545720398782 177.34847454058553
967 103.50545720398782 177.34847454058553
968 103.50545720398782 177.34847454058553
969 103.50545720398782 251.19149187718307
970 103.50545720398782 251.19149187718315
971 103.50545720398782 257.09694069312025
972 103.50545720398782 177.34847454058558
973 103.50545720398782 103.50545720398796
974 103.50545720398782 251.19149187718315
975 103.50545720398782 398.87752655037826
976 103.50545720398782 546.5635612235733
977 103.50545720398782 177.34847454058553
978 103.50545720398782 251.19149187718315
979 103.50545720398782 335.9274851677281
980 103.50545720398782 177.34847454058553
981 103.50545720398782 251.19149187718315
982 103.50545720398782 251.19149187718315
983 103.50545720398782 325.0345092137806
984 103.50545720398782 103.50545720398796
985 103.50545720398782 325.0345092137808
986 103.50545720398782 103.50545720398796
987 103.50545720398782 325.0345092137806
988 103.50545720398782 251.19149187718307
989 103.50545720398782 103.50545720398796
990 103.50545720398782 177.34847454058553
991 103.50545720398782 103.50545720398796
992 103.50545720398782 251.19149187718315
993 103.50545720398782 177.34847454058553
994 103.50545720398782 251.19149187718307
995 103.50545720398782 325.03450921378067
996 103.50545720398782 103.50545720398796
997 103.50545720398782 103.50545720398796
998 103.50545720398782 177.34847454058558
999 103.50545720398782 325.03450921378067
