# iteración mejor promedio
0 282.5660887406164 439.80465626962797
1 278.9665058473604 431.4993343562672
2 278.9665058473604 430.8386370485342
3 254.99606527965827 424.2840272470193
4 233.62161928844333 412.30011712262376
5 233.62161928844333 405.46082707799405
6 233.62161928844333 399.5528396211786
7 233.62161928844333 392.2741707111729
8 233.62161928844333 388.6792386964558
9 233.62161928844333 378.61133708719274
10 233.62161928844333 374.6964606032209
11 233.62161928844333 373.978143802744
12 233.62161928844333 359.2618326767457
13 233.62161928844333 352.3645038895195
14 233.62161928844333 340.6378611121269
15 224.36042652294918 333.65186183931064
16 220.4746064494783 334.6127338719341
17 212.354729795914 326.1395795346862
18 202.71845268141493 323.09035554686545
19 202.71845268141493 318.8598471544165
20 202.71845268141493 310.032110005503
21 181.33095703777866 305.66741552996643
22 181.33095703777866 303.29735277369616
23 170.95791432063584 298.7129701078339
24 170.95791432063584 287.7008856181786
25 170.57324816533753 279.45526603576974
26 168.87876877981657 268.5501448928898
27 168.87876877981657 261.96602243410706
28 153.38508288746877 256.61293711775676
29 153.38508288746877 250.13234651733993
30 148.88455008979494 242.718107324958
31 137.57051147327488 236.24151415382048
32 137.57051147327488 230.00956711251638
33 137.12550392392575 226.42881358916048
34 137.12550392392575 217.76237053752976
35 126.47544156617293 214.06431988598573
36 124.455652537939 210.2482540561112
37 124.455652537939 206.7566173903833
38 124.24612777622666 202.42302362280526
39 122.99429311846957 196.6440862486219
40 122.99429311846957 194.3716248065722
41 122.99429311846957 191.2284433887238
42 119.90186298203703 185.87466552049995
43 116.48539802839299 179.79421417894025
44 103.39700180021323 174.62431476993982
45 103.39700180021323 170.28407485211972
46 103.39700180021323 166.7066041701828
47 103.39700180021323 166.60087652113612
48 95.32093850683377 161.78185815916072
49 95.32093850683377 158.11430746340747
50 88.95751100352128 155.57448665810085
51 88.95751100352128 151.56048869898686
52 88.95751100352128 149.88515992315743
53 88.95751100352128 147.5641120019648
54 85.69921754162957 144.98718887386121
55 85.69921754162957 140.97656340637153
56 77.30971321013457 135.7224411140789
57 74.26247765706776 130.4604398716868
58 74.26247765706776 130.39092589029002
59 74.26247765706776 127.95101500203826
60 73.74087324460544 124.8293520083813
61 73.74087324460544 125.1399931602361
62 73.74087324460544 126.30002346548208
63 73.61920906156612 118.14138355705458
64 73.61920906156612 113.5484868934995
65 73.61920906156612 112.14273145262834
66 73.61920906156612 109.80669236477594
67 69.42632383023349 108.35894925764899
68 69.42632383023349 106.54624356478723
69 69.42632383023349 103.52238615393642
70 69.42632383023349 102.63993826157721
71 63.93186476709288 100.64860460892396
72 63.93186476709288 97.80289513579946
73 63.93186476709288 93.45841625607525
74 62.43193084874374 92.32898310689602
75 62.43193084874374 91.07945745375788
76 62.43193084874374 89.656945112223
77 61.695910965018214 88.26516846430584
78 60.666230440165734 86.49850389125751
79 57.72539294678798 84.15017591649392
80 57.72539294678798 82.62528986620659
81 57.72539294678798 80.98764816354976
82 57.72539294678798 80.49268675914324
83 57.72539294678798 80.28287146335117
84 54.062755000939255 80.37770216867933
85 54.062755000939255 77.93035740808332
86 53.886750510656974 77.07960272653007
87 53.886750510656974 77.12019137050251
88 49.50951650211422 77.22305421329857
89 49.50951650211422 76.11755100341139
90 49.50951650211422 75.6123229852436
91 49.50951650211422 75.6678123528435
92 49.50951650211422 75.50551947099079
93 49.50951650211422 74.56193554201768
94 49.50624207208985 73.93604194902196
95 49.50624207208985 74.79543265610027
96 49.50624207208985 74.12321112866096
97 49.50624207208985 71.98668820090558
98 46.80457105289539 70.67911871271318
99 46.80457105289539 69.70710323065185
100 46.80457105289539 69.49209049829324
101 46.80457105289539 69.33790435916623
102 46.80457105289539 69.56546440892997
103 46.19985285600594 68.54738492439975
104 46.19985285600594 70.39497337415081
105 46.19985285600594 67.80616238995682
106 46.19985285600594 67.88219803574776
107 46.19985285600594 67.54805522238617
108 46.19985285600594 67.2504808030979
109 45.074233243672445 66.43336433437179
110 45.074233243672445 64.82583014089668
111 43.2821558977637 63.90736943284475
112 43.2821558977637 63.37056228034527
113 43.2821558977637 62.81095656021807
114 43.2821558977637 63.59134726411052
115 41.836556168225954 62.62726480748184
116 41.836556168225954 62.01338960837998
117 41.836556168225954 62.162404703018645
118 40.7110832120941 61.10611928830628
119 40.7110832120941 60.1803902909022
120 40.7110832120941 61.390212335365824
121 40.7110832120941 60.22429607919441
122 40.7110832120941 58.94484646789176
123 40.7110832120941 59.085080056275956
124 40.7110832120941 57.351411206100046
125 40.7110832120941 57.76647728385554
126 38.504885683709304 57.8919400346373
127 38.504885683709304 56.58037240275552
128 37.61403350282204 56.631476701298524
129 37.61403350282204 56.68106561237023
130 37.61403350282204 56.100165307855086
131 37.61403350282204 56.282535102457175
132 37.61403350282204 56.56228034551918
133 37.270648584091845 54.73668308356593
134 37.270648584091845 55.57275710720257
135 36.438801644362705 55.16361764103019
136 36.438801644362705 54.5743933695746
137 36.438801644362705 53.70012260784858
138 36.438801644362705 52.694929964966235
139 36.438801644362705 51.862662288143326
140 36.115850801540724 49.38516743934043
141 36.115850801540724 47.29421028817637
142 36.115850801540724 47.37748605164655
143 36.115850801540724 48.13991741570494
144 35.864437191886495 47.75127581357884
145 35.864437191886495 48.597459579609186
146 35.864437191886495 47.9150974016881
147 35.864437191886495 47.62220064249755
148 35.39051586235423 47.23307334787885
149 35.39051586235423 48.18253921738355
150 35.39051586235423 48.57401478211234
151 34.76337322839514 48.19801005485396
152 32.950764885851 47.35545875395136
153 31.95264350235269 48.00158270884418
154 31.800187600047614 47.5521505261595
155 31.624531523363114 46.75043859376543
156 31.575460120385934 48.51170166912834
157 31.575460120385937 49.47824406271674
158 28.711592422471174 46.68452219794337
159 28.711592422471174 45.904066282618395
160 28.711592422471174 46.27972021564092
161 27.047778767517457 44.85314719455232
162 25.67144153688895 43.31157540847464
163 24.638733521443292 41.63132134622336
164 24.638733521443292 41.396552618665304
165 22.66141454177766 42.049280479285045
166 22.66141454177766 40.860154800293586
167 22.66141454177766 40.221388521057214
168 22.661289952179676 41.02406255523725
169 22.661289952179676 40.822310056630634
170 22.661289952179676 41.53598479755138
171 22.661289952179676 40.34011197026993
172 22.535849057413397 39.25808858775598
173 22.275595674192555 36.86169853459275
174 22.275595674192555 34.51155474922854
175 22.275595674192555 33.48362417874966
176 22.275595674192555 33.905193672386815
177 22.275595674192555 33.53878174743534
178 22.076091772625638 32.17397735421438
179 22.076091772625638 31.895302864849825
180 22.076091772625638 32.28956454167649
181 21.818323814369418 31.93917287706228
182 21.818323814369418 31.681150794563713
183 21.818323814369418 30.549908132035615
184 21.61227164880053 30.135375420254558
185 21.508658172446182 30.068197667030017
186 21.508658172446182 29.065414373255013
187 21.508658172446182 29.132093018170735
188 21.04387075735307 28.414011102475556
189 21.04387075735307 29.89617305748559
190 21.04387075735307 28.990144577016807
191 20.91252230395129 28.72014361217222
192 20.91252230395129 27.760197951753085
193 20.91252230395129 28.604244346519213
194 20.91252230395129 28.93665264107767
195 20.55395756712501 26.806771417810307
196 20.55395756712501 26.959168907394933
197 20.55395756712501 26.82806294795093
198 20.55395756712501 26.470486171006076
199 20.397001794293214 26.702068422555673
200 20.397001794293214 27.45668485616235
201 20.397001794293214 27.054339194406058
202 20.391129573849863 27.53181508304814
203 20.391129573849863 27.350422417987104
204 20.391129573849863 26.16196410168457
205 18.964259527749316 26.70092754971987
206 18.964259527749316 25.81841662020618
207 18.831157973795886 25.858319927416414
208 18.831157973795886 26.512923059853215
209 18.831157973795886 25.94989704055724
210 18.831157973795886 26.731582341849325
211 18.831157973795886 26.25846087111089
212 18.831157973795886 26.051377611236283
213 18.656104970495225 26.478042927312266
214 18.656104970495225 26.301031056824872
215 18.081770331096383 27.067052269914754
216 18.04971653929741 27.041889286658552
217 18.04971653929741 27.853007011901592
218 18.000945981991336 26.624729306353156
219 17.98442345498923 25.352181155738123
220 17.98442345498923 25.260579570236533
221 17.699132554107525 25.66108998713855
222 17.699132554107525 25.855659667926428
223 17.699132554107525 25.401679192756617
224 16.46560946825207 24.936018993059356
225 16.46560946825207 24.842649816730553
226 16.46560946825207 25.319294081662346
227 16.46560946825207 24.310137749461223
228 16.35534147997894 24.341111546710323
229 16.35534147997894 23.728442031212957
230 15.521151531210391 23.849136723048804
231 15.521151531210391 23.942167876607137
232 15.474949386038206 23.589139618329206
233 15.474949386038206 23.770769869633273
234 15.474949386038206 24.039614601575245
235 15.474949386038206 23.48449924329087
236 15.474949386038206 23.89444824900529
237 15.474949386038206 23.095560924498415
238 15.474949386038206 22.49421861715095
239 15.474949386038206 23.09072862476199
240 15.193166578600891 22.32921815715395
241 15.193166578600891 21.54319764606467
242 14.935989899143872 21.76823832379776
243 14.935989899143872 22.569305493785166
244 14.935989899143872 22.08161560575078
245 14.935989899143872 21.85036473448258
246 14.779514879355128 21.99847828534361
247 14.337581592898907 22.3855381667375
248 13.81810804455883 21.56297709971965
249 13.81810804455883 21.116987552768073
250 13.814708052736592 21.642972859250673
251 13.814708052736592 20.475135164996725
252 13.814708052736592 20.78363867766104
253 13.814708052736592 20.8812441430458
254 13.783481250052857 23.433349937370505
255 13.608518752264201 22.49530573290356
256 13.608518752264201 21.652269498802433
257 13.608518752264201 20.617875147439094
258 13.608518752264201 20.728837282881656
259 13.608518752264201 21.710469283468928
260 13.608518752264201 21.041088403863615
261 13.608518752264201 20.627941923091395
262 13.608518752264201 21.224436169357368
263 13.608518752264201 19.845625167344114
264 13.371799496104313 19.113131553964685
265 13.371799496104313 19.352528230963024
266 13.371799496104313 20.60376154086713
267 13.371799496104313 19.763347562084952
268 13.371799496104313 19.112506234423847
269 13.004866552780273 19.46749643757413
270 13.004866552780273 19.15516511305317
271 13.004866552780273 19.43730824688127
272 13.004866552780273 19.72236068928801
273 13.004866552780273 20.282837574795312
274 13.004866552780273 20.595929419037326
275 13.004866552780273 19.202927379954087
276 13.004866552780273 18.8849441462288
277 13.004866552780273 18.020832667467186
278 12.75640153649152 17.95778209337935
279 12.75640153649152 18.367932687440636
280 12.75640153649152 17.845184919270775
281 12.633322861517717 18.680721652360287
282 12.633322861517717 17.635764405221305
283 12.633322861517717 18.712095644295232
284 12.633322861517717 18.76673506303969
285 12.633322861517717 19.151245014711606
286 12.611437139948313 17.97773745087763
287 12.611437139948313 18.37041443458783
288 12.611437139948313 18.0268350283519
289 12.570567663227278 18.176018055250594
290 12.541477058449656 17.531531207164576
291 12.541477058449656 17.232021339479
292 12.537272154844716 17.81720590853716
293 12.40121198597753 18.13569308235213
294 12.29327296973598 17.11941100107983
295 12.29327296973598 17.046687277730758
296 12.077680977886097 16.356535544262456
297 12.077680977886097 17.490839445144825
298 11.704934758574773 17.320601509024176
299 11.121577987626983 16.68670060643499
300 11.112434538180567 15.839586173549533
301 11.103170715558829 14.81101763009893
302 11.103170715558829 16.786849787313187
303 11.103170715558829 15.71262262943404
304 11.103170715558829 15.284350306350527
305 11.103170715558829 15.831910531547017
306 10.92977492012017 15.88183674060133
307 10.92977492012017 15.737537413187816
308 10.92977492012017 15.592087347611432
309 10.883796950353092 15.583416144567266
310 10.883796950353092 15.434313061249064
311 10.883796950353092 16.139390100768708
312 10.883796950353092 16.83943905148663
313 10.883796950353092 16.95422032015982
314 10.883796950353092 17.269491290526688
315 10.883796950353092 15.336755178052831
316 10.883796950353092 15.31918995677853
317 10.835960892684858 16.15971459222157
318 10.835960892684858 16.335124561355357
319 10.835960892684858 15.612496994708302
320 10.835960892684858 14.848406606243522
321 10.835960892684858 14.162152808216328
322 10.835960892684858 14.451585908128529
323 10.835960892684858 14.788027403139111
324 10.77576560725954 14.51766237416482
325 10.77576560725954 15.081400098234608
326 10.77576560725954 13.620667593224455
327 10.77576560725954 15.197507325680794
328 10.50292477244366 13.825150872525255
329 10.50292477244366 14.966059962500665
330 10.50292477244366 15.716450096503968
331 10.50292477244366 14.455829495434
332 10.412128917269193 13.59509811935675
333 10.412128917269193 14.53520782285927
334 10.412128917269193 14.458945426959728
335 10.237451266351362 14.524366744913163
336 10.237451266351362 14.178131240494096
337 10.237451266351362 14.173394067440743
338 10.237451266351362 13.445783380070868
339 10.237451266351362 14.304215568976629
340 10.237451266351362 13.326574050783309
341 10.237451266351362 13.17081261533125
342 10.192800089647827 13.266392793467503
343 10.089001502421636 13.586430184330723
344 10.089001502421636 14.047191620378582
345 10.089001502421636 13.651653645656655
346 10.089001502421636 14.131128565249021
347 10.089001502421636 13.91582292798645
348 10.066341415928106 14.321633547388235
349 10.055177924040779 13.918882318955438
350 9.976240101037106 13.42473634996636
351 9.976240101037106 13.71225606547835
352 9.976240101037106 12.740018051606064
353 9.976240101037106 12.937881204321213
354 9.871841581354923 12.732773605336174
355 9.871841581354923 12.252569125728677
356 9.871841581354923 12.58595027535106
357 9.871841581354923 13.398114950727802
358 9.871841581354923 13.282952336190945
359 9.871841581354923 12.874839465690757
360 9.871841581354923 14.430984749050092
361 9.871841581354923 12.180507138287325
362 9.871841581354923 12.997668437245492
363 9.871841581354923 14.008487026397333
364 9.871841581354923 13.696015771444861
365 9.871841581354923 12.766218046039294
366 9.871841581354923 12.375167070495586
367 9.871841581354923 12.34700698062158
368 9.871841581354923 12.734321927517897
369 9.870764752457053 12.815174578748064
370 9.825534672469967 13.557903397887658
371 9.825534672469967 13.915153477013137
372 9.825534672469967 12.773139512442997
373 9.825534672469967 12.793980881601732
374 9.701126264360596 12.907731533743378
375 9.701126264360596 12.842090607872453
376 9.517788255342655 13.263889113299019
377 9.517788255342655 13.336661405789453
378 9.517788255342655 12.647389180702467
379 9.517788255342655 12.251184507148873
380 9.395900900486003 12.514482985362582
381 9.395900900486003 12.86439211517772
382 9.395900900486003 13.656565584866128
383 9.395900900486003 12.764616917008352
384 9.375208098870859 13.18100438403311
385 9.375208098870859 12.704046812546853
386 9.350314054271779 12.542166405007606
387 9.350314054271779 12.431358035973801
388 9.350314054271779 13.554700523742099
389 9.340517334638815 13.614265100469874
390 9.327949197652016 12.93291266844826
391 9.327949197652016 12.985569237992728
392 9.066808701509887 12.826476779559373
393 9.066808701509887 12.959487849574712
394 9.06223265895263 13.16278773538347
395 9.06223265895263 12.698383296032029
396 8.776373141838713 13.071917722925145
397 8.776373141838713 12.736920397506237
398 8.776373141838713 13.43003629889903
399 8.776373141838713 12.597460481692835
400 8.761377120999011 13.74426371844552
401 8.761377120999011 13.33072223770774
402 8.761377120999011 13.04476127573477
403 8.761377120999011 13.702431844579616
404 8.708860746105174 13.002441960353263
405 8.661586203070367 13.005718361768091
406 8.606648902477803 13.818963368454087
407 8.606648902477803 13.431294724510183
408 8.606648902477803 12.31844224236799
409 8.606648902477803 12.295603275834592
410 8.606648902477803 13.061011956159362
411 8.606648902477803 12.256874012731684
412 8.606648902477803 13.809203153389092
413 8.606648902477803 12.577434522659376
414 8.606648902477803 12.131747161504725
415 8.606648902477803 11.616994608405102
416 8.606648902477803 11.536059472114186
417 8.606648902477803 11.565991063930655
418 8.606648902477803 10.63310839254892
419 8.606648902477803 11.717734213156549
420 8.606648902477803 11.599038482937448
421 8.606648902477803 11.748018920596905
422 8.606648902477803 10.825812919101425
423 8.606648902477803 12.401814153919485
424 8.606648902477803 12.149767029493901
425 8.606648902477803 12.188004713569587
426 8.606648902477803 11.8829163623297
427 8.606648902477803 12.82155238180839
428 8.606648902477803 12.042428257045415
429 8.606648902477803 11.155947682215976
430 8.606648902477803 10.84840459245487
431 8.606648902477803 11.219482879805044
432 8.606648902477803 10.967434635355508
433 8.606648902477803 11.752492807904552
434 8.606648902477803 11.423111292105999
435 8.553895262301205 11.893053670869882
436 8.553895262301205 11.774955500783314
437 8.553895262301205 11.682614547353282
438 8.553895262301205 11.394172956426782
439 8.54885406632867 10.88757059880581
440 8.54885406632867 11.32152653597113
441 8.54885406632867 10.8434513642765
442 8.54885406632867 11.852373748791907
443 8.54885406632867 11.383997391591214
444 8.54885406632867 11.555279145521473
445 8.54885406632867 11.67404270325049
446 8.54885406632867 11.828526589305373
447 8.54885406632867 11.733422815462491
448 8.54885406632867 11.59326232722268
449 8.54885406632867 12.21155369460707
450 8.54885406632867 12.043011894552684
451 8.54885406632867 11.66430232760938
452 8.54885406632867 10.919511702956683
453 8.548611366494466 11.57710855091854
454 8.548611366494466 11.025849519066671
455 8.548611366494466 11.857683381454452
456 8.548611366494466 11.588233901186898
457 8.51722849393307 10.923568060103067
458 8.51722849393307 10.537554478429781
459 8.51722849393307 10.844829011108198
460 8.51722849393307 11.100831580968205
461 8.51722849393307 10.789972088139258
462 8.51722849393307 11.098208076056427
463 8.51722849393307 11.815531979878935
464 8.51722849393307 12.873497120471583
465 8.459139275202515 11.450881276490707
466 8.2651772722757 11.252506076159762
467 8.238170668650115 10.366755270519151
468 8.238170668650115 11.000488045192471
469 8.238170668650115 11.136898606773808
470 8.23285347159325 10.896408312477716
471 8.191034958202948 11.732193406908639
472 8.148447374547793 10.199370771854309
473 8.148447374547793 10.766769524551146
474 8.148447374547793 10.766550772216668
475 8.148447374547793 10.286797654552245
476 8.148447374547793 10.820715728512262
477 8.148447374547793 10.768768470500675
478 8.148447374547793 10.37287368499133
479 8.148447374547793 10.805276264233813
480 8.148447374547793 12.271684727009001
481 8.148447374547793 12.809672843638388
482 8.148447374547793 10.446510155215815
483 8.148447374547793 10.509608882888076
484 8.148447374547793 10.193985722189908
485 8.145375913324925 10.091916858040403
486 8.145375913324925 10.327245689147622
487 8.145375913324925 10.470113802381848
488 8.145375913324925 10.468306132678986
489 8.145375913324925 10.016482519840933
490 8.145375913324925 10.58406583035764
491 8.145375913324925 11.001908525642447
492 8.145375913324925 10.210921579806197
493 8.145375913324925 11.043956595678992
494 8.145375913324925 11.410608323817405
495 8.145375913324925 12.222824544817426
496 8.145242326437284 11.31332309915793
497 8.14515983471399 11.504270356670313
498 8.14515983471399 10.280623760681346
499 8.1430705152873 11.528471234528062
500 8.1430705152873 11.261518526963073
501 8.1430705152873 10.743142400526747
502 8.141578303376953 10.246361927539025
503 8.141578303376953 9.7247167482097
504 8.141578303376953 10.042070900347985
505 8.141578303376953 10.650919605589372
506 8.141578303376953 10.453283980287127
507 8.141578303376953 11.318257855832165
508 8.141578303376953 10.963902167361306
509 8.141578303376953 10.746252415748295
510 8.141578303376953 12.231918852000717
511 8.06619671835995 9.966415266282592
512 8.059325334408582 9.764300917502764
513 8.059325334408582 10.070282946166568
514 8.059325334408582 10.28198668138872
515 8.059325334408582 10.407594908095914
516 8.0592135953278 10.832048277498828
517 7.534257075148785 10.04694475707116
518 7.4540956593637535 10.673980198706941
519 7.430467858349427 9.928369443740724
520 7.430467858349427 10.750519535112558
521 7.430467858349427 10.68914058844343
522 7.430467858349427 10.478084294686276
523 7.430467858349427 11.862413328481512
524 7.430467858349427 10.137968962845033
525 7.4000140140625845 9.90915295249689
526 7.4000140140625845 9.884410780257804
527 7.4000140140625845 10.791139347453143
528 7.248593371950988 10.042514419648631
529 7.248593371950988 10.07507918745528
530 7.248593371950988 10.083348744675535
531 7.248593371950988 10.442048649366331
532 7.248593371950988 11.190121895970844
533 7.248272373641855 10.900571883759588
534 7.248272373641855 11.199354064188583
535 7.248272373641855 11.388564983077337
536 7.248272373641855 11.70768870087489
537 7.221162849935646 9.836208921595507
538 7.221162849935646 9.409282526512639
539 7.221162849935646 9.587124268862423
540 7.221162849935646 9.540580606431467
541 7.159141703055905 9.889507723345359
542 7.048569872152939 10.7418400438568
543 7.048569872152939 9.861501130006586
544 7.048569872152939 8.84997219901354
545 7.048569872152939 9.17301654025569
546 7.048569872152939 8.906709471713864
547 7.048569872152939 9.22267124577088
548 7.048569872152939 8.531570986092076
549 7.048569872152939 9.389398620898904
550 7.048569872152939 10.04839135695435
551 7.048569872152939 9.339192478257882
552 7.00199857640457 9.347987446187467
553 7.00199857640457 8.97415686929752
554 7.00199857640457 10.231601725614064
555 6.993108512265168 10.541822726694745
556 6.993108512265168 10.430531685673444
557 6.993108512265168 9.600764816532148
558 6.993108512265168 9.015772346449324
559 6.899847406269472 8.940684178987496
560 6.899847406269472 10.375304079086828
561 6.899847406269472 9.572632600588294
562 6.840382259935234 9.638350363183417
563 6.7788321562707905 9.592733017419988
564 6.722642038093797 8.920979412326616
565 6.105393137716611 9.148738840730006
566 6.105393137716611 8.940401508850428
567 6.105393137716611 8.861996998632762
568 6.105393137716611 8.744682884411501
569 6.011635010416769 8.00699068313091
570 6.011635010416769 8.04990551049539
571 6.011635010416769 8.445273900208777
572 6.011635010416769 8.60331378163672
573 6.011635010416769 8.874446825158788
574 5.819817081116505 8.787650145794506
575 5.723652488509682 8.29085150107992
576 5.723652488509682 9.744159864708818
577 5.723652488509682 8.315179139814203
578 5.720897670079823 7.8021597384907855
579 5.720897670079823 7.821043110311951
580 5.720897670079823 7.640187500845651
581 5.720897670079823 8.61876627456295
582 5.720897670079823 8.834237684474227
583 5.720897670079823 8.043971781319833
584 5.504462209507371 8.168918527568719
585 5.504462209507371 8.757598484049053
586 5.504462209507371 8.064427827638088
587 5.504462209507371 8.224716737575532
588 5.504462209507371 7.863468555447989
589 5.460159100313043 8.002699237818439
590 5.460159100313043 8.40375698841887
591 5.460159100313043 7.299150137931474
592 5.460159100313043 7.464607769907233
593 5.460159100313043 8.127371030713936
594 5.460159100313043 7.150441898326358
595 5.220126518240996 8.298289741741831
596 5.220126518240996 8.328406488355695
597 5.220126518240996 8.1848062623011
598 5.220126518240996 7.750188492774106
599 5.220126518240996 7.074899744549822
600 5.165543947994507 7.55955664065718
601 5.165543947994507 6.890541640171085
602 5.165543947994507 7.406444384903075
603 5.165543947994507 8.112593881732659
604 5.165543947994507 7.563623108554281
605 5.165543947994507 6.803114739501856
606 5.165543947994507 8.308282653856894
607 5.165543947994507 7.2248540158465016
608 5.160817133091814 7.930982167963134
609 5.160817133091814 7.16730786437852
610 5.160817133091814 6.526130753336059
611 5.160817133091814 6.635999762318359
612 5.160817133091814 7.785806016320751
613 5.160817133091814 7.422112959497009
614 5.138903642909183 7.120941858418764
615 5.0672426885716115 7.095247345887303
616 5.057890340147491 6.450253717213133
617 5.049192758595185 6.3899924011849825
618 5.015276671579991 7.195404265377474
619 4.914449080850956 7.268272657760283
620 4.914449080850956 7.618538901560601
621 4.914449080850956 7.3380235859042235
622 4.914449080850956 6.882133986273305
623 4.914449080850956 7.343324390932627
624 4.914449080850956 7.98490511110337
625 4.890400221124121 7.9634065039818
626 4.85208807073533 8.362845508872757
627 4.85208807073533 6.931568104612239
628 4.85208807073533 7.185711516202576
629 4.85208807073533 6.285807036637733
630 4.848359912414828 7.333793745312687
631 4.848359912414828 6.914210630133771
632 4.848358296126826 6.547839445783333
633 4.848358296126826 6.607157269581608
634 4.848358296126826 6.091089801311295
635 4.8200204066043275 6.3498968399450595
636 4.8200204066043275 5.743609497185737
637 4.8200204066043275 6.863519623907532
638 4.8200204066043275 6.194574981508551
639 4.8200204066043275 5.663753501735664
640 4.791791434477383 5.716367666755489
641 4.791791434477383 5.88381997317178
642 4.791791434477383 6.308555063087432
643 4.791791434477383 5.866765627898713
644 4.791791434477383 6.219091440807378
645 4.791791434477383 5.402911637025888
646 4.742595824552301 5.591098062759169
647 4.742595824552301 6.9413628708011075
648 4.742595824552301 6.984824575827239
649 4.742367721580697 5.68479974795601
650 4.735553787140593 6.333069680945657
651 4.735553787140593 5.9603767556638925
652 4.735553787140593 6.727340312940544
653 4.726059326822762 6.088224919702144
654 4.726059326822762 5.29045489752907
655 4.726059326822762 5.8681612472559435
656 4.726059326822762 6.913041590559784
657 4.726059326822762 5.656404014747485
658 4.726059326822762 5.51392625227384
659 4.726059326822762 7.00742621795094
660 4.726059326822762 6.827718673148209
661 4.726059326822762 7.006797723325021
662 4.721923483552535 6.094429082719492
663 4.721923483552535 5.686962894772213
664 4.721923483552535 7.146327205915144
665 4.721923483552535 5.6726635171017445
666 4.721923483552535 5.799951617737852
667 4.721923483552535 6.244851025452151
668 4.721923483552535 6.043250594428239
669 4.721923483552535 5.847669884983926
670 4.721923483552535 6.165260549189002
671 4.712704741363729 5.871528386921673
672 4.709822553004379 5.912741686986379
673 4.709822553004379 5.806618182175211
674 4.70931248492869 5.954220565573744
675 4.70931248492869 5.837193528927124
676 4.70931248492869 5.222019674138866
677 4.70931248492869 6.230060967182686
678 4.70931248492869 6.719447070055437
679 4.70931248492869 7.353568882212521
680 4.70931248492869 6.966991865486579
681 4.70931248492869 5.698398008023178
682 4.70931248492869 5.598883513670725
683 4.658645144951743 6.069110094044325
684 4.658645144951743 5.629500459935205
685 4.658645144951743 5.33506627723146
686 4.658645144951743 5.428854460488826
687 4.658645144951743 6.175171395123973
688 4.655139482626998 7.018393451480084
689 4.655139482626998 6.1172767264627215
690 4.651283142668644 6.798021476395327
691 4.651283142668644 7.076044519906245
692 4.636679843621513 6.926528068261323
693 4.636679843621513 5.659770357295245
694 4.636679843621513 6.89895183895994
695 4.636679843621513 6.0395191828042085
696 4.636679843621513 5.128052696384469
697 4.626052415756282 5.4130705515638144
698 4.626052415756282 5.706687636257742
699 4.626052415756282 5.661728662290208
700 4.626052415756282 6.2575412485003445
701 4.626052415756282 7.02528990615026
702 4.619827698497009 6.145709142812445
703 4.619827698497009 5.912230834317505
704 4.619827698497009 5.957450751589915
705 4.598563542029497 5.388801433238466
706 4.598563542029497 5.251875988743419
707 4.589529088716409 6.215247169988957
708 4.589529088716409 6.143765750667938
709 4.34142487676411 5.606996032010312
710 4.340725178614096 5.905591888479861
711 4.340725178614096 6.912336341781977
712 4.340725178614096 5.722475183006642
713 3.989179648428163 5.532361154650147
714 3.945495291400465 5.707920830443989
715 3.9411217882764658 5.7590557442741055
716 3.903523152782408 6.67205494329257
717 3.9025113033733763 5.620857517522498
718 3.8632817534864157 6.143672216335943
719 3.8632817534864157 6.103242910956884
720 3.7433211830506252 5.085660674979004
721 3.7433211830506252 5.250652863947265
722 3.5777878308981212 5.777306206488499
723 3.5777878308981212 4.874039931288527
724 3.5777878308981212 5.472681171424515
725 3.562768582284169 5.290111121287523
726 3.5627675208918324 5.755362347746745
727 3.4668103430825155 5.571634705368896
728 3.444836894842499 5.0383019133880405
729 3.4439574487749534 5.589085862190338
730 3.4439574487749534 4.845000080669283
731 3.4362794571568016 6.834803103441911
732 3.4362794571568016 5.761515622997198
733 3.4362794571568016 5.451659579277659
734 3.4362794571568016 5.117976634680699
735 3.2241799980930628 5.518957100541026
736 3.2241799980930628 5.694656110522297
737 3.2211461908111834 5.599023331584294
738 3.1965410406693975 4.791247257440124
739 3.1965410406693975 4.339575910147317
740 3.1949938451050346 4.658201401467071
741 3.1910460008868555 5.015682544633542
742 3.1910460008868555 5.3592239128903865
743 3.163601496890722 5.114472459702242
744 3.1628121591177143 5.428271104464804
745 3.1557395484187247 5.1397085321775275
746 3.1544940346717407 5.105248452969772
747 3.1544940346717407 5.13483650849981
748 3.1544940346717407 4.3798676493811
749 3.1544940346717407 4.341049905844578
750 3.1544940346717407 5.181474070386149
751 3.1544940346717407 4.928106177988872
752 3.0921493085289917 4.910230406863429
753 3.0921493085289917 5.073125786556926
754 3.0921493085289917 4.002933224428354
755 3.091965690432344 5.386520291827692
756 3.085883832354409 4.4431805715341195
757 3.0821039700078248 4.689682812738537
758 3.0821039700078248 4.005376849157928
759 3.0821039700078248 5.132499525869683
760 3.067525356355304 3.7922198627109087
761 3.067525356355304 3.665988541278175
762 3.067525356355304 4.0814550171197785
763 3.064688453492803 4.195108106090598
764 3.058196867443444 4.413668732775487
765 3.058196867443444 5.36301924545573
766 3.058196867443444 3.9855161102078593
767 3.0526815183102625 4.3503226810588425
768 3.0526815183102625 3.7627035169478984
769 3.0507273802081425 3.9889819071815857
770 3.0507273802081425 3.4977227522960135
771 3.0507273802081425 3.6757325258393676
772 3.0505557417090547 4.264718839222828
773 3.0505557417090547 3.757790406495312
774 3.0505557417090547 3.522926603393998
775 3.0505557417090547 3.5495363946016916
776 3.0505557417090547 3.7534817948800794
777 3.0505557417090547 3.5026593189926887
778 3.049792546450344 3.6930697626574363
779 3.049792546450344 3.611950065971734
780 3.049792546450344 3.7969276441623894
781 3.049792546450344 4.560233939439187
782 2.991056241124695 4.5462929626770805
783 2.991056241124695 5.185865228268199
784 2.991056241124695 4.169841041287145
785 2.991056241124695 3.885635163065171
786 2.9910433361645845 3.8314823769288893
787 2.9910433361645845 3.637404131040489
788 2.9910433361645845 3.231527019938773
789 2.9910433361645845 3.5539617862613717
790 2.9910433361645845 3.964311581833532
791 2.961856348127005 4.0900489581973405
792 2.961856348127005 3.8310960175500806
793 2.961856348127005 3.7981424163798527
794 2.961856348127005 4.515118362582483
795 2.961856348127005 4.57207536421344
796 2.9524827296441205 3.815085397884882
797 2.9524827296441205 3.3035187209967716
798 2.952451169792207 5.3212680594310395
799 2.952326769784768 4.659246021793052
800 2.944305167060407 3.4791820679353025
801 2.944305167060407 3.8151213822077756
802 2.944305167060407 4.880568224683771
803 2.940299448516535 3.301016842983523
804 2.940299448516535 4.07179144764749
805 2.940299448516535 4.878637061918366
806 2.9294748750594986 3.960591589433607
807 2.9294748750594986 4.4737822508166865
808 2.9294748750594986 3.54619140498381
809 2.9294748750594986 3.3967290265007595
810 2.9294748750594986 3.6969025575979875
811 2.9294748750594986 3.51526782123227
812 2.9294748750594986 3.8989801990664517
813 2.9294748750594986 3.354644103013554
814 2.924647329856506 4.0844739918285065
815 2.918839197537947 3.933727450767567
816 2.9084155435545194 3.7220826405101146
817 2.9067896881201714 4.124429625464145
818 2.9054510653886654 3.883331395924654
819 2.9002319685639724 3.7688615634716705
820 2.900211913546475 3.664959485045516
821 2.900211913546475 3.798622151041722
822 2.8982250443010087 3.68684931028819
823 2.8982250443010087 4.279466274790593
824 2.8982250443010087 3.675355269507806
825 2.8982250443010087 5.880911990961092
826 2.8982250443010087 5.637545203543445
827 2.8982250443010087 3.4268431657770946
828 2.8982250443010087 4.227650261918374
829 2.8982250443010087 4.869962195955989
830 2.8941963952552334 4.314752412955594
831 2.8941963952552334 3.6208854968413435
832 2.8941963952552334 3.1354958419831864
833 2.8941963952552334 3.717161728505211
834 2.8941963952552334 3.591203338556781
835 2.8941963952552334 4.012772629599824
836 2.8823726110713572 3.445148276301141
837 2.8796074349586216 3.879958502484818
838 2.8796074349586216 3.427855811910465
839 2.8796074349586216 3.5941249359964758
840 2.8716107264836475 3.0889414656941176
841 2.8716107264836475 3.848754594827657
842 2.8716107264836475 4.572932986175031
843 2.8716107264836475 4.038179248508824
844 2.8716105194766173 3.8764365819025626
845 2.8714570979537988 3.2328701460939726
846 2.8710106778223925 4.732228922848872
847 2.8710106778223925 4.589010911733923
848 2.8710106778223925 4.7317712656878586
849 2.8710106778223925 4.745315057403622
850 2.8653787776277957 3.9370796091033897
851 2.8653787776277957 4.221940665620883
852 2.8572409481033616 3.307256121493329
853 2.8572409481033616 3.5960779506080858
854 2.8572409481033616 3.3897737358245674
855 2.8572409481033616 4.468909355643548
856 2.8555328040903643 3.6754671089515325
857 2.8555328040903643 3.7081973757931883
858 2.8545271976390403 4.204439581621568
859 2.8545271976390403 3.861303461429178
860 2.8545271976390403 4.054456033969071
861 2.853949421885172 3.5614590352701474
862 2.853734415335811 3.323218410541659
863 2.851082080382343 3.4948643467076086
864 2.851082080382343 3.325257266724941
865 2.851082080382343 3.140183163256604
866 2.851082080382343 3.6734086876674303
867 2.851082080382343 3.1810102518746852
868 2.851082080382343 3.612029517875474
869 2.850969010758362 3.826486367707093
870 2.850938793573238 4.724371282722041
871 2.850938793573238 3.994551136878865
872 2.850938793573238 3.5338254224247954
873 2.850938793573238 3.7508002636374567
874 2.850938793573238 4.207900030204492
875 2.850938793573238 3.9041048351166823
876 2.850938793573238 2.9604260806295764
877 2.850938793573238 3.447338339049963
878 2.850938793573238 2.973067060257534
879 2.850938793573238 4.381153251467936
880 2.8503193336130352 5.081316547710511
881 2.8503193336130352 3.535065993872619
882 2.8503193336130352 3.2204051112050895
883 2.8503193336130352 3.719555202540105
884 2.849924078168864 3.355772190393349
885 2.849924078168864 3.7406844993368042
886 2.849924078168864 4.0056845571597
887 2.849924078168864 3.12819392886701
888 2.849924078168864 4.141034239546476
889 2.849924078168864 3.048859319025794
890 2.849924078168864 3.2210515997497295
891 2.849924078168864 4.279434157104503
892 2.849924078168864 3.2988573090555873
893 2.849924078168864 2.94313833658152
894 2.849924078168864 3.9312896342327805
895 2.849888588306666 4.0121234016883
896 2.849578384582659 3.8720907273286667
897 2.849578384582659 3.4223664832634686
898 2.849578384582659 3.4398548369713087
899 2.849578384582659 4.200425110033742
900 2.849578384582659 3.5143418384554606
901 2.849578384582659 3.8227184423293408
902 2.849578384582659 4.0111644387000025
903 2.849578384582659 3.101759680533679
904 2.849578384582659 4.177372242863713
905 2.8487674777619314 4.986369956935282
906 2.848740635059618 3.1879463366419474
907 2.848740635059618 3.1990615152442494
908 2.848740635059618 3.292779627335957
909 2.848740635059618 3.9063130573881737
910 2.848740635059618 3.6584325878219137
911 2.848740635059618 3.7609474335838486
912 2.848740635059618 3.8814217383814578
913 2.848740635059618 2.922171073535013
914 2.8487182219858815 3.9537676905877457
915 2.8487182219858815 3.2077857093186166
916 2.8487182219858815 3.0329110832031825
917 2.8487182219858815 3.2085884701486065
918 2.8486266883171085 3.0646104083491212
919 2.8486266883171085 3.2319800936695127
920 2.8473391533708887 3.069494950791161
921 2.8473391533708887 3.6235033424062317
922 2.8473391533708887 2.8928189809258633
923 2.8473391533708887 2.9041823501981496
924 2.8473391533708887 4.740353696808637
925 2.8473391533708887 3.0130701533904287
926 2.8473202124720194 3.907368306008024
927 2.8473202124720194 4.062201265164689
928 2.8473202124720194 3.2255602232456027
929 2.8473202124720194 3.129497560095638
930 2.8473202124720194 3.8925015481352023
931 2.8473202124720194 5.5208094239577745
932 2.8473202124720194 4.4287938397335695
933 2.84709385690678 4.308631316488352
934 2.84709385690678 3.7706185404125265
935 2.846888963446557 3.346546347247519
936 2.846888963446557 3.1248791791926878
937 2.8468329453534396 4.23089719266054
938 2.8468329453534396 4.133869100949516
939 2.8461950711254995 3.368393482961216
940 2.8461950711254995 4.099046047689228
941 2.8461950711254995 4.176777053009716
942 2.8461950711254995 3.327603180089669
943 2.8461950711254995 3.89809442738114
944 2.8461950711254995 4.075225588275664
945 2.8461950711254995 3.8322260016728267
946 2.8461950711254995 3.291822592569447
947 2.8461950711254995 4.514614580307504
948 2.8414840748262344 3.927530437933494
949 2.8414840748262344 3.2373582703945094
950 2.8414840748262344 4.644253173361478
951 2.8414840748262344 3.142649393733868
952 2.8414840748262344 3.8424311638772846
953 2.8414840748262344 4.439422871524674
954 2.8413961887012 3.2724926769325937
955 2.8413961887012 3.911499484596382
956 2.8413961887012 3.5456859069842626
957 2.8413961887012 3.7901929453433714
958 2.8413961887012 3.3699466843989057
959 2.8413961887012 3.5866589011302454
960 2.8413961887012 4.107146514196468
961 2.8413961887012 3.2629713216884437
962 2.8413961887012 3.888754128138442
963 2.8413961887012 3.459063259011613
964 2.8413961887012 3.008754729098439
965 2.841277383820197 3.264342645013278
966 2.841277383820197 3.8686855635658985
967 2.841277383820197 3.2845129564478106
968 2.841277383820197 4.887348848979958
969 2.841277383820197 4.103284233879924
970 2.841277383820197 3.639684502174171
971 2.841277383820197 2.9791160897952835
972 2.841277383820197 3.4308910671864346
973 2.841277383820197 2.989267334084023
974 2.841277383820197 3.2863427257438094
975 2.841277383820197 3.0011947585152523
976 2.8411800810508687 2.9171034492897867
977 2.8411800810508687 3.801402377521121
978 2.8411800810508687 3.7884828072348755
979 2.8411800810508687 3.6938756545951787
980 2.8411800810508687 3.2214572867143887
981 2.8411800810508687 3.390865736290018
982 2.8411800810508687 2.9925802409137536
983 2.8411800810508687 3.5938577575800785
984 2.8411800810508687 3.041019508713433
985 2.8411800810508687 3.585302844992358
986 2.8394277217310124 3.79240165558175
987 2.8394277217310124 2.906022106427971
988 2.838631576925512 3.1845705593015214
989 2.838631576925512 4.010292477695344
990 2.836164798877579 4.171364878239336
991 2.8161837701033057 3.7983602284613966
992 2.8161837701033057 3.116675948663272
993 2.8142556760604824 2.953012263690252
994 2.8142556760604824 4.263592796337206
995 2.8142556760604824 4.629794566139528
996 2.8142556760604824 2.909141027898039
997 2.8142556760604824 4.284969689199892
998 2.8141385391208917 4.366345557594852
999 2.814138539120889 3.5507678241303697
