# iteración mejor promedio
0 20.513268976129744 21.049903374648956
1 20.513268976129744 21.05583185225369
2 20.32636209046932 21.04696613149341
3 20.32636209046932 21.03855150051189
4 20.32636209046932 21.066750836274775
5 20.32636209046932 21.073575543460763
6 20.32636209046932 21.0752321382261
7 20.237587493509494 21.071222264077548
8 20.237587493509494 21.070094445226587
9 20.237587493509494 21.06877344497811
10 20.237587493509494 21.083036675758823
11 20.237587493509494 21.056929701514616
12 20.237587493509494 21.020515944122383
13 20.170286547369646 21.0320042548982
14 20.076215991353585 21.00735207192755
15 20.076215991353585 21.023320712547058
16 20.076215991353585 21.012762203184582
17 20.076215991353585 20.97986481125753
18 20.076215991353585 20.984186986435425
19 20.076215991353585 20.967721569656742
20 20.076215991353585 20.936449626370383
21 19.82504612326725 20.944307132271682
22 19.708578974452813 20.914495473590872
23 19.708578974452813 20.915678118193895
24 19.708578974452813 20.9224795389868
25 19.708578974452813 20.92880875924878
26 19.708578974452813 20.907149322727783
27 19.708578974452813 20.907759141322714
28 19.708578974452813 20.88209654980007
29 19.708578974452813 20.87443416341153
30 19.708578974452813 20.89096324169197
31 19.708578974452813 20.838426078555866
32 19.43193577553954 20.83332895624069
33 19.43193577553954 20.802275310125378
34 19.43193577553954 20.791521035809524
35 19.43193577553954 20.76768968077225
36 19.43193577553954 20.735053879806795
37 19.43193577553954 20.715503720208776
38 19.43193577553954 20.73075175002202
39 19.43193577553954 20.717552913347532
40 19.420768407347115 20.723306280760003
41 19.420768407347115 20.726105991972723
42 19.420768407347115 20.7271298021544
43 19.420768407347115 20.709957836081852
44 19.420768407347115 20.706445446262865
45 19.420768407347115 20.711320841984293
46 19.420768407347115 20.710428349833983
47 19.420768407347115 20.71764185141944
48 19.389127983536838 20.709707652937237
49 19.350639312637 20.696108455548774
50 19.350639312637 20.709400253988044
51 19.23442578640692 20.688934768330842
52 19.01277784025016 20.660836057675787
53 19.01277784025016 20.65288788440867
54 19.01277784025016 20.642988551175574
55 19.01277784025016 20.689147024996895
56 19.01277784025016 20.709396774113255
57 19.01277784025016 20.723594088597597
58 19.01277784025016 20.710382317189307
59 19.01277784025016 20.730722300022677
60 19.01277784025016 20.74832051810573
61 19.01277784025016 20.741990270824303
62 19.01277784025016 20.721810591215043
63 19.01277784025016 20.710838962414734
64 19.01277784025016 20.695139469740074
65 19.01277784025016 20.670487760511577
66 19.00229406023556 20.696481353425177
67 19.00229406023556 20.710753201818196
68 19.00229406023556 20.70521520702205
69 19.00229406023556 20.67995844193933
70 19.00229406023556 20.699090087803583
71 19.00229406023556 20.668678854306076
72 19.00229406023556 20.661626587725856
73 18.878307188463452 20.632558109175097
74 18.878307188463452 20.637017121042714
75 18.878307188463452 20.682791507053352
76 18.878307188463452 20.66171262840424
77 18.878307188463452 20.672594752587703
78 18.878307188463452 20.6526687745764
79 18.878307188463452 20.643701168165126
80 18.878307188463452 20.61333263463564
81 18.878307188463452 20.613972908510924
82 18.878307188463452 20.597303293581522
83 18.878307188463452 20.59039442048064
84 18.878307188463452 20.60582911336511
85 18.878307188463452 20.592873635671143
86 18.878307188463452 20.582153767016724
87 18.878307188463452 20.541077341847796
88 18.878307188463452 20.479504836673225
89 18.878307188463452 20.490336974393085
90 18.878307188463452 20.51025758906948
91 18.878307188463452 20.511275716696943
92 18.878307188463452 20.514395558110504
93 18.824500072545494 20.47817630646087
94 18.824500072545494 20.464887334700308
95 18.824500072545494 20.48807262016986
96 18.824500072545494 20.492270700368827
97 18.824500072545494 20.45649792519414
98 18.824500072545494 20.43878061514175
99 18.824500072545494 20.4019189716423
100 18.824500072545494 20.378546553884398
101 18.824500072545494 20.38172666925123
102 18.824500072545494 20.385363956889
103 18.824500072545494 20.434593789472263
104 18.824500072545494 20.40925846798514
105 18.824500072545494 20.432038481379706
106 18.824500072545494 20.42872018295098
107 18.824500072545494 20.424353741290123
108 18.824500072545494 20.402818605103096
109 18.824500072545494 20.410273989629562
110 18.824500072545494 20.398052145798612
111 18.824500072545494 20.372104587145714
112 18.824500072545494 20.35619691990469
113 18.824500072545494 20.360713179520413
114 18.824500072545494 20.387831513230008
115 18.824500072545494 20.394616722513778
116 18.824500072545494 20.367149511873325
117 18.824500072545494 20.37056265995584
118 18.824500072545494 20.361132713873673
119 18.824500072545494 20.346523703910353
120 18.824500072545494 20.317019967695334
121 18.824500072545494 20.32779043070631
122 18.824500072545494 20.321341266582902
123 18.824500072545494 20.326537242804573
124 18.824500072545494 20.331452750206118
125 18.824500072545494 20.35212272724855
126 18.824500072545494 20.353466658606557
127 18.824500072545494 20.346062762750243
128 18.824500072545494 20.36651633808397
129 18.824500072545494 20.324082334987267
130 18.824500072545494 20.32403372784233
131 18.824500072545494 20.2916773060476
132 18.824500072545494 20.30215719609378
133 18.824500072545494 20.339117293285323
134 18.824500072545494 20.329793729080635
135 18.824500072545494 20.317695939949857
136 18.824500072545494 20.287253438604345
137 18.824500072545494 20.2390459443172
138 18.824500072545494 20.231862892948776
139 18.824500072545494 20.20604662732272
140 18.824500072545494 20.208914105760577
141 18.824500072545494 20.224507562083424
142 18.824500072545494 20.19433525263159
143 18.824500072545494 20.170383801434085
144 18.824500072545494 20.1657507203056
145 18.824500072545494 20.155472182105946
146 18.824500072545494 20.15836339955445
147 18.824500072545494 20.174929643724056
148 18.824500072545494 20.187057294220782
149 18.824500072545494 20.178160095700836
150 18.824500072545494 20.179664793979097
151 18.824500072545494 20.210384782202137
152 18.824500072545494 20.219909998000684
153 18.824500072545494 20.179069539666877
154 18.824500072545494 20.15268803663921
155 18.824500072545494 20.12820317078487
156 18.824500072545494 20.137374181100952
157 18.824500072545494 20.12590946543128
158 18.824500072545494 20.119222306642612
159 18.824500072545494 20.095424387784433
160 18.791120584098586 20.12138553643669
161 18.791120584098586 20.10045812472562
162 18.791120584098586 20.122601752111784
163 18.791120584098586 20.150477913940648
164 18.791120584098586 20.14826185113792
165 18.791120584098586 20.166299612741827
166 18.791120584098586 20.16896078006351
167 18.791120584098586 20.17664225065093
168 18.791120584098586 20.167045076625087
169 18.791120584098586 20.139345553789394
170 18.791120584098586 20.175593790772993
171 18.791120584098586 20.186471942275265
172 18.791120584098586 20.1719778324385
173 18.791120584098586 20.153167204786115
174 18.791120584098586 20.15737819108018
175 18.791120584098586 20.178896956281875
176 18.791120584098586 20.15242449949765
177 18.791120584098586 20.173209083454477
178 18.791120584098586 20.169358890191784
179 18.791120584098586 20.190770051945513
180 18.791120584098586 20.204199470761328
181 18.791120584098586 20.207643668419532
182 18.791120584098586 20.19509269958139
183 18.791120584098586 20.209135172137536
184 18.791120584098586 20.206434707166174
185 18.791120584098586 20.205748707068377
186 18.791120584098586 20.190327013107485
187 18.791120584098586 20.15052894589202
188 18.791120584098586 20.1749908276343
189 18.779475467747762 20.134209721933257
190 18.774534821629622 20.16865507265937
191 18.774534821629622 20.14589495873935
192 18.774534821629622 20.11513150950154
193 18.774534821629622 20.10123403215848
194 18.768417274699964 20.12431281858593
195 18.635561350508304 20.13832952176205
196 18.635561350508304 20.104915185424122
197 18.635561350508304 20.056427680810703
198 18.635561350508304 20.065196410182836
199 18.635561350508304 20.036494177852518
200 18.60350271393565 20.06304386214093
201 18.60350271393565 20.037391564957876
202 18.60350271393565 20.06046417153493
203 18.60350271393565 20.071729443392176
204 18.60350271393565 20.085292954501302
205 18.60350271393565 20.078277150120762
206 18.60350271393565 20.035014324908985
207 18.538521609181107 20.049143279476837
208 18.538521609181107 20.033385346438923
209 18.538521609181107 20.04243248067688
210 18.538521609181107 20.020956020235175
211 18.538521609181107 19.979957686515924
212 18.538521609181107 19.993682253175695
213 18.538521609181107 20.011268515470448
214 18.538521609181107 19.979039259774638
215 18.538521609181107 19.966991127537124
216 18.538521609181107 19.99033555459666
217 18.538521609181107 19.98544091236939
218 18.538521609181107 19.95145738441124
219 18.538521609181107 19.949620720436588
220 18.538521609181107 19.92118540164648
221 18.538521609181107 19.920854431406454
222 18.538521609181107 19.927837507410324
223 18.538521609181107 19.947710764883524
224 18.538521609181107 19.97914339974274
225 18.538521609181107 19.975644503978977
226 18.538521609181107 19.91980423562491
227 18.538521609181107 19.93073549116118
228 18.538521609181107 19.920821208852114
229 18.538521609181107 19.945970322798175
230 18.538521609181107 19.944782917348387
231 18.538521609181107 19.95411103518043
232 18.538521609181107 19.981407449354812
233 18.538521609181107 19.97006356993602
234 18.538521609181107 19.95860059237559
235 18.538521609181107 19.91742932147555
236 18.538521609181107 19.926768840678598
237 18.538521609181107 19.96172465865422
238 18.538521609181107 19.940784800444654
239 18.538521609181107 19.930010898373236
240 18.538521609181107 19.93908003158243
241 18.499097830750642 19.921581815653152
242 18.499097830750642 19.917502920949147
243 18.499097830750642 19.88803765904206
244 18.499097830750642 19.85091966471957
245 18.499097830750642 19.866364975902314
246 18.499097830750642 19.921362707509605
247 18.470164839369154 19.921336428663288
248 18.470164839369154 19.935284858793494
249 18.470164839369154 19.919585657578036
250 18.470164839369154 19.924112573832804
251 18.470164839369154 19.905296731745413
252 18.470164839369154 19.872831059486565
253 18.470164839369154 19.860126526538316
254 18.470164839369154 19.828884609551956
255 18.470164839369154 19.863328186450886
256 18.470164839369154 19.842709730419838
257 18.470164839369154 19.853510747800826
258 18.470164839369154 19.858496972013274
259 18.470164839369154 19.864297654623726
260 18.470164839369154 19.856975028906177
261 18.43127249346 19.863569530722277
262 18.43127249346 19.821595578422244
263 18.43127249346 19.858251633922578
264 18.43127249346 19.885858307681886
265 18.43127249346 19.865704788212796
266 18.43127249346 19.82977963343732
267 18.43127249346 19.875740749036964
268 18.43127249346 19.815415400435874
269 18.43127249346 19.833738329067696
270 18.43127249346 19.79359856102665
271 18.33984348835846 19.778182923503742
272 18.33984348835846 19.77326907569561
273 18.33984348835846 19.75012193502283
274 18.33984348835846 19.813597666695642
275 18.181472536692908 19.82477653793483
276 18.181472536692908 19.881504751633372
277 18.181472536692908 19.89198244884025
278 18.181472536692908 19.858448780501487
279 18.181472536692908 19.89086341864763
280 18.181472536692908 19.907960244814532
281 18.181472536692908 19.89732508673994
282 18.181472536692908 19.86857115399283
283 18.181472536692908 19.86468049277149
284 18.181472536692908 19.867024586036948
285 18.181472536692908 19.91264930657324
286 18.127270938995892 19.931006398575196
287 18.127270938995892 19.939792555044427
288 18.127270938995892 19.95055084846306
289 18.127270938995892 19.96659721331835
290 18.127270938995892 19.99260551743831
291 18.127270938995892 19.953941392890645
292 18.127270938995892 19.92822618720213
293 18.127270938995892 19.946591365531514
294 18.08913002752423 19.930149240835163
295 18.08913002752423 19.932597011229298
296 18.08913002752423 19.871632430052674
297 18.08913002752423 19.88793820717801
298 18.08913002752423 19.884447367941522
299 18.08913002752423 19.879842284751334
300 18.08913002752423 19.868436750668067
301 18.08913002752423 19.8559033217047
302 18.08913002752423 19.823067717745605
303 18.08913002752423 19.82108382088635
304 17.981108521138317 19.775969122278436
305 17.981108521138317 19.72306876316625
306 17.981108521138317 19.689984421408735
307 17.981108521138317 19.67135115538944
308 17.981108521138317 19.6531815794552
309 17.981108521138317 19.618515624188912
310 17.981108521138317 19.647106479473734
311 17.981108521138317 19.63106509644864
312 17.981108521138317 19.638077929340454
313 17.981108521138317 19.613993969682422
314 17.981108521138317 19.63433320358847
315 17.981108521138317 19.617576127536765
316 17.981108521138317 19.612170411909748
317 17.981108521138317 19.568902958194112
318 17.981108521138317 19.528488272821377
319 17.981108521138317 19.505677185874124
320 17.981108521138317 19.517051176131826
321 17.981108521138317 19.474340642924513
322 17.981108521138317 19.465773514945187
323 17.981108521138317 19.495309731135443
324 17.981108521138317 19.488339932620878
325 17.981108521138317 19.4722112363838
326 17.981108521138317 19.441550851515498
327 17.981108521138317 19.400994205078977
328 17.981108521138317 19.401482593019633
329 17.981108521138317 19.373162231802233
330 17.981108521138317 19.36917651360938
331 17.981108521138317 19.370571561763548
332 17.981108521138317 19.40775375903232
333 17.981108521138317 19.38546897987996
334 17.981108521138317 19.42450297958056
335 17.981108521138317 19.43868976186835
336 17.981108521138317 19.433311214303455
337 17.981108521138317 19.48371598632236
338 17.981108521138317 19.479166055572904
339 17.981108521138317 19.418374171465032
340 17.947505464754258 19.42537296696031
341 17.898800811361095 19.41427097884934
342 17.898800811361095 19.42755420279457
343 17.898800811361095 19.40273576232709
344 17.898800811361095 19.35846273889243
345 17.898800811361095 19.35830502479166
346 17.898800811361095 19.387245567162587
347 17.898800811361095 19.39821514038275
348 17.898800811361095 19.389222142995674
349 17.898800811361095 19.35523064174221
350 17.898800811361095 19.35435747648454
351 17.898800811361095 19.339763962885293
352 17.898800811361095 19.377117803368517
353 17.898800811361095 19.370490687110472
354 17.898800811361095 19.364703180857664
355 17.83866993981698 19.35712281351882
356 17.655296026845377 19.34617009657251
357 17.655296026845377 19.309663470301164
358 17.642054247299676 19.313460830822915
359 17.642054247299676 19.311975180552263
360 17.642054247299676 19.326623035135984
361 17.50360144295488 19.294254725979737
362 17.50360144295488 19.3157535846595
363 17.50360144295488 19.297204738015367
364 17.50360144295488 19.335893688935652
365 17.5007420137251 19.299392045185396
366 17.5007420137251 19.320098562678737
367 17.5007420137251 19.34240036788836
368 17.5007420137251 19.409763703606263
369 17.5007420137251 19.34813880483008
370 17.5007420137251 19.316904584113235
371 17.5007420137251 19.33187598371047
372 17.5007420137251 19.341635838221226
373 17.5007420137251 19.291181971919215
374 17.461142722497904 19.30462030958084
375 17.461142722497904 19.309631487332755
376 17.461142722497904 19.28948846778434
377 17.461142722497904 19.28497332348218
378 17.461142722497904 19.267786081635904
379 17.461142722497904 19.235204166461294
380 17.461142722497904 19.22859960960917
381 17.461142722497904 19.226005916154463
382 17.461142722497904 19.24795103343585
383 17.461142722497904 19.281078006862643
384 17.461142722497904 19.218643913994196
385 17.461142722497904 19.259223633932585
386 17.461142722497904 19.27887541167607
387 17.461142722497904 19.227689103180357
388 17.4611427224979 19.20041181793961
389 17.4611427224979 19.22325298316859
390 17.4611427224979 19.21592580926019
391 17.4611427224979 19.182179029366562
392 17.303240883496798 19.12169355126177
393 17.303240883496798 19.08750405620473
394 17.303240883496798 19.10262911425839
395 17.303240883496798 19.079067380609338
396 17.303240883496798 19.075593782460807
397 17.303240883496798 19.109809556060984
398 17.303240883496798 19.101153288383948
399 17.303240883496798 19.13070411023114
400 17.303240883496798 19.123124515255594
401 17.303240883496795 19.13832663152631
402 17.303240883496795 19.16174409000416
403 17.303240883496795 19.16272957249307
404 17.303240883496795 19.188020020785338
405 17.303240883496795 19.263930747837136
406 17.303240883496795 19.29631103075549
407 17.303240883496795 19.316516513363318
408 17.303240883496795 19.307814669893443
409 17.303240883496795 19.335009586903023
410 17.303240883496795 19.33542028560154
411 17.303240883496795 19.384999048666213
412 17.303240883496795 19.395200176118703
413 17.303240883496795 19.368478434378165
414 17.303240883496795 19.378622269678853
415 17.303240883496798 19.41379158103633
416 17.303240883496798 19.353650939373846
417 17.303240883496798 19.349991426070552
418 17.303240883496798 19.316881202563014
419 17.303240883496798 19.322572683830998
420 17.303240883496798 19.366525095495053
421 17.303240883496798 19.40775048712205
422 17.303240883496795 19.400220504261732
423 17.303240883496795 19.365763052168035
424 17.303240883496795 19.362822531718113
425 17.303240883496795 19.3345683930945
426 17.303240883496795 19.377304117873315
427 17.303240883496795 19.31584599368504
428 17.303240883496795 19.289629855223737
429 17.303240883496795 19.312528561299306
430 17.303240883496795 19.312278536098248
431 17.303240883496798 19.298255431712594
432 17.303240883496798 19.288498899982397
433 17.303240883496798 19.31596757476149
434 17.303240883496798 19.345116422292378
435 17.303240883496798 19.378878909926268
436 17.303240883496798 19.379976312495376
437 17.303240883496798 19.405060185927212
438 17.303240883496798 19.391381500229468
439 17.303240883496798 19.365320963824093
440 17.303240883496798 19.33421233720119
441 17.264359384739517 19.336141568096135
442 17.264359384739517 19.34075173176409
443 17.264359384739517 19.308823620671955
444 17.264359384739517 19.26946087898294
445 17.264359384739517 19.254758987688266
446 17.264359384739517 19.266236411444503
447 17.264359384739517 19.305050670347697
448 17.264359384739517 19.304647785088335
449 17.264359384739517 19.324340834980475
450 17.264359384739517 19.324864825629167
451 17.264359384739517 19.30719665375942
452 17.26435799511935 19.244917221195795
453 17.25892744623619 19.316704590590938
454 17.25892744623619 19.257402566674163
455 17.25892744623619 19.2232634737119
456 17.25892744623619 19.256155290056814
457 17.25892744623619 19.302648341326293
458 17.25892744623619 19.2920665578675
459 17.25892744623619 19.234639091225322
460 17.25892744623619 19.254577489002166
461 17.25892744623619 19.266381548029063
462 17.25892744623619 19.268027453143613
463 17.25892744623619 19.25988360504229
464 17.25892744623619 19.268253425636193
465 17.25892744623619 19.187991927145983
466 17.25892744623619 19.10653820991872
467 17.25892744623619 19.097995320161804
468 17.25892744623619 19.088949690807933
469 17.25892744623619 19.067454644463027
470 17.25892744623619 19.049301377522216
471 16.941948997904962 19.039023405664363
472 16.941948997904962 19.039345401508275
473 16.941948997904962 19.028442357292143
474 16.941948997904962 19.00681177083425
475 16.941948997904962 18.983486646601506
476 16.941948997904962 19.035058626198417
477 16.941948997904962 19.062172744683597
478 16.941948997904962 19.098016551520484
479 16.941948997904962 19.111037152212667
480 16.941948997904962 19.025301281341314
481 16.941948997904962 19.028293807873222
482 16.941948997904962 19.010403503875974
483 16.941948997904962 18.99456505202503
484 16.941948997904962 19.03862169891578
485 16.941948997904962 19.021029072883366
486 16.941948997904962 19.000899738943566
487 16.941948997904962 19.042103874627745
488 16.941948997904962 19.074596814167688
489 16.941948997904962 19.089939269931804
490 16.941948997904962 19.131707922062557
491 16.941948997904962 19.178095307365744
492 16.941948997904962 19.21069770163081
493 16.941948997904962 19.202598512420284
494 16.941948997904962 19.23572822353906
495 16.941948997904962 19.237719526373876
496 16.941948997904962 19.22310225170777
497 16.941948997904962 19.250714435934874
498 16.941948997904962 19.222409501816013
499 16.941948997904962 19.23065354658408
500 16.941948997904962 19.179079926046356
501 16.941948997904962 19.16156055137728
502 16.941948997904962 19.164905628923037
503 16.941948997904962 19.14336221038094
504 16.941948997904962 19.14245517528662
505 16.941948997904962 19.106904073974942
506 16.941948997904962 19.09665628238424
507 16.941948997904962 19.072182657238777
508 16.941948997904962 19.058553817551218
509 16.941948997904962 19.06101621146972
510 16.941948997904962 19.030319264672006
511 16.941948997904962 19.062880053115435
512 16.941948997904962 19.02732373277373
513 16.941948997904962 19.043139778851423
514 16.941948997904962 19.074973081975575
515 16.941948997904962 19.069609684907608
516 16.941948997904962 19.07979765869307
517 16.941948997904962 19.077794000756352
518 16.941948997904962 19.085842955754526
519 16.941948997904962 19.05463272094243
520 16.941948997904962 19.067883895431905
521 16.941948997904962 19.04355377176554
522 16.941948997904962 19.0032522402603
523 16.941948997904962 19.049073177891913
524 16.941948997904962 18.989752536479983
525 16.941948997904962 18.99605194214819
526 16.941948997904962 19.02630997889266
527 16.941948997904962 18.921907567373268
528 16.598727721726622 18.897235512227585
529 16.598727721726622 18.88671965820953
530 16.598727721726622 18.92313421379398
531 16.598727721726622 19.00282674727608
532 16.598727721726622 18.939473848635767
533 16.598727721726622 18.936018413770768
534 16.598727721726622 18.926914222285877
535 16.598727721726622 18.90699777891399
536 16.598727721726622 18.948932212141973
537 16.598727721726622 18.932338297268938
538 16.598727721726622 18.963550294433897
539 16.598727721726622 19.08465490080747
540 16.598727721726622 19.04214343454814
541 16.598727721726622 18.97808439649889
542 16.598727721726622 19.021954834297752
543 16.598727721726622 19.03858561990368
544 16.598727721726622 19.03726132721609
545 16.598727721726622 19.035897932034064
546 16.598727721726622 19.008329629639864
547 16.598727721726622 18.982863526336864
548 16.598727721726622 18.933560878269027
549 16.598727721726622 18.953163646903246
550 16.598727721726622 18.956871469063508
551 16.598727721726622 18.927653315318192
552 16.598727721726622 18.908748746999677
553 16.598727721726622 18.89954890284469
554 16.598727721726622 18.86179956030199
555 16.598727721726622 18.839981674339384
556 16.308424096611922 18.787100483417035
557 16.308424096611922 18.70191304031516
558 16.308424096611922 18.668626321458845
559 16.308424096611922 18.693279247469412
560 16.308424096611922 18.668603171050705
561 16.308424096611922 18.696668987473192
562 16.308424096611922 18.72216266117721
563 16.308424096611922 18.76729773093794
564 16.308424096611922 18.755694986040748
565 16.308424096611922 18.76081690730564
566 16.308424096611922 18.74135561486297
567 16.308424096611922 18.71312185598035
568 16.308424096611922 18.779537467405
569 16.308424096611922 18.792386542407097
570 16.308424096611922 18.727636449873035
571 16.308424096611922 18.70267341148331
572 16.308424096611922 18.769356768948143
573 16.308424096611922 18.72087415015682
574 16.308424096611922 18.71616731286897
575 16.308424096611922 18.80060730863224
576 16.308424096611922 18.730569407765998
577 16.308424096611922 18.76537441155559
578 16.308424096611922 18.760384727183606
579 16.308424096611922 18.765300229033993
580 16.25333173422057 18.779199849294557
581 16.25333173422057 18.76552008645774
582 16.140891878015363 18.70472074720761
583 16.140891878015363 18.680398521909463
584 16.140891878015363 18.742219248858724
585 16.140891878015363 18.728992059453166
586 16.140891878015363 18.847641091480753
587 16.140891878015363 18.891614861772396
588 16.140891878015363 18.912139463332352
589 16.140891878015363 18.935423533963373
590 16.140891878015363 18.9412023041603
591 16.140891878015363 18.904995616551865
592 16.140891878015363 18.87351858806668
593 15.6814116766571 18.85890062090483
594 15.6814116766571 18.926453460972137
595 15.6814116766571 18.93471475056039
596 15.6814116766571 18.886697914343436
597 15.6814116766571 18.869081193947704
598 15.6814116766571 18.87459997619071
599 15.6814116766571 18.921945798229338
600 15.6814116766571 18.872299480563303
601 15.6814116766571 18.810101644473235
602 15.6814116766571 18.781593512686772
603 15.6814116766571 18.77661082728006
604 15.6814116766571 18.774179832258728
605 15.650479435790965 18.74941717629774
606 15.650479435790965 18.758316192530117
607 15.650479435790965 18.70769827122802
608 15.650479435790965 18.69907696033626
609 15.650479435790965 18.72977259828915
610 15.650479435790965 18.62701047759271
611 15.650479435790965 18.619992702922687
612 15.650479435790965 18.64580199509866
613 15.650479435790965 18.650761958153353
614 15.650479435790965 18.68767023169986
615 15.51360781527009 18.634811499193702
616 15.513607815270088 18.61230726655603
617 15.513607815270088 18.55480674106242
618 15.51360781527009 18.49834796128663
619 15.51360781527009 18.437973977939443
620 15.51360781527009 18.382880953236214
621 15.51360781527009 18.37121282114152
622 15.51360781527009 18.363882328843214
623 15.51360781527009 18.280596581709766
624 15.51360781527009 18.2367855820844
625 15.51360781527009 18.264693876727527
626 15.51360781527009 18.372378380335643
627 15.51360781527009 18.288961679558334
628 15.51360781527009 18.141911432306514
629 15.51360781527009 18.110323134485178
630 15.51360781527009 18.10885962905819
631 15.51360781527009 18.067883532754443
632 15.51360781527009 18.058840913085984
633 15.51360781527009 18.072236042135934
634 15.51360781527009 18.118368477410648
635 15.51360781527009 18.117999795811407
636 15.51360781527009 18.049557938274777
637 15.51360781527009 18.047483223098066
638 15.51360781527009 18.077755506743397
639 15.51360781527009 18.10151899968572
640 15.51360781527009 18.144529009672343
641 15.51360781527009 18.13025239010795
642 15.51360781527009 18.139699166328363
643 15.51360781527009 18.13689138145405
644 15.51360781527009 18.12181804481465
645 15.392085577075266 18.07165200487483
646 15.392085577075266 17.990840489288118
647 15.392085577075266 18.07955717827983
648 15.28942321274127 18.017711195051458
649 15.28942321274127 17.998899807516796
650 15.28942321274127 17.947135405162143
651 15.28942321274127 17.979986612877568
652 15.22121641759815 17.9784206626332
653 15.22121641759815 17.965786257267737
654 15.22121641759815 17.955245962219188
655 15.22121641759815 17.94629063803015
656 15.22121641759815 17.891537431749526
657 15.22121641759815 17.925890272913993
658 15.22121641759815 18.039953202388382
659 15.22121641759815 18.113773799920228
660 15.22121641759815 18.136235306384908
661 15.22121641759815 18.09497077231342
662 15.180997348386567 18.137594036048455
663 15.180997348386567 18.10072219887139
664 15.180997348386567 18.16758399845412
665 15.180997348386567 18.13076336338499
666 15.180997348386567 18.149454944104225
667 15.180997348386567 18.098624474033333
668 15.180997348386567 18.218115073779142
669 15.180997348386567 18.217082485071323
670 15.180997348386567 18.159028323915877
671 15.180997348386567 18.08431535826391
672 15.180997348386567 18.188264973248266
673 15.180997348386567 18.236514022173818
674 15.180997348386567 18.26978107751264
675 15.180997348386567 18.246409237540103
676 15.180997348386567 18.185390403761808
677 15.180997348386567 18.249719747967365
678 15.180997348386567 18.22825791306494
679 15.180997348386567 18.14056008111793
680 15.180997348386567 18.01605884291315
681 15.180997348386567 18.002690726492638
682 15.180997348386567 17.966524284861862
683 15.180997348386567 17.99905273522652
684 15.180997348386567 18.00070142450353
685 15.180997348386567 17.97983205078353
686 15.024917578378744 17.91602347834643
687 15.024917578378744 17.972079627555992
688 15.024917578378744 17.936425484733583
689 15.024917578378744 17.99864670923862
690 15.024917578378744 18.043259140006736
691 14.77012541404511 18.003322172839706
692 14.77012541404511 18.105090352361245
693 14.77012541404511 18.12839837478365
694 14.77012541404511 18.13156681170694
695 14.77012541404511 18.18945252677902
696 14.77012541404511 18.213459294966356
697 14.77012541404511 18.244247777685622
698 14.77012541404511 18.191318335364098
699 14.77012541404511 18.194175298945563
700 14.77012541404511 18.16437840801164
701 14.7590831354989 18.082844180370984
702 14.7590831354989 18.0149369738002
703 14.7590831354989 17.845831640865605
704 14.7590831354989 17.8791165467096
705 14.7590831354989 17.844639126161084
706 14.7590831354989 17.854324241659107
707 14.7590831354989 17.8953927463863
708 14.7590831354989 17.753504552606206
709 14.7590831354989 17.734487184485157
710 14.7590831354989 17.65508801547452
711 14.7590831354989 17.627045060316657
712 14.7590831354989 17.603526838749087
713 14.7590831354989 17.656976270603426
714 14.7590831354989 17.682165687138426
715 14.7590831354989 17.67420916996846
716 14.7590831354989 17.716688053080894
717 14.7590831354989 17.67414396083032
718 14.7590831354989 17.645857613652908
719 14.7590831354989 17.629452095362232
720 14.7590831354989 17.58880571455631
721 14.7590831354989 17.556259258580234
722 14.7590831354989 17.54277379209931
723 14.7590831354989 17.58213778411963
724 14.7590831354989 17.723613897474117
725 14.7590831354989 17.70961497760158
726 14.7590831354989 17.637858366722096
727 14.7590831354989 17.597391427653168
728 14.7590831354989 17.498291309158564
729 14.7590831354989 17.55523747914235
730 14.7590831354989 17.553368504397966
731 14.7590831354989 17.574841844624874
732 14.7590831354989 17.683167685967838
733 14.7590831354989 17.605191494104577
734 14.7590831354989 17.590206323175735
735 14.7590831354989 17.49501448296814
736 14.7590831354989 17.423152412793176
737 14.7590831354989 17.414005659837606
738 14.7590831354989 17.377461659210756
739 14.7590831354989 17.38984601220436
740 14.7590831354989 17.3494867371451
741 14.7590831354989 17.402963538930955
742 14.7590831354989 17.42831986421528
743 14.7590831354989 17.417633648663855
744 14.7590831354989 17.43600983549369
745 14.7590831354989 17.422461974832178
746 14.7590831354989 17.42397474365031
747 14.7590831354989 17.486143136236375
748 14.7590831354989 17.567259386901537
749 14.7590831354989 17.616682054193145
750 14.7590831354989 17.661052429905258
751 14.7590831354989 17.6375968979892
752 14.7590831354989 17.66848657111745
753 14.7590831354989 17.722978911191618
754 14.7590831354989 17.630644558789246
755 14.7590831354989 17.541455967272608
756 14.7590831354989 17.444913841363526
757 14.7590831354989 17.405472011590994
758 14.7590831354989 17.49162523701629
759 14.7590831354989 17.41282512220118
760 14.7590831354989 17.474711896342054
761 14.7590831354989 17.51879394833177
762 14.736414740655224 17.488508833766694
763 14.736414740655224 17.526543165106048
764 14.736414740655224 17.51294326509571
765 14.736414740655224 17.419610384540707
766 14.736414740655224 17.57729845835149
767 14.736414740655224 17.576727607690035
768 14.736414740655224 17.54176673251163
769 14.736414740655224 17.540760497229492
770 14.736414740655224 17.449580941769
771 14.736414740655224 17.339591494557272
772 14.736414740655224 17.31644636123486
773 14.736414740655224 17.304312482396906
774 14.736414740655224 17.37764250183577
775 14.736414740655224 17.29323951339861
776 14.736414740655224 17.221300710532695
777 14.736414740655224 17.31327129158313
778 14.736414740655224 17.27577529356919
779 14.677092985028935 17.352570271036658
780 14.677092985028935 17.360816893674176
781 14.677092985028935 17.38508583721252
782 14.677092985028935 17.439842686709536
783 14.677092985028938 17.45391917358589
784 14.677092985028938 17.405313319454855
785 14.677092985028938 17.34005238228159
786 14.677092985028938 17.276002604988243
787 14.677092985028938 17.33705402656703
788 14.677092985028938 17.24392726018811
789 14.677092985028938 17.19488100426807
790 14.59965416424151 17.182293596902667
791 14.59965416424151 17.22051099154246
792 14.59965416424151 17.184454164849328
793 14.59965416424151 17.16361245801501
794 14.59965416424151 17.176487160285543
795 14.59965416424151 17.156839835206164
796 14.59965416424151 17.08810215296515
797 14.506275922440095 17.159140256156075
798 14.426351041551737 17.23257727438684
799 14.426351041551737 17.211787382752576
800 14.426351041551737 17.1825160204072
801 14.426351041551737 17.171676310935847
802 14.426351041551737 17.08491829388333
803 14.426351041551737 16.98890888330535
804 14.426351041551737 17.159880899926648
805 14.426351041551737 17.154709468347193
806 14.426351041551737 17.097821098468955
807 14.426351041551737 17.133615763158897
808 14.38876014589985 17.134543332466315
809 14.38876014589985 17.132160435986997
810 14.38876014589985 17.155442640525454
811 14.38876014589985 17.148230543432334
812 14.38876014589985 17.157671380023217
813 14.38876014589985 17.130217433490905
814 14.38876014589985 17.13615864333228
815 14.38876014589985 17.146860445286855
816 14.38876014589985 17.115589003296524
817 14.38876014589985 17.037851841260206
818 14.38876014589985 17.16671086669672
819 14.38876014589985 17.154237472379315
820 14.38876014589985 17.27996675844476
821 14.38876014589985 17.38904531182656
822 14.38876014589985 17.367775659762096
823 14.388760145899852 17.427273175367908
824 14.388760145899852 17.317563220450992
825 14.388760145899852 17.41263637053696
826 14.388760145899852 17.417568041679946
827 14.388760145899852 17.520581036157292
828 14.388760145899852 17.426356832767357
829 14.388760145899852 17.46903214591773
830 14.388760145899852 17.547482629581094
831 14.388760145899852 17.451283333164028
832 14.388760145899852 17.500632563844917
833 14.388760145899852 17.53789434636301
834 14.388760145899852 17.561320920040085
835 14.388760145899852 17.61633375639835
836 14.388760145899852 17.610375994662345
837 14.388760145899852 17.527469257598685
838 14.388760145899852 17.502223933541664
839 14.388760145899852 17.51190362843978
840 14.388760145899852 17.454290026596784
841 14.388760145899852 17.53686901784522
842 14.388760145899852 17.57844242501939
843 14.388760145899852 17.542796096950823
844 14.388760145899852 17.50637998321959
845 14.388760145899852 17.68562883714497
846 14.388760145899852 17.57830118269163
847 14.388760145899852 17.568725302863132
848 14.388760145899852 17.558029324484984
849 14.388760145899852 17.56655879217661
850 14.388760145899852 17.583310250774073
851 14.388760145899852 17.580656253140134
852 14.388760145899852 17.724704588419808
853 14.388760145899852 17.686443662164326
854 14.388760145899852 17.710990249087303
855 14.388760145899852 17.70473426771941
856 14.388760145899852 17.71697017189265
857 14.388760145899852 17.688858836271287
858 14.388760145899852 17.697489204214488
859 14.370007335811867 17.708632200405916
860 14.370007335811867 17.629926885546073
861 14.370007335811867 17.63615066543482
862 14.370007335811867 17.670610766617102
863 14.370007335811867 17.64857471518157
864 14.370007335811867 17.57598301301089
865 14.370007335811867 17.590980577210576
866 14.370007335811867 17.603211799805873
867 14.370007335811867 17.526730935300243
868 14.370007335811867 17.5925273475856
869 14.370007335811867 17.543597821261624
870 14.370007335811867 17.539516016076483
871 14.370007335811867 17.605590284410674
872 14.370007335811867 17.469654942861112
873 14.370007335811867 17.408237550393352
874 14.370007335811867 17.42839133037231
875 14.370007335811867 17.446304085969818
876 14.370007335811867 17.359678302614487
877 14.370007335811867 17.328981336119327
878 14.370007335811867 17.37965017637521
879 14.370007335811867 17.340808233476956
880 14.344467225431398 17.413365276773558
881 14.344467225431398 17.440560680706362
882 14.344467225431398 17.473323553344095
883 14.344467225431398 17.520332874509197
884 14.344467225431398 17.452706082911444
885 14.344467225431398 17.37482330748972
886 14.344467225431398 17.399576517795833
887 14.344467225431398 17.38131316064839
888 14.344467225431398 17.361101429521458
889 14.344467225431398 17.336940989574135
890 14.344467225431398 17.36436098208126
891 14.344467225431398 17.500726173979775
892 14.344467225431398 17.61590438500726
893 14.344467225431398 17.638347600068357
894 14.344467225431398 17.670002809813464
895 14.344467225431398 17.56531505905259
896 14.344467225431398 17.658787926794083
897 14.344467225431398 17.808699255450072
898 14.344467225431398 17.734072486902072
899 14.344467225431398 17.753751066667803
900 14.344467225431398 17.74309653917903
901 14.344467225431398 17.749087539532535
902 14.344467225431398 17.66840707642773
903 14.344467225431398 17.665938241238884
904 14.344359446556838 17.67814010543666
905 14.344359446556838 17.621450648251894
906 14.344359446556838 17.660267129724186
907 14.344359446556838 17.627384592148704
908 14.344359446556838 17.608915541392456
909 14.344359446556838 17.596698551629437
910 14.344359446556838 17.651202400925204
911 14.344359446556838 17.5727032870653
912 14.344359446556838 17.619348355314884
913 14.344359446556838 17.622946914190305
914 14.344359446556838 17.661680775804708
915 14.344359446556838 17.570349344129557
916 14.344359446556838 17.40803436794382
917 14.344359446556838 17.380317032541406
918 14.344359446556838 17.381774357199102
919 14.344359446556838 17.361312026775813
920 14.344359446556838 17.26111587179263
921 14.344359446556838 17.286519091771083
922 14.344359446556838 17.345041981252287
923 14.344359446556838 17.259304862129213
924 14.344359446556838 17.316607379033783
925 14.344359446556838 17.221401856155477
926 14.344359446556838 17.21520077781064
927 14.344359446556838 17.18182935877478
928 14.344359446556838 17.3041895604494
929 14.344359446556838 17.180005353103297
930 14.344359446556838 17.09869592027133
931 14.344359446556838 17.098020243149925
932 14.344359446556838 17.0059304146353
933 14.344359446556838 17.058817767963795
934 14.344359446556838 17.043235153271954
935 14.344359446556838 16.962670692592784
936 14.344359446556838 16.985814717323027
937 14.175524530047971 16.99770693290201
938 14.175524530047971 17.04629151983434
939 14.175524530047971 16.9464835005902
940 14.175524530047971 16.983072124817898
941 14.175524530047971 16.918323509516625
942 14.175524530047971 16.9043599808418
943 14.175524530047971 16.90907160467438
944 14.175524530047971 16.95453935462495
945 14.115018482292314 16.94465960057412
946 14.115018482292314 16.954504003484725
947 14.115018482292314 17.002615053262776
948 13.999022432520233 16.918620794547753
949 13.999022432520233 16.824847814825397
950 13.999022432520233 16.92052098272641
951 13.999022432520233 16.838314931507096
952 13.999022432520233 16.901926886287235
953 13.999022432520233 16.86533237182921
954 13.999022432520233 16.93435585698298
955 13.999022432520233 16.836333632843235
956 13.999022432520233 16.957275304005506
957 13.999022432520233 16.98738679460049
958 13.999022432520233 16.933824299966812
959 13.999022432520233 17.02118898942237
960 13.999022432520233 16.939197767319737
961 13.999022432520233 16.88008544455331
962 13.999022432520233 16.829766107485188
963 13.999022432520233 16.82531796395221
964 13.999022432520233 16.877654268482893
965 13.999022432520233 16.896204733253075
966 13.999022432520233 16.876585709329564
967 13.999022432520233 16.841471672211412
968 13.999022432520233 16.735360528497562
969 13.999022432520233 16.50742319752316
970 13.999022432520233 16.559080162278946
971 13.999022432520233 16.46619296680278
972 13.999022432520233 16.54848818393053
973 13.999022432520233 16.648478556352654
974 13.999022432520233 16.62392396256741
975 13.999022432520233 16.648394432769535
976 13.999022432520233 16.768508844283737
977 13.999022432520233 16.724466780248992
978 13.999022432520233 16.805893219593514
979 13.999022432520233 16.756821438340484
980 13.999022432520233 16.73945961233732
981 13.999022432520233 16.739372348441478
982 13.999022432520233 16.717889046600874
983 13.999022432520233 16.741918564421702
984 13.999022432520233 16.71447229942636
985 13.999022432520233 16.71715796707593
986 13.999022432520233 16.637808542349163
987 13.999022432520233 16.673325836399727
988 13.999022432520233 16.595292084291685
989 13.999022432520233 16.676157169929446
990 13.999022432520233 16.678954235077594
991 13.999022432520233 16.77398725134018
992 13.999022432520233 16.70119686736027
993 13.999022432520233 16.676363550792725
994 13.999022432520233 16.653485386471232
995 13.999022432520233 16.601552978373782
996 13.999022432520233 16.582323573137828
997 13.999022432520233 16.4900869149932
998 13.999022432520233 16.627442287475233
999 13.999022432520233 16.798585257352286
