# iteración mejor promedio
0 20.592770487430194 21.074239613554955
1 20.592770487430194 21.087615158297837
2 20.52971512470596 21.076411425213145
3 20.529176469428013 21.045307702632396
4 20.4790633873229 21.04289154012653
5 20.421658543715758 21.04813981231682
6 20.421658543715758 21.040013889089355
7 20.421658543715758 21.0314391836804
8 20.421658543715758 21.02727557368941
9 20.421658543715758 21.012077383888432
10 20.421658543715758 21.003972940905413
11 20.421658543715758 21.017054333419722
12 20.412934057739072 21.01224694289988
13 20.412934057739072 21.00973047624521
14 20.412934057739072 21.04959068799137
15 20.412934057739072 21.03626920286306
16 20.412934057739072 21.02450695916335
17 20.367356913268626 21.017643532918804
18 20.367356913268626 21.01736509597312
19 20.294925179617348 20.987192414076823
20 20.294925179617348 21.013000860222927
21 20.294925179617348 21.005666877013795
22 20.294925179617348 20.984095283121775
23 20.294925179617348 20.969624191639447
24 20.294925179617348 20.97431457821014
25 20.294925179617348 20.954616358844635
26 20.22860916463874 20.96196914959546
27 20.22860916463874 20.953888224467523
28 20.22860916463874 20.960202208356726
29 20.22860916463874 20.97484240912263
30 20.22860916463874 20.95519217906872
31 20.22860916463874 20.930199943029574
32 20.22860916463874 20.916249974032386
33 20.22860916463874 20.921214475328416
34 20.075059008068216 20.928530384768187
35 20.075059008068216 20.922715197247122
36 20.075059008068216 20.906327515564136
37 20.075059008068216 20.914531609593922
38 20.075059008068216 20.943356196070567
39 20.075059008068216 20.926529878613636
40 20.075059008068216 20.94216499718636
41 20.075059008068216 20.950870121577683
42 20.014814769513467 20.958046682669927
43 20.014814769513467 20.934877765296783
44 20.014814769513467 20.930695859568477
45 19.967558552573895 20.91456857570295
46 19.898183734775152 20.90295347497988
47 19.898183734775152 20.896889561590775
48 19.898183734775152 20.88710469673562
49 19.898183734775152 20.90005042802792
50 19.88632662951718 20.872637869490074
51 19.88632662951718 20.86146170224531
52 19.88632662951718 20.83375243522952
53 19.88632662951718 20.81782962443698
54 19.88632662951718 20.85598203771016
55 19.88632662951718 20.817665390134902
56 19.88632662951718 20.8074742405127
57 19.88632662951718 20.822370379835547
58 19.88632662951718 20.83792194377977
59 19.88632662951718 20.818152293185403
60 19.88632662951718 20.831596952212024
61 19.88632662951718 20.822682740993336
62 19.88632662951718 20.80232144208971
63 19.772654724015933 20.811614909018523
64 19.772654724015933 20.803488750804796
65 19.772654724015933 20.82545157549894
66 19.772654724015933 20.81983868198748
67 19.772654724015933 20.81958479703465
68 19.772654724015933 20.807357570097324
69 19.772654724015933 20.801264626482126
70 19.772654724015933 20.799406251692094
71 19.772654724015933 20.804806374190154
72 19.772654724015933 20.776600507387688
73 19.772654724015933 20.79451655946213
74 19.772654724015933 20.79222709416217
75 19.772654724015933 20.790005966247247
76 19.772654724015933 20.815557165592157
77 19.772654724015933 20.818209492344813
78 19.772654724015933 20.813098483586163
79 19.772654724015933 20.820614701691895
80 19.772654724015933 20.80500788870597
81 19.772654724015933 20.795307569094838
82 19.772654724015933 20.794486870990703
83 19.772654724015933 20.779714914405854
84 19.772654724015933 20.772951669004247
85 19.772654724015933 20.743992021320036
86 19.772654724015933 20.72368442535039
87 19.772654724015933 20.71223744307471
88 19.772654724015933 20.720111838734628
89 19.772654724015933 20.70856681187476
90 19.772654724015933 20.70477480405304
91 19.542352248579057 20.69390757386291
92 19.44991904093457 20.6981264591787
93 19.299382973870507 20.690394433955948
94 19.299382973870507 20.699567465364858
95 19.299382973870507 20.692227144292737
96 19.299382973870507 20.67609023946072
97 19.294581906553624 20.64691846679905
98 19.294581906553624 20.64583966190313
99 19.294581906553624 20.627882458396876
100 19.294581906553624 20.639178002010905
101 19.294581906553624 20.640321734865037
102 19.27842037576639 20.65161319225072
103 19.27842037576639 20.6395540695906
104 19.27842037576639 20.584540928252025
105 19.27842037576639 20.58846854893833
106 19.27842037576639 20.574138648513056
107 19.27842037576639 20.540127634401905
108 19.27842037576639 20.55551893214217
109 19.27842037576639 20.532559866652292
110 19.27842037576639 20.508823707746156
111 19.27842037576639 20.515261001355412
112 19.27842037576639 20.519626326904277
113 19.098042951005986 20.549647099192953
114 19.031485838237167 20.571390922813507
115 19.031485838237167 20.589464385565574
116 19.031485838237167 20.606104236844104
117 19.031485838237167 20.621262677953382
118 19.031485838237167 20.612623967246922
119 19.031485838237167 20.61470213890352
120 19.031485838237167 20.57712753458397
121 19.031485838237167 20.60119757560765
122 19.031485838237167 20.57234136674473
123 19.031485838237167 20.5456363803343
124 19.031485838237167 20.52567161709314
125 19.031485838237167 20.528825267048514
126 19.031485838237167 20.519507053762
127 19.031485838237167 20.531900560584635
128 19.031485838237167 20.539018690600773
129 19.031485838237167 20.501747743179404
130 19.031485838237167 20.476413181230228
131 19.031485838237167 20.470568642358096
132 19.031485838237167 20.461672103333154
133 19.031485838237167 20.405259207568516
134 19.031485838237167 20.41388585807095
135 19.031485838237167 20.442148256922984
136 19.013215589695147 20.451755542965454
137 19.013215589695147 20.456992648425327
138 19.013215589695147 20.45061251662658
139 19.013215589695147 20.445212591999116
140 19.013215589695147 20.41510784364797
141 19.013215589695147 20.411206052780333
142 18.926550336693214 20.417373251882044
143 18.926550336693214 20.362248700232655
144 18.926550336693214 20.4011805693536
145 18.755839102655226 20.350963745749205
146 18.755839102655226 20.298476468553545
147 18.755839102655226 20.334739790183647
148 18.755839102655226 20.38166814139674
149 18.755839102655226 20.377035526694982
150 18.755839102655226 20.354462922016307
151 18.755839102655226 20.31107005502292
152 18.755839102655226 20.27428967891115
153 18.755839102655226 20.254330273094464
154 18.755839102655226 20.214825640781655
155 18.755839102655226 20.23258157565478
156 18.755839102655226 20.18710918786783
157 18.755839102655226 20.224471165938493
158 18.755839102655226 20.255186935263215
159 18.755839102655226 20.207572805718534
160 18.74592805754046 20.196790245656832
161 18.209592643948916 20.232213324063665
162 18.209592643948916 20.283093427562736
163 18.209592643948916 20.296670490291373
164 18.209592643948916 20.315330342495443
165 18.209592643948916 20.30862089045105
166 18.209592643948916 20.3159304144501
167 18.209592643948916 20.34031979987283
168 18.209592643948916 20.349822995854467
169 18.177326966312737 20.341253239037602
170 18.177326966312737 20.305043179426974
171 18.177326966312737 20.338927177827102
172 18.13767208813299 20.346135683626176
173 18.13767208813299 20.369431092900978
174 18.13767208813299 20.348936207583662
175 18.13767208813299 20.36326702575128
176 18.13767208813299 20.32354313603983
177 18.13767208813299 20.32812507930749
178 18.13767208813299 20.336655362534724
179 18.13767208813299 20.348593942217654
180 18.13767208813299 20.312293711987873
181 18.13767208813299 20.29511104017627
182 18.13767208813299 20.317468278590756
183 18.13767208813299 20.247855272967136
184 18.13767208813299 20.29349134187129
185 18.13767208813299 20.27607633405978
186 18.13767208813299 20.23285155317753
187 18.13767208813299 20.226069300579496
188 18.13767208813299 20.219649202469242
189 18.13767208813299 20.22905621273497
190 18.13767208813299 20.202215727596943
191 18.13767208813299 20.157971911985506
192 18.13767208813299 20.13247651988926
193 18.134906887131816 20.094148672536868
194 18.134906887131816 20.08724859585106
195 17.685613719730174 20.074751330807672
196 17.685613719730174 20.069703961122688
197 17.685613719730174 20.0865868161177
198 17.685613719730174 20.07422388072931
199 17.685613719730174 20.012236283098403
200 17.685613719730174 20.000435884885686
201 17.685613719730174 20.007095115884603
202 17.685613719730174 20.001017840218932
203 17.685126772314543 19.992946420417407
204 17.685126772314543 19.962049428449255
205 17.685126772314543 19.988763379819915
206 17.685126772314543 19.982902567721393
207 17.685126772314543 19.961418834687457
208 17.685126772314543 19.97793843737427
209 17.685126772314543 19.93822046473586
210 17.685126772314543 19.955981044813395
211 17.685126772314547 19.954421499738725
212 17.685126772314547 19.944045509925814
213 17.685126772314547 20.000552527039876
214 17.685126772314547 19.99868976865117
215 17.685126772314547 19.964946382206648
216 17.685126772314547 19.929943925815575
217 17.685126772314547 19.911720053408327
218 17.685126772314547 19.913250101830705
219 17.685126772314547 19.903121878387488
220 17.685126772314547 19.875922384460406
221 17.685126772314547 19.900030291576343
222 17.685126772314547 19.86880007226204
223 17.685126772314547 19.883729030866313
224 17.685126772314547 19.83488990713682
225 17.685126772314547 19.789595246751016
226 17.685126772314547 19.761701231364622
227 17.685126772314547 19.782680816090814
228 17.685126772314547 19.7948175273803
229 17.685126772314547 19.76889371064296
230 17.685126772314547 19.83385971385002
231 17.685126772314547 19.836319112100345
232 17.685126772314547 19.877191768983014
233 17.685126772314547 19.907758281853877
234 17.685126772314547 19.951387648794682
235 17.685126772314547 19.966611559707445
236 17.685126772314547 19.982976578282216
237 17.685126772314547 19.988109431739023
238 17.685126772314547 19.965615807357544
239 17.685126772314547 19.95910619155266
240 17.685126772314547 19.94484412434378
241 17.685126772314547 19.979324936729185
242 17.685126772314547 19.973615831483563
243 17.685126772314547 19.946573096801092
244 17.685126772314547 19.979664524030554
245 17.685126772314547 19.965030813804226
246 17.685126772314547 19.94522642936674
247 17.685126772314547 19.92852612925618
248 17.685126772314547 19.87732200664544
249 17.685126772314547 19.92508332358598
250 17.685126772314547 19.915006541738283
251 17.685126772314547 19.835562983265977
252 17.685126772314547 19.84984573376248
253 17.685126772314547 19.82882575444842
254 17.677035384965368 19.825039192182576
255 17.67160553693005 19.838183969729126
256 17.67160553693005 19.88527183740851
257 17.67160553693005 19.87586443002514
258 17.67160553693005 19.869955094834765
259 17.67160553693005 19.880353144867396
260 17.67160553693005 19.83467140886995
261 17.67160553693005 19.81504479255486
262 17.67160553693005 19.84804520124426
263 17.600744272508116 19.779072449996583
264 17.600744272508116 19.775438276989043
265 17.600744272508116 19.7402141421908
266 17.600744272508116 19.73743152603428
267 17.600744272508116 19.733572146890094
268 17.600744272508116 19.73406297090399
269 17.600744272508116 19.741244844575505
270 17.600744272508116 19.771891032349455
271 17.600744272508116 19.656624798782044
272 17.600744272508116 19.691120357776313
273 17.600744272508116 19.637646935695045
274 17.600744272508116 19.704526839664016
275 17.600744272508116 19.70254522395178
276 17.600744272508116 19.69303531371896
277 17.600744272508116 19.695449478325372
278 17.600744272508116 19.717972731027693
279 17.600744272508116 19.715348959688928
280 17.600744272508116 19.749113082967096
281 17.600744272508116 19.72614118964053
282 17.600744272508116 19.68925155579123
283 17.45491551644381 19.6711499559247
284 17.45491551644381 19.6952804776151
285 17.45491551644381 19.62464610518987
286 17.45491551644381 19.59278426396959
287 17.45491551644381 19.586492004172023
288 17.45491551644381 19.603925832943464
289 17.45491551644381 19.607786454520465
290 17.45491551644381 19.598647169543856
291 17.45491551644381 19.56372204963836
292 17.45491551644381 19.54591281777367
293 17.45491551644381 19.555883302673724
294 17.45491551644381 19.489239533898377
295 17.45491551644381 19.477747104627873
296 17.284761426625927 19.435956470208936
297 17.284761426625927 19.49327068764356
298 17.284761426625927 19.504510365534532
299 17.284761426625927 19.519107379582604
300 17.284761426625927 19.514089591026476
301 17.284761426625927 19.521900910132
302 17.284761426625927 19.533450183796827
303 17.284761426625927 19.575437124043347
304 17.284761426625927 19.54558579364516
305 17.284761426625927 19.51721328741033
306 17.284761426625927 19.53033526398621
307 17.284761426625927 19.5333978901245
308 17.284761426625927 19.59942839282681
309 17.284761426625927 19.57580080320083
310 17.284761426625927 19.560956976763183
311 17.284761426625927 19.558103083310808
312 17.284761426625927 19.561707381690553
313 17.284761426625927 19.545566621295578
314 17.284761426625927 19.550890282715542
315 17.284761426625927 19.52038937856192
316 17.284761426625927 19.454374562176746
317 17.284761426625927 19.38721085286091
318 17.284761426625927 19.347188171668797
319 17.284761426625927 19.29927172135176
320 17.284761426625927 19.213211826854828
321 17.284761426625927 19.23278392795238
322 17.284761426625927 19.265969278609756
323 17.284761426625927 19.275561294568544
324 17.27404265287416 19.26179501826505
325 17.27404265287416 19.18807978478628
326 17.27404265287416 19.23026380488771
327 17.27404265287416 19.240209572695893
328 17.27404265287416 19.252448869420306
329 17.27404265287416 19.2179650575454
330 17.27404265287416 19.195230159479603
331 17.27404265287416 19.222182430096137
332 16.837776900793617 19.225284783268616
333 16.837776900793617 19.139231622766896
334 16.837776900793617 19.069763762505104
335 16.837776900793617 19.101355618422033
336 16.837776900793617 19.076657345919145
337 16.837776900793617 19.03706816866559
338 16.837776900793617 19.072316691159212
339 16.837776900793617 19.06750854930432
340 16.837776900793617 19.059459045694517
341 16.837776900793617 19.04373686230074
342 16.837776900793617 19.036495132764983
343 16.764835436890614 19.08285246705723
344 16.764835436890614 19.138167308151928
345 16.764835436890614 19.100719002951404
346 16.764835436890614 19.04014571764301
347 16.764835436890614 19.024851373822543
348 16.764835436890614 19.078470035861177
349 16.764835436890614 19.092465178641746
350 16.764835436890614 19.044216385387134
351 16.764835436890614 19.027784097063524
352 16.764835436890614 18.976586076354383
353 16.764835436890614 19.045596842749525
354 16.764835436890614 18.95462471701985
355 16.764835436890614 18.8975494542141
356 16.764835436890614 18.929767506207142
357 16.764835436890614 19.006715662075308
358 16.764835436890614 18.98752139694657
359 16.764835436890614 18.984147775117048
360 16.764835436890614 19.001923926256296
361 16.764835436890614 19.05045733365737
362 16.764835436890614 19.029886828221812
363 16.764835436890614 19.043596503869498
364 16.764835436890614 18.904595123041478
365 16.764835436890614 18.920002219004594
366 16.764835436890614 18.91923846653282
367 16.764835436890614 18.87170334241464
368 16.764835436890614 18.90351541647943
369 16.764835436890614 18.93524782897731
370 16.764835436890614 18.930596627067533
371 16.764835436890614 18.9280160431485
372 16.764835436890614 18.924702385639677
373 16.764835436890614 18.88703404943145
374 16.764835436890614 18.911181880182657
375 16.764835436890614 18.91485945259193
376 16.764835436890614 18.889340609297328
377 16.764835436890614 18.963938310295063
378 16.764835436890614 18.957383416427152
379 16.764835436890614 18.994064220841327
380 16.764835436890614 19.047640155302105
381 16.764835436890614 18.987750633822895
382 16.764835436890614 18.975857148542865
383 16.764835436890614 18.91911185307343
384 16.764835436890614 18.924352159464664
385 16.764835436890614 18.930433009578692
386 16.764835436890614 18.866950868300208
387 16.764835436890614 18.883854207384854
388 16.764835436890614 18.821119266623864
389 16.764835436890614 18.836862127337838
390 16.764835436890614 18.907309513977545
391 16.764835436890614 18.91757503225045
392 16.764835436890614 18.933468584359925
393 16.764835436890614 18.962980529564337
394 16.764835436890614 18.933504960584603
395 16.764835436890614 18.962341432333105
396 16.764835436890614 18.90028335850736
397 16.76483543689061 18.923158381774854
398 16.76483543689061 18.918482604975544
399 16.76483543689061 18.91222911387429
400 16.76483543689061 18.957538763267337
401 16.76483543689061 18.951312938601273
402 16.76483543689061 18.95123507108042
403 16.76483543689061 18.931511396620877
404 16.76483543689061 18.85958829801928
405 16.76483543689061 18.844720125300427
406 16.76483543689061 18.829592275087492
407 16.76483543689061 18.874672352666035
408 16.76483543689061 18.830076716637254
409 16.76483543689061 18.80215773976111
410 16.76483543689061 18.831748503316163
411 16.76483543689061 18.789900119459737
412 16.76483543689061 18.789502997374008
413 16.76483543689061 18.78672911935761
414 16.76483543689061 18.738001382448385
415 16.76483543689061 18.703982346887187
416 16.76483543689061 18.6928743804724
417 16.76483543689061 18.732343370081495
418 16.76483543689061 18.694475549808406
419 16.60887770437685 18.74025593269065
420 16.60887770437685 18.708881645598957
421 16.60887770437685 18.7019857369326
422 16.60887770437685 18.798812687242492
423 16.60887770437685 18.82676481968703
424 16.60887770437685 18.837235813565293
425 16.60887770437685 18.893495067541124
426 16.60887770437685 18.902284852807583
427 16.60887770437685 18.93937879107997
428 16.60887770437685 18.908933475764712
429 16.60887770437685 18.9050567058475
430 16.60887770437685 18.935164885653347
431 16.60887770437685 18.91883500984251
432 16.60887770437685 18.969264685532252
433 16.60887770437685 18.966405052737638
434 16.60887770437685 18.936582681100784
435 16.60887770437685 18.979160489288798
436 16.60887770437685 19.008824639833183
437 16.60887770437685 18.94311852522641
438 16.60887770437685 18.97300529697951
439 16.60887770437685 18.924158454307868
440 16.60887770437685 18.97263759654056
441 16.60887770437685 19.024940757859817
442 16.60887770437685 19.01925479245047
443 16.60887770437685 18.978789004189572
444 16.60887770437685 18.922805399780767
445 16.60887770437685 18.94805348678674
446 16.60887770437685 18.929708315203897
447 16.60887770437685 18.953880265333222
448 16.60887770437685 18.928135355633472
449 16.60887770437685 18.92960768185646
450 16.60887770437685 18.90360492393808
451 16.60887770437685 18.876554748474216
452 16.60887770437685 18.888716025228376
453 16.60887770437685 18.866814784297745
454 16.60887770437685 18.90301376963384
455 16.60887770437685 18.906946262759426
456 16.60887770437685 18.938789390681983
457 16.60887770437685 18.93115766323264
458 16.60887770437685 18.937523198294606
459 16.60887770437685 19.022348209914085
460 16.60887770437685 19.047079509482
461 16.60887770437685 19.00723013553143
462 16.60887770437685 18.9719644366232
463 16.60887770437685 18.993250247520745
464 16.60887770437685 18.994063631639374
465 16.60887770437685 19.007088605336026
466 16.60887770437685 19.037644750719373
467 16.60887770437685 19.01716572858545
468 16.60887770437685 18.98369976928761
469 16.60887770437685 19.04503517716462
470 16.60887770437685 18.95563454397971
471 16.60887770437685 18.924519338259962
472 16.60887770437685 18.895030153463782
473 16.60887770437685 18.912991939298344
474 16.60887770437685 18.824344395235453
475 16.60887770437685 18.890162169210882
476 16.60887770437685 18.968625664900884
477 16.60887770437685 18.924555200286804
478 16.60887770437685 18.9557143962744
479 16.487639975397794 18.952458186837056
480 16.487639975397794 18.927805181067804
481 16.393210982117417 18.934823308590445
482 16.393210982117417 18.83865496890603
483 16.065843982116846 18.80142330017929
484 16.065843982116846 18.807142799103747
485 16.065843982116846 18.77671854048281
486 16.065843982116846 18.73222474389439
487 16.065843982116846 18.597883624838843
488 16.065843982116846 18.561869791985153
489 16.065843982116846 18.58059943180335
490 16.065843982116846 18.58633588781731
491 16.065843982116846 18.60270209557897
492 16.065843982116846 18.678558801563355
493 16.065843982116846 18.718366314938788
494 16.065843982116846 18.774714745472608
495 16.041505205118355 18.686101488098128
496 16.041505205118355 18.780265774183928
497 16.041505205118355 18.69722755560974
498 16.041505205118355 18.70574684571544
499 15.920535404544966 18.701605275452636
500 15.920535404544966 18.738184629593974
501 15.920535404544966 18.596168277204825
502 15.920535404544966 18.60458101329746
503 15.920535404544966 18.65896641374052
504 15.920535404544966 18.6586043118411
505 15.920535404544966 18.676454635296867
506 15.920535404544966 18.647777083906295
507 15.920535404544966 18.618841424389917
508 15.920535404544966 18.66245524830747
509 15.920535404544966 18.638039714934543
510 15.85997080829094 18.590120021882946
511 15.85997080829094 18.60743648916619
512 15.85997080829094 18.654757304763688
513 15.859970808290939 18.57155483766915
514 15.859970808290939 18.624935994723856
515 15.859970808290939 18.537808152455185
516 15.859970808290939 18.522038457319653
517 15.859970808290939 18.52971892761812
518 15.859970808290939 18.450949911314023
519 15.859970808290939 18.472242764702365
520 15.859970808290939 18.43675930035242
521 15.859970808290939 18.484412903437565
522 15.859970808290939 18.427051826119463
523 15.859970808290939 18.380808509835376
524 15.859970808290939 18.390682864574146
525 15.859970808290939 18.409446905854107
526 15.859970808290939 18.456637008802353
527 15.859970808290939 18.42923221057209
528 15.859970808290939 18.514233378064382
529 15.859970808290939 18.470365306801394
530 15.859970808290939 18.407557349279774
531 15.859970808290939 18.36451418141156
532 15.859970808290939 18.476050347531533
533 15.859970808290939 18.46469777129117
534 15.859970808290939 18.47734747710429
535 15.859970808290939 18.452147692515506
536 15.859970808290939 18.532820411401765
537 15.859970808290939 18.45274727203897
538 15.859970808290939 18.38239627051175
539 15.859970808290939 18.42537869640787
540 15.85997080829094 18.42807096682621
541 15.69075786174485 18.404077508366466
542 15.69075786174485 18.447172454621754
543 15.69075786174485 18.4766623047138
544 15.69075786174485 18.500589394805946
545 15.69075786174485 18.5243474484383
546 15.69075786174485 18.47310983133675
547 15.69075786174485 18.377045183900442
548 15.69075786174485 18.44023369944289
549 15.69075786174485 18.42900704828249
550 15.69075786174485 18.448744469632235
551 15.69075786174485 18.429039030923505
552 15.69075786174485 18.43677061224543
553 15.69075786174485 18.379311485300914
554 15.69075786174485 18.4704631774895
555 15.69075786174485 18.416540543911665
556 15.69075786174485 18.383919872521357
557 15.69075786174485 18.34045980680797
558 15.69075786174485 18.402786693685314
559 15.69075786174485 18.463503849413367
560 15.69075786174485 18.572287865347135
561 15.69075786174485 18.53855960872776
562 15.69075786174485 18.45965854087012
563 15.69075786174485 18.403776644777768
564 15.66178783482338 18.379522578557374
565 15.66178783482338 18.401438127566628
566 15.66178783482338 18.419071412788117
567 15.66178783482338 18.41280845744625
568 15.66178783482338 18.415899094553534
569 15.66178783482338 18.47810460233987
570 15.66178783482338 18.429396388132453
571 15.66178783482338 18.44450840776705
572 15.66178783482338 18.44080890778971
573 15.66178783482338 18.377840500692965
574 15.66178783482338 18.394908963721317
575 15.66178783482338 18.416939378666786
576 15.66178783482338 18.358959949512908
577 15.628445978522706 18.355199248688226
578 15.628445978522706 18.372406195312905
579 15.628445978522706 18.378341355170292
580 15.628445978522706 18.381546342472667
581 15.628445978522706 18.375536651928815
582 15.628445978522706 18.38367747640717
583 15.628445978522706 18.403726043681683
584 15.628445978522706 18.446463925678508
585 15.628445978522706 18.362305283342824
586 15.628445978522706 18.3242089104439
587 15.628445978522706 18.44623115251459
588 15.628445978522706 18.48211538785826
589 15.628445978522706 18.50188538844637
590 15.57346082860823 18.434809860242176
591 15.57346082860823 18.476288444203476
592 15.57346082860823 18.473112188631088
593 15.57346082860823 18.4973632034348
594 15.57346082860823 18.517041376929566
595 15.57346082860823 18.488031294261358
596 15.57346082860823 18.577530445198278
597 15.57346082860823 18.582562166926092
598 15.57346082860823 18.54916369479462
599 15.57346082860823 18.59130597124655
600 15.57346082860823 18.540340752725232
601 15.57346082860823 18.53729929266066
602 15.57346082860823 18.52056199003227
603 15.57346082860823 18.525942070440482
604 15.57346082860823 18.502669592514945
605 15.57346082860823 18.493348223511013
606 15.57346082860823 18.460308568114844
607 15.57346082860823 18.47268996266669
608 15.57346082860823 18.5281699349848
609 15.57346082860823 18.533674197578968
610 15.57346082860823 18.55498212796674
611 15.57346082860823 18.50980731759287
612 15.57334727818732 18.443225732429948
613 15.57334727818732 18.374029811746123
614 15.57334727818732 18.30739908489569
615 15.57334727818732 18.28225199535379
616 15.57334727818732 18.41239435684764
617 15.57334727818732 18.455688743487784
618 15.57334727818732 18.352432486177914
619 15.569952025151899 18.31465944369355
620 15.569952025151899 18.37996099510183
621 15.569952025151899 18.275438380051593
622 15.56731325027897 18.33472316012838
623 15.56731325027897 18.373961000811136
624 15.56731325027897 18.34090386669067
625 15.56731325027897 18.332122011952315
626 15.56731325027897 18.30550293125001
627 15.56731325027897 18.236166568081472
628 15.56731325027897 18.180481908732425
629 15.56731325027897 18.155276127858862
630 15.56731325027897 18.099696740966298
631 15.56731325027897 18.04045836244632
632 15.56731325027897 18.033034558833414
633 15.56731325027897 18.030828894141127
634 15.56731325027897 18.02700882543395
635 15.56731325027897 18.08722408034184
636 15.56731325027897 18.161001208309326
637 15.56731325027897 18.16915233398417
638 15.56731325027897 18.12357206936235
639 15.56731325027897 18.130760307145362
640 15.56731325027897 18.065353343568113
641 15.56731325027897 18.055975442798513
642 15.489919348325419 18.0653082608759
643 15.48991934832542 18.037720693957258
644 15.48991934832542 18.1266857230009
645 15.48991934832542 18.12888286576533
646 15.48991934832542 17.98502039635491
647 15.48991934832542 17.927312255131145
648 15.215749053123494 17.92335139535178
649 15.215749053123494 17.87686572581074
650 15.215749053123494 17.966037186366727
651 15.215749053123494 18.000958319623862
652 15.215749053123494 17.972822168588564
653 15.11126061017477 17.92534383719729
654 15.11126061017477 17.891798429058678
655 15.11126061017477 17.888526064215792
656 15.11126061017477 17.807016874597412
657 15.11126061017477 17.762431296754027
658 15.11126061017477 17.837597906400173
659 15.11126061017477 17.82856799034106
660 15.11126061017477 17.837873112821974
661 15.11126061017477 17.739281408282082
662 15.11126061017477 17.817637081275272
663 15.04018550361411 17.701018829669152
664 14.944984767581278 17.739553596870415
665 14.944984767581278 17.80369738611561
666 14.944984767581278 17.693190605890535
667 14.868010399349425 17.660625035370433
668 14.575995189798702 17.59271287556191
669 14.575995189798702 17.64195135127392
670 14.575995189798702 17.52963241780338
671 14.575995189798702 17.459931667965872
672 14.575995189798702 17.507299734550497
673 14.575995189798702 17.49107889915124
674 14.575995189798702 17.517018510174015
675 14.575995189798702 17.509130598619453
676 14.575995189798702 17.486573506177507
677 14.575995189798702 17.610539407931416
678 14.575995189798702 17.64260488251824
679 14.575995189798702 17.616163515863512
680 14.575995189798702 17.616403272616516
681 14.575995189798702 17.533174034333104
682 14.575995189798702 17.481699412596686
683 14.575995189798702 17.40649452141689
684 14.575995189798702 17.48038157181237
685 14.575995189798702 17.38935681478298
686 14.438603612716596 17.411249584977785
687 14.438603612716596 17.134302133037572
688 14.438603612716596 17.122985083162263
689 14.438603612716596 17.26015750936486
690 14.425363331969475 17.171710183697265
691 14.425363331969475 17.181040049638572
692 14.425363331969475 17.26102531675689
693 14.425363331969475 17.357070728011326
694 14.425363331969475 17.393258993184283
695 14.425363331969475 17.344755017634583
696 14.425363331969475 17.3751187725711
697 14.425363331969475 17.29419326741212
698 14.425363331969475 17.359469801402053
699 14.425363331969475 17.293887217605626
700 14.328217889589634 17.21673711446572
701 14.328217889589634 17.250880681564748
702 14.328217889589634 17.273592333707764
703 14.328217889589634 17.38527583473873
704 14.328217889589634 17.36088271607965
705 14.328217889589634 17.371166517508016
706 14.270633993406507 17.343095948481395
707 14.270633993406507 17.31259667488504
708 14.270633993406507 17.40351851655753
709 14.270633993406507 17.366742644741755
710 14.270633993406507 17.21366566908408
711 14.270633993406507 17.323725161337755
712 14.270633993406507 17.33608406564924
713 14.270633993406507 17.355514178487923
714 14.270633993406507 17.315626225530654
715 14.270633993406507 17.374277348064542
716 14.270633993406507 17.351541432796818
717 14.270633993406507 17.4079182227396
718 14.270633993406507 17.435578876047288
719 14.270633993406507 17.36076738107525
720 14.270633993406507 17.285576254148886
721 14.270633993406507 17.398865769278924
722 14.270633993406507 17.39395799992048
723 14.270633993406507 17.3235871954523
724 14.270633993406507 17.41667624606197
725 14.27063399340651 17.32564761753857
726 14.27063399340651 17.39273591606243
727 14.27063399340651 17.294355141435666
728 14.27063399340651 17.407167725915244
729 14.27063399340651 17.421483681362982
730 14.27063399340651 17.40067702444157
731 14.27063399340651 17.415946427158712
732 14.27063399340651 17.441430187946306
733 14.27063399340651 17.33644636840702
734 14.27063399340651 17.38084720616986
735 14.27063399340651 17.46871675010655
736 14.27063399340651 17.517861147773036
737 14.27063399340651 17.547031609299985
738 14.27063399340651 17.52158062570476
739 14.27063399340651 17.511038906504584
740 14.27063399340651 17.522567888026753
741 14.27063399340651 17.535220055446075
742 14.27063399340651 17.567670183844854
743 14.27063399340651 17.584528272747445
744 14.27063399340651 17.551567959965567
745 14.27063399340651 17.499746105393484
746 14.27063399340651 17.523412198137187
747 14.27063399340651 17.484015528837066
748 14.27063399340651 17.537670927962964
749 14.27063399340651 17.524479374840897
750 14.27063399340651 17.529018574920766
751 14.27063399340651 17.550785542183302
752 14.27063399340651 17.510378979171325
753 14.27063399340651 17.42733192665721
754 14.27063399340651 17.4047899076205
755 14.27063399340651 17.402378794940525
756 14.27063399340651 17.488431130682095
757 14.27063399340651 17.455596540529076
758 14.27063399340651 17.478299252250263
759 14.27063399340651 17.50140926419204
760 14.27063399340651 17.48399570077047
761 14.27063399340651 17.466006612075923
762 14.27063399340651 17.448490405129768
763 14.133668439726335 17.467852992624387
764 14.133668439726335 17.59279556515827
765 14.133668439726335 17.61381756218575
766 14.133668439726335 17.61816818860079
767 14.133668439726335 17.548262484934327
768 14.133668439726335 17.423215007622336
769 14.133668439726335 17.460017852272532
770 13.99462126495297 17.325374514234912
771 13.99462126495297 17.27861273369705
772 13.781630590823255 17.237096469427396
773 13.781630590823255 17.141798205802537
774 13.781630590823255 17.115705180685456
775 13.781630590823255 17.156353523689678
776 13.781630590823255 16.9740971785325
777 13.781630590823255 17.093663913372552
778 13.781630590823255 17.026951266695267
779 13.781630590823255 17.0827211232537
780 13.781630590823255 17.06572831745451
781 13.781630590823255 17.04359553497454
782 13.781630590823255 17.01948089221891
783 13.781630590823255 17.077087293750957
784 13.781630590823255 17.135716363988823
785 13.781630590823255 17.0711644315511
786 13.781630590823255 17.11701027326346
787 13.781630590823255 17.301207267903834
788 13.781630590823255 17.243797964474567
789 13.781630590823255 17.144689504248305
790 13.70785038084722 17.085244747835755
791 13.70785038084722 17.134316897507446
792 13.70785038084722 17.219978305654404
793 13.70785038084722 17.232998182689037
794 13.70785038084722 17.212953910313423
795 13.70785038084722 17.08008032363459
796 13.675708060246686 17.046276964103896
797 13.675708060246686 17.04643710576555
798 13.675708060246686 16.918766198881528
799 13.675708060246686 16.82243072445091
800 13.675708060246686 16.756286010361826
801 13.675708060246686 16.70008064657542
802 13.675708060246686 16.795036527126086
803 13.675708060246686 16.83136917395478
804 13.675708060246686 16.859660764545502
805 13.67570806024669 16.847276759641105
806 13.67570806024669 16.695980315626738
807 13.656282065956152 16.666222692834893
808 13.656282065956152 16.697226273235025
809 13.656282065956152 16.69543444245575
810 13.656282065956152 16.757500983604345
811 13.523956463393281 16.683579544387193
812 13.523956463393281 16.649430625045635
813 13.15625728396289 16.603851215637302
814 13.15625728396289 16.47944456918477
815 13.15625728396289 16.29997681150469
816 13.15625728396289 16.322726302228983
817 13.15625728396289 16.332420593732056
818 13.15625728396289 16.28228938339702
819 13.15625728396289 16.284979394333465
820 13.15625728396289 16.339767235319183
821 13.15625728396289 16.354980159792785
822 13.11090468426589 16.28601259714494
823 13.11090468426589 16.19526578639389
824 13.11090468426589 16.232687974096077
825 13.11090468426589 16.29376326710979
826 13.11090468426589 16.268018793362
827 13.11090468426589 16.237379146910595
828 13.11090468426589 16.336588218695127
829 13.11090468426589 16.281070310315982
830 12.939819616538683 16.17630282960825
831 12.939819616538683 16.212003378536714
832 12.939819616538683 16.125209300119792
833 12.939819616538683 16.177587913077787
834 12.939819616538683 16.221495878792716
835 12.939819616538683 16.307509988461526
836 12.939819616538683 16.307255992312584
837 12.939819616538683 16.349126634128645
838 12.939819616538683 16.400169198228014
839 12.939819616538683 16.352173305909076
840 12.939819616538683 16.2627289003792
841 12.939819616538683 16.31189704983401
842 12.939819616538683 16.325361164972676
843 12.939819616538683 16.26056380414344
844 12.939819616538683 16.347438732610048
845 12.939819616538683 16.41203173356917
846 12.939819616538683 16.369608343384872
847 12.939819616538683 16.403505283953482
848 12.939819616538683 16.392253603993776
849 12.939819616538683 16.086197936338166
850 12.939819616538683 16.077849685798046
851 12.939819616538683 16.117148814428848
852 12.939819616538683 16.17530197983608
853 12.939819616538683 16.103461633756275
854 12.939819616538683 16.01750871968111
855 12.939819616538683 16.158748463827052
856 12.939819616538683 16.153635364279623
857 12.939819616538683 16.15756458737844
858 12.939819616538683 16.15585636249064
859 12.939819616538683 16.112776003164516
860 12.939819616538683 15.983354877981608
861 12.939819616538683 16.0037428076168
862 12.939819616538683 16.020667671989358
863 12.939819616538683 16.054426509409335
864 12.939819616538683 16.03117780797299
865 12.939819616538683 16.179309955027115
866 12.939819616538683 16.048003203466134
867 12.939819616538683 16.094232725663424
868 12.939819616538683 16.101670244436164
869 12.939819616538683 16.107312299682174
870 12.939819616538683 16.075243746377627
871 12.939819616538683 15.981057372455707
872 12.939819616538683 16.038690306747828
873 12.939819616538683 16.161885616442756
874 12.939819616538683 16.213777825277543
875 12.939819616538683 16.251455300659217
876 12.939819616538683 16.196056283152036
877 12.939819616538683 16.28631643089302
878 12.939819616538683 16.232810544368526
879 12.939819616538683 16.122520836963773
880 12.939819616538683 16.0330553868013
881 12.939819616538683 16.14322918907485
882 12.939819616538683 16.115075092695985
883 12.939819616538683 16.168326129378794
884 12.939819616538683 16.04532074635623
885 12.939819616538683 16.0771156149876
886 12.939819616538683 16.060534980722004
887 12.939819616538683 16.170610971832136
888 12.939819616538683 16.186871398376738
889 12.939819616538683 16.21147013714104
890 12.939819616538683 16.186810789456278
891 12.939819616538683 16.1920902199255
892 12.939819616538683 16.19213747210904
893 12.939819616538683 16.179066482254782
894 12.939819616538683 16.14133258518101
895 12.939819616538683 16.085494498174498
896 12.939819616538683 16.096413892596743
897 12.93399640626177 16.083042012218804
898 12.93399640626177 16.05666689735681
899 12.93399640626177 15.960709096933435
900 12.93399640626177 15.93948103770786
901 12.93399640626177 15.923436581109433
902 12.93399640626177 15.832569059809957
903 12.93399640626177 15.837779581870812
904 12.93399640626177 15.924048460666164
905 12.93399640626177 15.883882891065584
906 12.93399640626177 15.84026396101263
907 12.93399640626177 15.912951175193857
908 12.840191416232509 15.837002820853515
909 12.840191416232509 15.806129505120413
910 12.840191416232509 15.841922073101378
911 12.840191416232509 15.858442031145449
912 12.840191416232509 15.74085689181089
913 12.793101439432029 15.761841360728786
914 12.793101439432029 15.753444777234181
915 12.793101439432029 15.76997881777033
916 12.793101439432029 15.849773486387535
917 12.793101439432029 15.888243823714252
918 12.627793899548209 15.862426809585802
919 12.627793899548209 15.79647779958345
920 12.627793899548209 15.776627911572167
921 12.627793899548209 15.671202009512577
922 12.627793899548209 15.682603080578401
923 12.627793899548209 15.568494788789762
924 12.627793899548209 15.53806204782108
925 12.627793899548209 15.50611600389079
926 12.627793899548209 15.406945851876895
927 12.611840936738682 15.600306427817763
928 12.580868237120464 15.609964652829694
929 12.580868237120464 15.551475329156501
930 12.580868237120464 15.624393499527102
931 12.580868237120464 15.642609947403475
932 12.415970366722366 15.572066158788418
933 12.415970366722366 15.486981729096913
934 12.415970366722366 15.646807484542485
935 12.415970366722366 15.789331699921071
936 12.415970366722366 15.627542714277075
937 12.365262702519008 15.704426315371027
938 12.365262702519008 15.736499789163004
939 12.365262702519008 15.923333855456947
940 12.365262702519008 15.908896647230776
941 12.365262702519008 15.937176573702823
942 12.365262702519008 15.880625273142659
943 12.365262702519008 15.816340209317405
944 12.365262702519008 15.724029007926251
945 12.365262702519008 15.66157359422809
946 12.365262702519008 15.724060779289434
947 12.365262702519008 15.647908243362231
948 12.365262702519008 15.763139328865163
949 12.365262702519008 15.825011679437546
950 12.365262702519008 15.834068967586273
951 12.365262702519008 15.764415186098242
952 12.365262702519008 15.832222783233926
953 12.317219523249864 15.95848545847876
954 12.317219523249864 15.973228476388758
955 12.317219523249864 16.017312640896257
956 12.317219523249864 15.968016773033508
957 12.317219523249864 16.100084413330784
958 12.317219523249864 16.09349372327785
959 12.317219523249864 15.759652381272753
960 12.317219523249864 15.913516124352121
961 12.317219523249864 16.09357317655021
962 12.317219523249864 16.12556883438539
963 12.317219523249868 16.127098282563768
964 12.317219523249868 16.174549794988152
965 12.317219523249868 16.056112317549058
966 12.317219523249868 16.187187695135098
967 12.317219523249868 16.08629237979238
968 12.317219523249868 16.105882078248964
969 12.317219523249868 16.21192846943203
970 12.317219523249868 16.14083731648459
971 12.317219523249868 16.086535619998806
972 12.317219523249868 16.104861360559756
973 12.317219523249868 16.037568093286655
974 12.317219523249868 16.04218576757232
975 12.317219523249868 16.1076786856342
976 12.317219523249868 16.296079775181695
977 12.317219523249868 16.38324446661993
978 12.317219523249868 16.392816106271056
979 12.317219523249868 16.473910004177462
980 12.317219523249868 16.48866384094063
981 12.317219523249868 16.484461673115113
982 12.317219523249868 16.462754668102413
983 12.317219523249868 16.41090967111272
984 12.317219523249868 16.422023599545007
985 12.317219523249868 16.268694026352886
986 12.317219523249864 16.279017871408733
987 12.317219523249864 16.372473398760352
988 12.317219523249864 16.314240332650623
989 12.317219523249864 16.3654004987075
990 12.317219523249864 16.396184133791458
991 12.317219523249864 16.137083503941884
992 12.317219523249864 16.19790671675547
993 12.317219523249864 16.1943679960518
994 12.317219523249864 16.175781652486442
995 12.317219523249864 16.041175545178397
996 12.317219523249864 16.08474350675415
997 12.317219523249864 16.043766011960162
998 12.317219523249864 16.201166326798848
999 12.317219523249864 16.10970349405996
