# iteración mejor promedio
0 20.355555945472176 21.056100168966722
1 20.355555945472176 21.068573519274754
2 20.355555945472172 21.076817994173727
3 20.28804618214887 21.066406086501225
4 20.28804618214887 21.071919380354487
5 20.28804618214887 21.0679899444886
6 20.28804618214887 21.067752516216935
7 20.28804618214887 21.097561216084863
8 20.28804618214887 21.113261773657346
9 20.28804618214887 21.12357977937907
10 20.28804618214887 21.138291176188957
11 20.28804618214887 21.112249083548278
12 20.28804618214887 21.116790082842137
13 20.28804618214887 21.100412007132267
14 20.28804618214887 21.088905906542706
15 20.288046182148868 21.084634565779247
16 20.26619719380086 21.060128087292913
17 20.261640935944072 21.05331419608542
18 20.261640935944072 21.071901451558603
19 20.182705522712585 21.03376287413104
20 20.182705522712585 21.020873801235584
21 20.182705522712585 21.02381811452425
22 20.182705522712585 21.030599113754093
23 20.182705522712585 21.02999265765408
24 20.16701848615936 21.019715779030673
25 20.16701848615936 20.991799368175503
26 20.16701848615936 20.983639119769435
27 20.16701848615936 20.96398378438424
28 20.109297228572274 20.959258447844274
29 20.109297228572274 20.986523971529405
30 20.056746943275165 20.983627658727457
31 20.056746943275165 20.973671179851873
32 20.056746943275165 20.95969735573569
33 20.056746943275165 20.95343455483335
34 19.842399778515762 20.928761274724202
35 19.842399778515762 20.93120705753347
36 19.842399778515762 20.916224675829568
37 19.842399778515762 20.905012295205715
38 19.842399778515762 20.900552976635414
39 19.842399778515762 20.936882302134464
40 19.842399778515762 20.90901957578571
41 19.842399778515762 20.908854601804947
42 19.842399778515762 20.869686962818815
43 19.842399778515762 20.875782592959528
44 19.832566103093452 20.88807932149146
45 19.832566103093452 20.893677704464352
46 19.832566103093452 20.896287330113594
47 19.832566103093452 20.8997721844794
48 19.832566103093452 20.903892631134667
49 19.832566103093452 20.893788417944688
50 19.832566103093452 20.884727174403565
51 19.832566103093452 20.875423315030247
52 19.832566103093452 20.863130200632362
53 19.797185889799536 20.877364226093345
54 19.797185889799536 20.862945900317733
55 19.797185889799533 20.83372506122479
56 19.797185889799533 20.817998971720115
57 19.797185889799533 20.822998868580676
58 19.797185889799533 20.774454183864158
59 19.797185889799533 20.81272540329964
60 19.797185889799533 20.807835877881402
61 19.797185889799533 20.825925172835365
62 19.755038166238943 20.829784734036288
63 19.755038166238943 20.825650370683885
64 19.755038166238943 20.85441554228391
65 19.755038166238943 20.857878458616195
66 19.755038166238943 20.857624999081963
67 19.755038166238943 20.849454538196596
68 19.755038166238943 20.83549845720513
69 19.755038166238943 20.845881430715618
70 19.755038166238943 20.85522493473874
71 19.755038166238943 20.851902705151414
72 19.755038166238943 20.8520142698181
73 19.755038166238943 20.876855054353243
74 19.755038166238943 20.868349439246455
75 19.755038166238943 20.852216158969853
76 19.755038166238943 20.858701796955597
77 19.755038166238943 20.867690314806413
78 19.755038166238943 20.886370487632057
79 19.695131790215623 20.865312343260303
80 19.64069720308369 20.83694123462242
81 19.64069720308369 20.84635652684734
82 19.622164588344074 20.849072861390965
83 19.622164588344074 20.8531709181493
84 19.622164588344074 20.854356132050675
85 19.622164588344074 20.83260576637744
86 19.622164588344074 20.829906481280997
87 19.622164588344074 20.793499822668238
88 19.622164588344074 20.79718059849777
89 19.60498711859391 20.769959326360325
90 19.60498711859391 20.751470319490778
91 19.45525686312161 20.7494001932828
92 19.45525686312161 20.748600638977585
93 19.45525686312161 20.74938977370964
94 19.45525686312161 20.73278917268112
95 19.45525686312161 20.7453842698194
96 19.45525686312161 20.728315402513694
97 19.45525686312161 20.69491946466865
98 19.45525686312161 20.719808221894606
99 19.45525686312161 20.727966401668226
100 19.45525686312161 20.74864637353106
101 19.45525686312161 20.76342622210736
102 19.45525686312161 20.77796837348355
103 19.45525686312161 20.78044493466989
104 19.45525686312161 20.806402741501486
105 19.45525686312161 20.814880196403045
106 19.45525686312161 20.799037587893963
107 19.45525686312161 20.797807367146973
108 19.45525686312161 20.792523138266787
109 19.45525686312161 20.761404409194714
110 19.45525686312161 20.76114254919505
111 19.45525686312161 20.743772878015
112 19.45525686312161 20.739306180619046
113 19.45525686312161 20.709182128168354
114 19.45525686312161 20.71568808625286
115 19.45525686312161 20.722501944913997
116 19.45525686312161 20.729927046669967
117 19.42954957020232 20.716582385588858
118 19.42954957020232 20.743148484709977
119 19.42954957020232 20.76149742392887
120 19.42954957020232 20.786059198638636
121 19.42954957020232 20.794110442175956
122 19.42954957020232 20.79533359482852
123 19.42954957020232 20.8128300196533
124 19.42954957020232 20.79995094586056
125 19.42954957020232 20.77969621415191
126 19.42954957020232 20.775905007379585
127 19.42954957020232 20.775398863489375
128 19.42954957020232 20.766702704646853
129 19.42954957020232 20.752384899768202
130 19.42954957020232 20.764864482164338
131 19.42954957020232 20.760716982602045
132 19.42954957020232 20.754110214842566
133 19.42954957020232 20.776608783519556
134 19.42954957020232 20.777623635759713
135 19.40835551029731 20.760534061219914
136 19.40835551029731 20.729491866178986
137 19.40835551029731 20.720949380433208
138 19.40835551029731 20.74254351505749
139 19.40835551029731 20.74121926689575
140 19.40835551029731 20.7448538966509
141 19.40835551029731 20.746385760145046
142 19.40835551029731 20.731026777959144
143 19.40835551029731 20.71113830997185
144 19.40835551029731 20.689296592005007
145 19.40835551029731 20.69609521255349
146 19.40835551029731 20.691088466701864
147 19.40835551029731 20.68151635343161
148 19.40835551029731 20.65842731524607
149 19.40835551029731 20.672323432070385
150 19.40835551029731 20.677799808608583
151 19.40835551029731 20.66097964850472
152 19.40835551029731 20.650331866251268
153 19.40835551029731 20.64793656085907
154 19.40835551029731 20.632512663213774
155 19.40835551029731 20.62873743140423
156 19.40835551029731 20.6281753423564
157 19.40835551029731 20.61575698540021
158 19.40835551029731 20.612926016579422
159 19.40835551029731 20.604429334624093
160 19.40835551029731 20.608442441776575
161 19.40835551029731 20.58845742983216
162 19.40835551029731 20.579371871198855
163 19.40835551029731 20.53834351449941
164 19.40835551029731 20.548375970457258
165 19.40835551029731 20.54394555862846
166 19.40835551029731 20.55179066712951
167 19.40835551029731 20.539347399607358
168 19.40835551029731 20.518179964529576
169 19.40835551029731 20.51437939891981
170 19.40835551029731 20.53730292734784
171 19.40835551029731 20.51747268154892
172 19.40835551029731 20.5291045867679
173 19.40835551029731 20.541860173205954
174 19.40835551029731 20.52164103320601
175 19.401371218049253 20.527552638938396
176 19.401371218049253 20.521148256273104
177 19.401371218049253 20.535955348418007
178 19.401371218049253 20.532816440878083
179 19.401371218049253 20.549542633594875
180 19.401371218049253 20.549624202498
181 19.401371218049253 20.54324936070391
182 19.401371218049253 20.52967286550437
183 19.401371218049253 20.533198904231973
184 19.401371218049253 20.52549823380244
185 19.31362977530982 20.51979313078347
186 19.31362977530982 20.504303288043847
187 19.31362977530982 20.523599796915956
188 19.31362977530982 20.519265381682057
189 19.31362977530982 20.534027191252576
190 19.31362977530982 20.5305517783069
191 19.31362977530982 20.537138466608965
192 19.31362977530982 20.547543075754106
193 19.31362977530982 20.49635385667667
194 19.31362977530982 20.519494426308825
195 19.31362977530982 20.537089615879786
196 19.31362977530982 20.53911311286496
197 19.31362977530982 20.517039587979543
198 19.31362977530982 20.510286574585674
199 19.31362977530982 20.49801470391226
200 19.31362977530982 20.476943015557723
201 19.31362977530982 20.448705842499887
202 19.31362977530982 20.45429447789492
203 19.31362977530982 20.436991155835518
204 19.31362977530982 20.39866072564286
205 19.31362977530982 20.388137823331984
206 19.31362977530982 20.40061145042423
207 19.31362977530982 20.42031412873262
208 19.31362977530982 20.406234238346382
209 19.31362977530982 20.429028554552453
210 19.31362977530982 20.43371060313633
211 19.31362977530982 20.433662059641726
212 19.31362977530982 20.44277821257171
213 19.31362977530982 20.440651180718366
214 19.31362977530982 20.449073074902877
215 19.31362977530982 20.447765856999247
216 19.31362977530982 20.447131243015065
217 19.31362977530982 20.467936618606387
218 19.31362977530982 20.439678969391185
219 19.31362977530982 20.439753732995797
220 19.31362977530982 20.415920921631347
221 19.31362977530982 20.455496343068265
222 19.31362977530982 20.49192135280361
223 19.31362977530982 20.462476509017105
224 19.31362977530982 20.42431899271579
225 19.31362977530982 20.418093655779128
226 19.31362977530982 20.43027494631034
227 19.31362977530982 20.413295782920624
228 19.31362977530982 20.398934723283386
229 19.31362977530982 20.366062918034075
230 19.31362977530982 20.35279335476304
231 19.31362977530982 20.361371028893494
232 19.31362977530982 20.34716603117314
233 19.31362977530982 20.348089024528793
234 19.31362977530982 20.340265796488044
235 19.31362977530982 20.312198890132393
236 19.169091134513735 20.315560515576923
237 19.169091134513735 20.28817049861862
238 19.169091134513735 20.285292664312298
239 19.169091134513735 20.273810456353303
240 19.169091134513735 20.298983993273406
241 19.169091134513735 20.30956099899742
242 19.169091134513735 20.302685389033222
243 19.169091134513735 20.30851226739336
244 19.169091134513735 20.28380097048568
245 19.164552640812136 20.290449499400186
246 19.16405957585036 20.291448331711926
247 19.16405957585036 20.306637838991975
248 19.16405957585036 20.295484798267655
249 19.16405957585036 20.31225884423286
250 19.16405957585036 20.276570825189886
251 19.086123572588235 20.25351463447399
252 19.086123572588235 20.225297674304823
253 19.086123572588235 20.234713993780627
254 19.086123572588235 20.238519803651993
255 19.00971815323269 20.21994986859698
256 19.00971815323269 20.238949367003286
257 19.00971815323269 20.26491851353633
258 19.00971815323269 20.244819336487822
259 19.007966743140557 20.23140065817853
260 19.007966743140557 20.239682368822184
261 19.007966743140557 20.26842780579467
262 19.007966743140557 20.26262788537121
263 19.007966743140557 20.228134695378447
264 18.873516120092233 20.228714919604847
265 18.873516120092233 20.190323271243926
266 18.873516120092233 20.21414681495747
267 18.873516120092233 20.22998560362081
268 18.873516120092233 20.22293255756995
269 18.873516120092233 20.218258306343206
270 18.873516120092233 20.204649857722064
271 18.873516120092233 20.21505772727627
272 18.873516120092233 20.20675706892895
273 18.873516120092233 20.251474392921242
274 18.873516120092233 20.259451400919012
275 18.873516120092233 20.250493499224596
276 18.873516120092233 20.226294567984226
277 18.873516120092233 20.259506087344263
278 18.873516120092233 20.237174715105088
279 18.873516120092233 20.23316705545353
280 18.873516120092233 20.2793989693776
281 18.873516120092233 20.244834913931935
282 18.873516120092233 20.21010970692104
283 18.873516120092233 20.199206949049415
284 18.873516120092233 20.188609926043764
285 18.873516120092233 20.187357904873473
286 18.873516120092233 20.213093941812794
287 18.873516120092233 20.198481368856054
288 18.87351612009223 20.22056976319149
289 18.87351612009223 20.219031935959734
290 18.87351612009223 20.270333311019
291 18.87351612009223 20.23823229143432
292 18.87351612009223 20.226299470487465
293 18.87351612009223 20.2024071936391
294 18.87351612009223 20.189911477558468
295 18.87351612009223 20.214239738884256
296 18.87351612009223 20.180090636242713
297 18.87351612009223 20.156987214372695
298 18.87351612009223 20.175289763652312
299 18.87351612009223 20.172163039395233
300 18.87351612009223 20.1426988472236
301 18.87351612009223 20.105935200474057
302 18.87351612009223 20.09321143258257
303 18.87351612009223 20.08633278644571
304 18.87351612009223 20.094546313116954
305 18.87351612009223 20.10050164273725
306 18.87351612009223 20.120133010115985
307 18.87351612009223 20.13982605796211
308 18.87351612009223 20.15046441533307
309 18.87351612009223 20.141343156986544
310 18.87351612009223 20.164154236363
311 18.87351612009223 20.17518578531055
312 18.87351612009223 20.1509708350213
313 18.87351612009223 20.138395707869947
314 18.87351612009223 20.128431675912775
315 18.87351612009223 20.158669793707688
316 18.87351612009223 20.124503962668715
317 18.87351612009223 20.125462131023664
318 18.87351612009223 20.127917239149745
319 18.87351612009223 20.106385688303966
320 18.87351612009223 20.092575520410783
321 18.87351612009223 20.104086494264436
322 18.87351612009223 20.098173863803183
323 18.87351612009223 20.088965909051083
324 18.87351612009223 20.099125501448054
325 18.87351612009223 20.10673599547914
326 18.87351612009223 20.11112903462856
327 18.87351612009223 20.047705907377324
328 18.87351612009223 20.015215014200642
329 18.87351612009223 20.004154724136402
330 18.87351612009223 20.034653297008482
331 18.66459441017627 20.046915953883147
332 18.66459441017627 20.054432306625905
333 18.66459441017627 20.064524686645733
334 18.66459441017627 20.082104086052503
335 18.66459441017627 20.105263701860814
336 18.66459441017627 20.090141109416805
337 18.66459441017627 20.084052404106743
338 18.66459441017627 20.08958680562939
339 18.66459441017627 20.05464491903834
340 18.66459441017627 20.04229410618118
341 18.66459441017627 20.034856992465155
342 18.66459441017627 20.01857642516781
343 18.66459441017627 20.001386730072063
344 18.66459441017627 20.007188338939788
345 18.66459441017627 20.00848900414483
346 18.66459441017627 19.99410729074417
347 18.66459441017627 19.996326953481166
348 18.66459441017627 20.00757467311273
349 18.66459441017627 19.982146715201992
350 18.66459441017627 19.9903906250013
351 18.66459441017627 20.00824477455167
352 18.66459441017627 20.000923756670566
353 18.664594410176274 20.022375056216298
354 18.664594410176274 20.009288000386533
355 18.664594410176274 20.041868020877857
356 18.664594410176274 20.046616376681033
357 18.664594410176274 20.055421917191865
358 18.664594410176274 20.06320989295797
359 18.664594410176274 20.05136093584264
360 18.664594410176274 20.03410888021366
361 18.664594410176274 20.03874762912498
362 18.664594410176274 20.04858275015968
363 18.664594410176274 20.04925215838608
364 18.664594410176274 20.049798356403322
365 18.664594410176274 20.004195071039785
366 18.664594410176274 20.019070196635482
367 18.664594410176274 20.029154270754724
368 18.664594410176274 20.05914084403505
369 18.664594410176274 20.064616930147807
370 18.664594410176274 20.073979045837508
371 18.664594410176274 20.105767990335718
372 18.664594410176274 20.102226122326023
373 18.664594410176274 20.04234284458314
374 18.664594410176274 20.043620169037325
375 18.664594410176274 20.051864880860126
376 18.664594410176274 20.045339837959958
377 18.664594410176274 20.067867961022653
378 18.664594410176274 20.035949593538806
379 18.664594410176274 20.014668005399084
380 18.664594410176274 20.03559345687875
381 18.664594410176274 20.028345435358432
382 18.664594410176274 20.038682754818318
383 18.664594410176274 20.028054362182548
384 18.664594410176274 20.022281474091727
385 18.664594410176274 20.01672673711283
386 18.664594410176274 19.99523643585634
387 18.664594410176274 19.966746557855494
388 18.664594410176274 20.00602521754201
389 18.664594410176274 20.017604628900017
390 18.664594410176274 20.019400593125816
391 18.664594410176274 19.996142158622277
392 18.664594410176274 19.97935530366628
393 18.664594410176274 19.976530661371868
394 18.664594410176274 19.93029145741232
395 18.664594410176274 19.90746902951596
396 18.664594410176274 19.898920942812186
397 18.664594410176274 19.895540724066564
398 18.664594410176274 19.90097196617787
399 18.664594410176274 19.902652110867237
400 18.664594410176274 19.88385145633288
401 18.664594410176274 19.855041467783664
402 18.664594410176274 19.835977882237017
403 18.664594410176274 19.79641260656961
404 18.664594410176274 19.812677336213284
405 18.664594410176274 19.803384473924613
406 18.59361988714377 19.802818714698134
407 18.59361988714377 19.7917242383511
408 18.59361988714377 19.797159160628738
409 18.59361988714377 19.786725983974417
410 18.59361988714377 19.765476329245118
411 18.59361988714377 19.766853205891692
412 18.59361988714377 19.738770641397455
413 18.59361988714377 19.737315751436725
414 18.59361988714377 19.743261653053732
415 18.59361988714377 19.688871441448537
416 18.59361988714377 19.735620419334463
417 18.59361988714377 19.744412660379226
418 18.4690291049894 19.711624872448823
419 18.4690291049894 19.76311496283216
420 18.4690291049894 19.77820141047324
421 18.4690291049894 19.75550156434511
422 18.4690291049894 19.790651703464775
423 18.4690291049894 19.771526597473557
424 18.30600434325395 19.753229036024486
425 18.30600434325395 19.788017583797554
426 18.24434621402185 19.800396521050878
427 18.24434621402185 19.78722443764783
428 18.24434621402185 19.757058393996466
429 18.24434621402185 19.763184709350643
430 18.24434621402185 19.748070910238347
431 18.24434621402185 19.740395818774406
432 18.24434621402185 19.73408105512851
433 18.24434621402185 19.687123081727435
434 18.24434621402185 19.703765547100534
435 18.24434621402185 19.672022103787207
436 18.24434621402185 19.65279056550987
437 18.24434621402185 19.660782870111337
438 18.24434621402185 19.677610637755674
439 18.24434621402185 19.686856088283253
440 18.24434621402185 19.754737613809937
441 18.24434621402185 19.753551334365188
442 18.02374095602859 19.71167674817681
443 18.02374095602859 19.743162347480467
444 18.02374095602859 19.746863224152662
445 18.02374095602859 19.760418557298056
446 18.02374095602859 19.75564108040733
447 18.02374095602859 19.739435098736017
448 18.02374095602859 19.76807441226187
449 18.02374095602859 19.745522243087787
450 17.95288531153788 19.72192831827614
451 17.95288531153788 19.713634643604603
452 17.95288531153788 19.683282689094014
453 17.95288531153788 19.69147040234969
454 17.95007081344458 19.74369827507975
455 17.95007081344458 19.754134932268652
456 17.95007081344458 19.727218848454246
457 17.95007081344458 19.71381086854832
458 17.95007081344458 19.68989186870779
459 17.95007081344458 19.691880679173632
460 17.95007081344458 19.657503374546124
461 17.95007081344458 19.71426361582711
462 17.95007081344458 19.66185198953149
463 17.95007081344458 19.636814761854083
464 17.95007081344458 19.608735746383577
465 17.95007081344458 19.60482900245282
466 17.95007081344458 19.657314068088468
467 17.95007081344458 19.64606953016313
468 17.95007081344458 19.62830687494281
469 17.95007081344458 19.585962488133713
470 17.95007081344458 19.616172356081236
471 17.95007081344458 19.624814719599478
472 17.95007081344458 19.69779606609114
473 17.95007081344458 19.704780568722132
474 17.95007081344458 19.687046776507472
475 17.95007081344458 19.69905911536486
476 17.95007081344458 19.67661548775228
477 17.95007081344458 19.61742887949259
478 17.95007081344458 19.59877152540665
479 17.95007081344458 19.571812904053758
480 17.95007081344458 19.55853752274651
481 17.95007081344458 19.572350522100933
482 17.95007081344458 19.585989894562733
483 17.95007081344458 19.581881181142766
484 17.95007081344458 19.57849934763109
485 17.95007081344458 19.59520136031464
486 17.95007081344458 19.558208880666708
487 17.95007081344458 19.536881574435778
488 17.95007081344458 19.572259554012582
489 17.95007081344458 19.549133898070714
490 17.95007081344458 19.525387992274027
491 17.95007081344458 19.504315487419294
492 17.741112387067158 19.510136700555055
493 17.741112387067158 19.4576759780426
494 17.741112387067158 19.493258179494532
495 17.741112387067158 19.51681921882324
496 17.741112387067158 19.515217024170408
497 17.741112387067158 19.473812787379742
498 17.741112387067158 19.50338254299494
499 17.741112387067158 19.50681693230043
500 17.741112387067158 19.4823152910171
501 17.741112387067158 19.494019750008654
502 17.741112387067158 19.497770723071998
503 17.741112387067158 19.48058733408924
504 17.741112387067158 19.44552651217998
505 17.741112387067158 19.458747436401723
506 17.741112387067158 19.439674518836952
507 17.741112387067158 19.406107557853286
508 17.741112387067158 19.373122028368016
509 17.741112387067158 19.417835717540704
510 17.741112387067158 19.410718542352516
511 17.741112387067158 19.3804508039462
512 17.741112387067158 19.350955327949478
513 17.741112387067158 19.31064997195512
514 17.741112387067158 19.323312530618832
515 17.741112387067158 19.312071509354418
516 17.741112387067158 19.305621820890345
517 17.741112387067158 19.298449666023863
518 17.62767503599217 19.274240868628148
519 17.62767503599217 19.31045969523732
520 17.62767503599217 19.31291775729586
521 17.62767503599217 19.29278159396354
522 17.62767503599217 19.304911335236604
523 17.62767503599217 19.307077791912295
524 17.62767503599217 19.3295292293741
525 17.62767503599217 19.35032765672443
526 17.62767503599217 19.375494494085025
527 17.62767503599217 19.35230162167719
528 17.62767503599217 19.37005950432919
529 17.62767503599217 19.386725815640347
530 17.62767503599217 19.430067957821105
531 17.62767503599217 19.368568575478097
532 17.62767503599217 19.334910062690113
533 17.62767503599217 19.325155098829292
534 17.62767503599217 19.35270178699536
535 17.62767503599217 19.35745282082092
536 17.62767503599217 19.380113513203646
537 17.62767503599217 19.402946864042217
538 17.62767503599217 19.44762416134621
539 17.62767503599217 19.44029303454929
540 17.499575715318915 19.40981285703059
541 17.499575715318915 19.39802612576869
542 17.499575715318915 19.40579916337976
543 17.499575715318915 19.35735140810674
544 17.499575715318915 19.31618913699049
545 17.499575715318915 19.333991292876778
546 17.499575715318915 19.33935014035403
547 17.499575715318915 19.33845281408422
548 17.499575715318915 19.319151314828705
549 17.499575715318915 19.359242175051133
550 17.499575715318915 19.325780378944255
551 17.499575715318915 19.355928819284323
552 17.499575715318915 19.326064018967678
553 17.499575715318915 19.319915930536975
554 17.499575715318915 19.30082767968627
555 17.499575715318915 19.2992940335254
556 17.499575715318915 19.28006806859277
557 17.499575715318915 19.29767803433792
558 17.499575715318915 19.3103098964613
559 17.499575715318915 19.31000473927253
560 17.499575715318915 19.297963250479974
561 17.499575715318915 19.283779417351425
562 17.499575715318915 19.29735004568057
563 17.499575715318915 19.252215216494353
564 17.499575715318915 19.247222779419168
565 17.499575715318915 19.2257512934607
566 17.499575715318915 19.243763542757222
567 17.499575715318915 19.19963255514245
568 17.499575715318915 19.228764641882435
569 17.499575715318915 19.202130480976887
570 17.314769747543174 19.19395318501273
571 17.314769747543174 19.15977384173082
572 17.314769747543174 19.095055230886416
573 17.314769747543174 19.03894043211053
574 17.314769747543174 19.029968638585487
575 17.223239798678875 19.058505027744417
576 17.223239798678875 19.075822484252484
577 17.223239798678875 19.10102859288538
578 16.860337463503225 19.055820128680633
579 16.860337463503225 19.048469766061793
580 16.860337463503225 19.057563210632313
581 16.860337463503225 18.957247281888705
582 16.860337463503225 18.910295375446918
583 16.860337463503225 18.90962078116483
584 16.860337463503225 18.90639303595223
585 16.860337463503225 18.876493982458715
586 16.836512970182348 18.786224203576413
587 16.748012307912177 18.700995303952034
588 16.748012307912177 18.640378965401798
589 16.748012307912177 18.59002403083641
590 16.748012307912177 18.571524757398702
591 16.748012307912177 18.574146592589358
592 16.748012307912177 18.4913563513077
593 16.748012307912177 18.546363506849307
594 16.748012307912177 18.570130364431428
595 16.748012307912177 18.59486063288015
596 16.748012307912177 18.572560322125195
597 16.748012307912177 18.548896071756637
598 16.748012307912177 18.572921916623407
599 16.748012307912177 18.61069966359921
600 16.748012307912177 18.611384317647264
601 16.748012307912177 18.56302714499452
602 16.728091122253748 18.496764351157516
603 16.728091122253748 18.459356816782755
604 16.728091122253748 18.483956385117665
605 16.685628930564345 18.52849444162297
606 16.685628930564345 18.44584816677548
607 16.662292864786313 18.43208616446444
608 16.541355143896396 18.378053875947003
609 16.427933944735397 18.358937667038546
610 16.427933944735397 18.43540734913531
611 16.427933944735397 18.412835113781014
612 16.427933944735397 18.407968044840025
613 16.427933944735397 18.360365953052554
614 16.427933944735397 18.415987550955982
615 16.427933944735397 18.425493459182434
616 16.427933944735397 18.397539288490808
617 16.274390613055967 18.372036847209998
618 16.274390613055967 18.419560517001873
619 16.274390613055967 18.335161869619792
620 16.274390613055967 18.26933533760239
621 16.274390613055967 18.247085316862364
622 16.273213485185188 18.22146686388844
623 16.273213485185188 18.281081175608932
624 16.264443243048138 18.231815188054814
625 16.264443243048138 18.239677770609774
626 16.264443243048138 18.236917210972788
627 16.264443243048138 18.266409697493327
628 16.198679043431298 18.26427457660606
629 16.198679043431298 18.297698046577224
630 16.198679043431298 18.246242585168133
631 16.198679043431298 18.231642008203913
632 16.198679043431298 18.202155414528555
633 16.198679043431298 18.176161791721842
634 16.198679043431298 18.071967919600176
635 16.198679043431298 18.077822580462968
636 16.198679043431298 18.146799878741746
637 16.198679043431298 18.19393532707505
638 16.198679043431298 18.17483561520371
639 16.198679043431298 18.127256543258635
640 16.198679043431298 18.16883308606643
641 16.198679043431298 18.167542382399965
642 16.198679043431298 18.116694663216098
643 16.198679043431298 18.080801941245827
644 16.198679043431298 18.05285636274536
645 16.198679043431298 18.127741553090633
646 16.198679043431298 18.138663858389656
647 16.198679043431298 18.146112789747338
648 16.198679043431298 18.282757575768315
649 16.198679043431298 18.23362873730287
650 16.198679043431298 18.348439020244722
651 16.198679043431298 18.289281758808485
652 16.198679043431298 18.299004988988994
653 16.152562143601592 18.259286559259188
654 16.152562143601592 18.219200798630514
655 16.152562143601592 18.19894890648974
656 16.152562143601592 18.201135533198425
657 16.152562143601592 18.221779169601493
658 16.152562143601592 18.219747656550993
659 16.112948298049066 18.22541082804742
660 16.112948298049066 18.24856203630771
661 16.112948298049066 18.201879273661337
662 16.112948298049066 18.215808530449493
663 16.112948298049066 18.218064927444605
664 16.112948298049066 18.191719363511197
665 16.112948298049066 18.229243128506916
666 16.112948298049066 18.267634846804572
667 16.112948298049066 18.212638941498174
668 16.112948298049066 18.18841803611779
669 16.053545258683275 18.15208321719442
670 16.013927524230063 18.153705597523835
671 16.013927524230063 18.156576142129456
672 16.013927524230063 18.139011076107806
673 16.013927524230063 18.15370186139976
674 15.957657871378085 18.120818235238687
675 15.931796138079067 18.12206461087201
676 15.931796138079067 18.14674876538161
677 15.931796138079067 18.15690055587787
678 15.931796138079067 18.130606763932896
679 15.931796138079067 18.118112194530475
680 15.931796138079067 18.12862092693282
681 15.931796138079067 18.075844408047008
682 15.931796138079065 18.09406547645025
683 15.894302300625762 18.11847713854419
684 15.894302300625762 18.088877760219734
685 15.82440509205442 18.105392357877058
686 15.82440509205442 18.101751609767238
687 15.82440509205442 18.11313134668137
688 15.82440509205442 18.10764764058869
689 15.82440509205442 18.11645008349439
690 15.82440509205442 18.13173119879808
691 15.82440509205442 18.146916937441357
692 15.82440509205442 18.182556316619472
693 15.82440509205442 18.210116603033725
694 15.82440509205442 18.209540176395265
695 15.824405092054418 18.176983693762665
696 15.824405092054418 18.13903996435735
697 15.824405092054418 18.077935729971205
698 15.824405092054418 18.03615713485574
699 15.824405092054418 18.0105038449395
700 15.824405092054418 17.93482021178669
701 15.824405092054418 17.946737520597182
702 15.824405092054418 17.923689930439508
703 15.824405092054418 17.90252009414329
704 15.824405092054418 17.80604031886124
705 15.824405092054418 17.80468915354238
706 15.824405092054418 17.804358629111547
707 15.824405092054418 17.780550231147128
708 15.801991678193685 17.913204904896258
709 15.801991678193685 17.832991648353044
710 15.801991678193685 17.90986916959093
711 15.583813448617363 17.76317294268198
712 15.583813448617363 17.80224753887428
713 15.583813448617363 17.696870354223325
714 15.583813448617363 17.72992082034086
715 15.583813448617363 17.718288244049074
716 15.583813448617363 17.80029856645765
717 15.583813448617363 17.813783205203464
718 15.583813448617363 17.774522108866677
719 15.549808447838048 17.82627121524017
720 15.281640866367244 17.67288091329799
721 15.281640866367244 17.781218515196596
722 15.281640866367244 17.72122530220179
723 15.281640866367244 17.682241958977905
724 15.281640866367244 17.640755449013636
725 15.281640866367244 17.68262734697964
726 15.281640866367244 17.683216014774775
727 15.281640866367244 17.735589472752906
728 15.281640866367244 17.619322231774003
729 15.281640866367244 17.550950312735168
730 15.281640866367244 17.59350835833888
731 15.281640866367244 17.619752020075335
732 15.281640866367244 17.615900221036863
733 15.281640866367244 17.706113171377208
734 15.281640866367244 17.716419441999122
735 15.281640866367244 17.757907650478504
736 15.281640866367244 17.839254471504454
737 15.281640866367244 17.845220848180244
738 15.281640866367244 17.842409338017898
739 15.281640866367244 17.866531089578547
740 15.148044827520337 17.91155790259759
741 15.148044827520337 17.913798990882956
742 15.148044827520337 18.035532250744016
743 15.148044827520337 18.07755661722536
744 15.148044827520337 18.02090131230205
745 15.148044827520337 18.028519111068153
746 15.148044827520337 17.962564403161693
747 15.148044827520337 17.947156745203667
748 15.148044827520337 17.924525472395203
749 15.148044827520337 17.961718629472276
750 15.148044827520337 17.997596082821694
751 15.148044827520337 17.947641560598875
752 15.148044827520337 17.946990431447976
753 15.148044827520337 17.95928487110886
754 15.148044827520337 18.02111186758356
755 15.148044827520337 17.986708129206125
756 15.148044827520337 17.988901084904487
757 15.148044827520337 17.995932218386844
758 15.148044827520337 18.081833634505447
759 15.148044827520337 18.024846584520127
760 15.148044827520337 17.95236281622648
761 15.148044827520337 18.03008087626405
762 15.148044827520337 18.100941325634842
763 15.148044827520337 18.01212445272831
764 14.759016065037558 17.967939312023745
765 14.759016065037558 17.995020045026752
766 14.759016065037558 17.88065779570045
767 14.759016065037558 17.889093283410524
768 14.759016065037558 17.82912504822427
769 14.759016065037558 17.88255914688083
770 14.759016065037558 17.808019480053517
771 14.759016065037558 17.925884613634857
772 14.759016065037558 17.963528629900367
773 14.759016065037558 18.031157409135695
774 14.759016065037558 18.011416555841173
775 14.759016065037558 18.04230944890483
776 14.759016065037558 18.03577769024513
777 14.759016065037558 18.10199789549284
778 14.759016065037558 18.14058672058688
779 14.759016065037558 18.143348267650232
780 14.759016065037558 18.216995690438335
781 14.759016065037558 18.1732086382238
782 14.759016065037558 18.049909255673914
783 14.759016065037558 17.94368182104941
784 14.759016065037558 17.869603129484045
785 14.759016065037558 17.969804385412253
786 14.759016065037558 18.010620831182234
787 14.759016065037558 17.98920438285712
788 14.759016065037558 17.832339401555522
789 14.759016065037558 17.783249780449836
790 14.759016065037558 17.72604835647304
791 14.759016065037558 17.71005437420802
792 14.759016065037558 17.752416162849308
793 14.759016065037558 17.676915749241306
794 14.759016065037558 17.703130314546755
795 14.759016065037558 17.661719190821415
796 14.759016065037558 17.635345585897724
797 14.759016065037558 17.579856552113483
798 14.759016065037558 17.634591914252635
799 14.759016065037558 17.639077297346486
800 14.759016065037558 17.708553462758456
801 14.759016065037558 17.771940794857578
802 14.759016065037558 17.726751155184587
803 14.759016065037558 17.708080965065484
804 14.759016065037558 17.656619038461567
805 14.759016065037558 17.622040331407252
806 14.759016065037558 17.62859759031449
807 14.759016065037558 17.664388891771825
808 14.759016065037558 17.65304553698131
809 14.504611164307018 17.56363877275887
810 14.504611164307022 17.481444467092075
811 14.504611164307022 17.515220683313323
812 14.504611164307022 17.537239462294252
813 14.504611164307022 17.574206761914144
814 14.504611164307022 17.491866712377156
815 14.504611164307022 17.48667340421966
816 14.504611164307022 17.566746112106614
817 14.504611164307022 17.638140173597925
818 14.504611164307022 17.530413553811957
819 14.504611164307022 17.530082068712726
820 14.504611164307022 17.587986989107122
821 14.504611164307022 17.634594695344898
822 14.504611164307022 17.634162027960162
823 14.504611164307022 17.704522836662694
824 14.504611164307022 17.726192399699677
825 14.504611164307022 17.747490465701045
826 14.504611164307022 17.77365025497465
827 14.504611164307022 17.801309998443813
828 14.504611164307022 17.78744057387261
829 14.504611164307022 17.734676375910823
830 14.504611164307022 17.73834320457245
831 14.504611164307022 17.645793642100962
832 14.504611164307022 17.713871037860848
833 14.504611164307022 17.630944939720965
834 14.504611164307022 17.50229103717585
835 14.504611164307022 17.588388634027
836 14.504611164307022 17.60412661978833
837 14.504611164307022 17.54601101256623
838 14.504611164307022 17.540829362408054
839 14.504611164307022 17.58911245473668
840 14.504611164307022 17.615287101586215
841 14.504611164307022 17.682399188072903
842 14.504611164307022 17.700065906962912
843 14.504611164307022 17.670734606083673
844 14.504611164307022 17.61192211654065
845 14.504611164307022 17.680927977662094
846 14.504611164307022 17.708409607402835
847 14.504611164307022 17.68051020419004
848 14.504611164307022 17.74370599203816
849 14.504611164307022 17.771399736737422
850 14.504611164307018 17.791840863749584
851 14.504611164307018 17.846614651106268
852 14.504611164307018 17.834821797534975
853 14.504611164307018 17.854889563395872
854 14.504611164307018 17.79872086849655
855 14.504611164307018 17.766277693226595
856 14.504611164307018 17.856289640623395
857 14.504611164307018 17.851562515460213
858 14.504611164307018 17.800282666522747
859 14.504611164307018 17.727503197459445
860 14.504611164307018 17.733942857742484
861 14.504611164307018 17.829484431813068
862 14.504611164307018 17.883109657909536
863 14.504611164307018 17.854801150072145
864 14.504611164307018 17.82532617069583
865 14.504611164307018 17.893398013142576
866 14.504611164307018 17.952216016513564
867 14.504611164307018 17.871149017276288
868 14.504611164307018 17.968853295655475
869 14.504611164307018 17.920981338747293
870 14.504611164307018 17.947176531979427
871 14.504611164307018 18.008315559448462
872 14.504611164307018 17.93997592043266
873 14.504611164307018 17.88960744072789
874 14.504611164307018 17.826059058924336
875 14.504611164307018 17.844810849248645
876 14.504611164307018 17.830462355880208
877 14.504611164307018 17.86838883337715
878 14.443319250808864 17.798134021624058
879 14.443319250808864 17.7362917137727
880 14.443319250808864 17.684948594604336
881 14.443319250808864 17.646371440492235
882 14.443319250808864 17.717033715000337
883 14.443319250808864 17.808912264446874
884 14.443319250808864 17.900843181201196
885 14.372338565326016 17.932131583520988
886 14.372338565326016 17.920084347247442
887 14.372338565326016 17.839331530847787
888 14.372338565326016 17.880193335072114
889 14.372338565326016 17.820950653416226
890 14.372338565326016 17.85283529131579
891 14.372338565326016 17.813046112483608
892 14.372338565326016 17.77636925808649
893 14.372338565326016 17.80251166771067
894 14.372338565326016 17.91601802561749
895 14.372338565326016 17.89716624960343
896 14.372338565326016 17.897848755410706
897 14.372338565326016 17.850102942671892
898 14.372338565326016 17.841957954947087
899 14.372338565326016 17.942590910588955
900 14.372338565326016 17.91003305733622
901 14.372338565326016 17.956483299655122
902 14.372338565326016 17.93231595337231
903 14.372338565326016 17.85518475902492
904 14.372338565326016 17.805893567659428
905 14.372338565326016 17.81579931213765
906 14.372338565326016 17.973933533323176
907 14.372338565326016 17.839160837081725
908 14.372338565326016 17.890047289035707
909 14.372338565326016 17.924127696853994
910 14.372338565326016 17.846465088269657
911 14.372338565326016 17.897889579264863
912 14.372338565326016 17.837264024633562
913 14.372338565326016 17.751497674089862
914 14.372338565326016 17.81189779793183
915 14.372338565326016 17.852961023558915
916 14.372338565326016 17.800501748941624
917 14.372338565326016 17.87257721909391
918 14.372338565326016 17.85112386106555
919 14.372338565326016 17.904208584241957
920 14.372338565326016 17.837874362419914
921 14.372338565326016 17.845324059053922
922 14.372338565326016 17.872820717774314
923 14.372338565326016 17.94306862650152
924 14.372338565326016 17.867820900328212
925 14.372338565326016 17.764244578381525
926 14.372338565326016 17.852308740287306
927 14.372338565326016 17.896186680839772
928 14.372338565326016 17.899046808385215
929 14.370469146649206 17.94195450930564
930 14.370469146649206 17.914870452028012
931 14.370469146649206 17.98379583853841
932 14.330317334189235 17.91615681908223
933 14.330317334189235 18.027678220463105
934 14.330317334189235 17.898187589731755
935 14.330317334189235 17.936023599653563
936 14.330317334189239 17.823231286645253
937 14.330317334189239 17.79434724887373
938 14.247613811778248 17.701833080571966
939 14.247613811778248 17.71616570653897
940 14.247613811778248 17.69863493568367
941 14.139132936719665 17.658707113108804
942 14.139132936719665 17.729304563505703
943 14.139132936719665 17.724001377327937
944 14.139132936719665 17.695904241167913
945 14.139132936719665 17.51781549585568
946 14.139132936719665 17.347688086165608
947 14.139132936719665 17.25930753447479
948 14.139132936719665 17.27144513325989
949 14.139132936719665 17.260955905722025
950 14.139132936719665 17.301144330955204
951 14.139132936719665 17.348168650269866
952 14.139132936719665 17.42743946815546
953 14.139132936719665 17.438096496657327
954 14.139132936719665 17.336422791294886
955 14.139132936719665 17.234700074148442
956 14.139132936719665 17.160108883155253
957 14.139132936719665 17.17158120786128
958 14.139132936719665 17.047461707192728
959 14.139132936719665 17.056248900888008
960 14.139132936719665 17.067849032338636
961 14.139132936719665 17.160293234568716
962 14.139132936719665 17.22712777975357
963 14.139132936719665 17.26673778260402
964 14.139132936719665 17.26924546542433
965 13.972271096315742 17.197349443803603
966 13.972271096315742 17.211895639505222
967 13.972271096315742 17.20270357863813
968 13.972271096315742 17.240366610840653
969 13.972271096315742 17.21327647163408
970 13.972271096315742 17.244682803630294
971 13.972271096315742 17.252858305374264
972 13.972271096315742 17.242093011946448
973 13.972271096315742 17.262402087545876
974 13.972271096315742 17.3579170613663
975 13.972271096315742 17.326404606324466
976 13.972271096315742 17.254481864459272
977 13.972271096315742 17.232543275751066
978 13.972271096315742 17.1290194542505
979 13.972271096315742 17.027678908961665
980 13.972271096315742 16.981742973275033
981 13.972271096315742 17.001388021796984
982 13.340635438874632 16.99869075310652
983 13.340635438874632 16.987040308586963
984 13.340635438874632 16.90364856662195
985 13.340635438874632 16.8060437336635
986 13.340635438874632 16.705383111734122
987 13.340635438874632 16.673320184126503
988 13.340635438874632 16.715804595196403
989 13.340635438874632 16.58384743497319
990 13.340635438874632 16.569460179810488
991 13.340635438874632 16.6735317339291
992 13.340635438874632 16.56622350285483
993 13.340635438874632 16.549878692601272
994 13.340635438874632 16.463018036828743
995 13.30672299077764 16.44142646156227
996 13.30672299077764 16.493358955526503
997 13.30672299077764 16.502675315401632
998 13.30672299077764 16.362418020007524
999 13.30672299077764 16.42623098175635
