# iteración mejor promedio
0 20.533874808225633 21.06658337256674
1 20.533874808225633 21.07916549226812
2 20.42700543009333 21.066113967434305
3 20.42700543009333 21.059780603597456
4 20.42700543009333 21.065589317578272
5 20.36337876460125 21.080209806247943
6 20.36337876460125 21.08791820317691
7 20.36337876460125 21.09602959643788
8 20.36337876460125 21.081703780727484
9 20.36337876460125 21.075169501003025
10 20.268161478668738 21.064014311381776
11 20.268161478668738 21.051582283915085
12 20.268161478668738 21.044747280530995
13 20.268161478668738 21.048701886984034
14 20.268161478668738 21.03312879672553
15 20.18015853623039 21.030772229208168
16 20.18015853623039 21.019778495075073
17 20.18015853623039 21.00572117867426
18 20.18015853623039 20.995179697297345
19 20.18015853623039 20.97227824462428
20 20.18015853623039 20.97547548808923
21 20.18015853623039 20.973125682595857
22 20.18015853623039 20.964538041275336
23 20.18015853623039 20.964488400048673
24 20.18015853623039 20.955956540287612
25 20.15750538186553 20.96204548142103
26 20.15750538186553 20.94885686110318
27 20.15750538186553 20.960920946849622
28 20.15750538186553 20.953311637489197
29 20.15750538186553 20.925820312046415
30 20.15750538186553 20.91387939986969
31 20.15750538186553 20.91648973377786
32 20.15750538186553 20.90520729306559
33 20.15750538186553 20.9089727218925
34 20.15750538186553 20.923677413643034
35 20.15750538186553 20.91594304586884
36 19.967424621882653 20.900342761989567
37 19.967424621882653 20.927096883070266
38 19.967424621882653 20.903332855157423
39 19.967424621882653 20.897007796249557
40 19.967424621882653 20.890407387770534
41 19.967424621882653 20.85116041542768
42 19.967424621882653 20.84700195376414
43 19.87194768771925 20.841993781857198
44 19.87194768771925 20.81311686396376
45 19.87194768771925 20.812523947453336
46 19.87194768771925 20.80343672889827
47 19.87194768771925 20.80878974909964
48 19.87194768771925 20.791052785000673
49 19.87194768771925 20.80406086725166
50 19.749040050886595 20.791323387368216
51 19.68099299063201 20.812511050110093
52 19.68099299063201 20.836522462300326
53 19.68099299063201 20.84426716066634
54 19.68099299063201 20.87812122205595
55 19.68099299063201 20.85102857814003
56 19.68099299063201 20.843942236345555
57 19.68099299063201 20.838016349920334
58 19.68099299063201 20.845094130491333
59 19.67397424298774 20.84193479088834
60 19.67397424298774 20.81862707837165
61 19.67397424298774 20.810515973793425
62 19.67397424298774 20.800747423187886
63 19.67397424298774 20.82668492716367
64 19.67397424298774 20.797892946972482
65 19.67397424298774 20.80936732221815
66 19.67397424298774 20.81443280194834
67 19.67397424298774 20.821352008582902
68 19.67397424298774 20.784702145502873
69 19.67397424298774 20.757143111209633
70 19.67397424298774 20.75263513733254
71 19.67397424298774 20.755282857833336
72 19.67397424298774 20.76114105658432
73 19.67397424298774 20.764708034730294
74 19.67397424298774 20.732971000435906
75 19.67397424298774 20.690630389655034
76 19.67397424298774 20.71362703603971
77 19.67397424298774 20.71823168403593
78 19.67397424298774 20.72259994606878
79 19.67397424298774 20.73575336747725
80 19.67397424298774 20.738778473718316
81 19.67397424298774 20.73592250360684
82 19.67397424298774 20.747549611658822
83 19.67397424298774 20.7649927836564
84 19.67397424298774 20.760311439098487
85 19.67397424298774 20.75922017693735
86 19.67397424298774 20.781830288931186
87 19.67397424298774 20.77427893701692
88 19.67397424298774 20.746141157388475
89 19.563380113028067 20.729191783853913
90 19.563380113028067 20.7229479960048
91 19.563380113028067 20.713890497148256
92 19.563380113028067 20.714390878700357
93 19.563380113028067 20.720239571781025
94 19.563380113028067 20.71286441903023
95 19.563380113028067 20.732147803275012
96 19.563380113028067 20.73304044797816
97 19.563380113028067 20.73133888927238
98 19.563380113028067 20.724060645900845
99 19.563380113028067 20.710316060879293
100 19.563380113028067 20.72264996090183
101 19.563380113028067 20.71573962876379
102 19.563380113028067 20.70906298921459
103 19.563380113028067 20.72073163773733
104 19.563380113028067 20.73857492189808
105 19.563380113028067 20.732891208295655
106 19.563380113028067 20.735316171035382
107 19.563380113028067 20.73424792327512
108 19.563380113028067 20.73148604591043
109 19.563380113028067 20.730957862025527
110 19.563380113028067 20.72437031464878
111 19.563380113028067 20.727852858954684
112 19.563380113028067 20.735225451253065
113 19.563380113028067 20.73009305185265
114 19.563380113028067 20.735339796820227
115 19.563380113028067 20.732571062613275
116 19.563380113028067 20.71706859162003
117 19.563380113028067 20.700423972642458
118 19.563380113028067 20.684753434558566
119 19.563380113028067 20.687059617331926
120 19.563380113028067 20.696180582450143
121 19.563380113028067 20.68890939643325
122 19.563380113028067 20.676614834954027
123 19.563380113028067 20.691695406567337
124 19.563380113028067 20.687884759801342
125 19.563380113028067 20.68109028578814
126 19.563380113028067 20.678309692153352
127 19.563380113028067 20.680859549582465
128 19.545812071193886 20.673910304842565
129 19.545812071193886 20.661263034257512
130 19.545812071193886 20.640020228716054
131 19.545812071193886 20.65238883651503
132 19.545812071193886 20.645604641947916
133 19.545812071193886 20.63830896771719
134 19.545812071193886 20.65374214106927
135 19.545812071193886 20.639532867646288
136 19.545812071193886 20.659105351099843
137 19.545812071193886 20.62503395819915
138 19.545812071193886 20.620652204102427
139 19.545812071193886 20.622205655341237
140 19.545812071193886 20.61513087127858
141 19.545812071193886 20.61195355089692
142 19.545812071193886 20.61443784329981
143 19.545812071193886 20.609179484331765
144 19.545812071193886 20.60566675982289
145 19.545812071193886 20.60334334646265
146 19.545812071193886 20.632766074796564
147 19.545812071193886 20.636284804286138
148 19.545812071193886 20.615221434992286
149 19.500360799065845 20.623461176043442
150 19.500360799065845 20.629851844418404
151 19.500360799065845 20.64455196555857
152 19.35027226787725 20.60293929458915
153 19.35027226787725 20.588340345611904
154 19.2731141531908 20.58670310600236
155 19.2731141531908 20.584176871967824
156 19.2731141531908 20.563875491683515
157 19.2731141531908 20.559140758872246
158 19.2731141531908 20.540491135909846
159 19.2731141531908 20.51739742922942
160 19.2731141531908 20.496227324290434
161 19.2731141531908 20.488627455918223
162 19.2731141531908 20.50902381408834
163 19.2731141531908 20.49994006768124
164 19.2731141531908 20.497657442243135
165 19.2731141531908 20.527805358458618
166 19.2731141531908 20.50443566658834
167 19.2731141531908 20.514061308225273
168 19.2731141531908 20.51099489663329
169 19.2731141531908 20.49514169748762
170 19.2731141531908 20.507671442239392
171 19.2731141531908 20.5386461836933
172 19.2731141531908 20.49781323188107
173 19.2731141531908 20.528952976032357
174 19.2731141531908 20.505390174600965
175 19.2731141531908 20.5135601327019
176 19.2731141531908 20.488228251950655
177 19.2731141531908 20.473708640306302
178 19.2731141531908 20.475827019408044
179 19.2731141531908 20.484702063347672
180 19.2731141531908 20.47253737324659
181 19.2731141531908 20.462929165276908
182 19.2731141531908 20.450750233929725
183 19.2731141531908 20.451904330303996
184 19.2731141531908 20.44200372754408
185 19.2731141531908 20.437969380420363
186 19.2731141531908 20.444105271027812
187 19.2731141531908 20.416599554850826
188 19.2731141531908 20.389934242593952
189 19.2731141531908 20.358328606033457
190 19.2731141531908 20.367157038766173
191 19.2731141531908 20.34807929994573
192 19.2731141531908 20.304748737919432
193 19.2731141531908 20.29161558476866
194 19.2731141531908 20.3217470307565
195 19.2731141531908 20.30625159902111
196 19.2731141531908 20.329367104575702
197 19.2731141531908 20.303446138545894
198 19.2731141531908 20.27512829465237
199 19.2731141531908 20.238903257579032
200 19.2731141531908 20.225259134243185
201 19.2731141531908 20.242736387760775
202 19.2731141531908 20.24241786338093
203 19.2731141531908 20.259990724856983
204 19.237088455498114 20.247627324074305
205 19.237088455498114 20.23823039868355
206 19.237088455498114 20.24703740583751
207 19.237088455498114 20.198218063741855
208 19.237088455498114 20.22090473865093
209 19.237088455498114 20.19971886598214
210 19.237088455498114 20.207971225891708
211 19.237088455498114 20.217042338559665
212 18.984659720892903 20.220494590764257
213 18.984659720892903 20.209191248636774
214 18.984659720892903 20.192425946942976
215 18.984659720892903 20.19947994622657
216 18.984659720892903 20.185608425242275
217 18.805179764064086 20.16495163363577
218 18.805179764064086 20.166760998108984
219 18.805179764064086 20.16847719519277
220 18.805179764064086 20.181648407280342
221 18.79938604180648 20.17354222124264
222 18.79938604180648 20.189832510954034
223 18.79938604180648 20.15181669528769
224 18.79938604180648 20.160203255534526
225 18.79933382974786 20.170810505058185
226 18.79933382974786 20.20237693913581
227 18.79933382974786 20.20765655617296
228 18.79933382974786 20.15853751744875
229 18.79933382974786 20.162607411325045
230 18.78518837578565 20.17220384274482
231 18.78518837578565 20.189426304824003
232 18.78518837578565 20.221101880931382
233 18.78518837578565 20.21459308211969
234 18.78518837578565 20.23504026761162
235 18.78518837578565 20.244224591344178
236 18.78518837578565 20.252399368144452
237 18.78518837578565 20.234275996096354
238 18.78518837578565 20.2789500521133
239 18.78518837578565 20.259278365992145
240 18.78518837578565 20.276892018338852
241 18.78518837578565 20.265085203893058
242 18.78518837578565 20.27158922003157
243 18.78518837578565 20.264692568059758
244 18.78518837578565 20.227263101729065
245 18.78518837578565 20.238658539026023
246 18.78518837578565 20.230947448979087
247 18.729980926905615 20.258260306097053
248 18.729980926905615 20.26239587902204
249 18.729980926905615 20.25747099558673
250 18.729980926905615 20.24781002125863
251 18.729980926905615 20.252325088179003
252 18.729980926905615 20.23558948465167
253 18.729980926905615 20.284721576158322
254 18.729980926905615 20.288080293248576
255 18.729980926905615 20.289935085501458
256 18.729980926905615 20.284177854734832
257 18.729980926905615 20.265087664410085
258 18.729980926905615 20.263817240194825
259 18.729980926905615 20.264218819186738
260 18.729980926905615 20.250434748030813
261 18.729980926905615 20.243135425776487
262 18.729980926905615 20.211106500017582
263 18.729980926905615 20.228106642807166
264 18.647848986511242 20.172606176343216
265 18.624042538215097 20.16611852220154
266 18.624042538215097 20.117994338695095
267 18.624042538215097 20.12224898627497
268 18.624042538215097 20.064260113639513
269 18.624042538215097 20.068122850053122
270 18.624042538215097 20.00631063884254
271 18.624042538215097 20.069939103605854
272 18.59976153127536 20.095438695528475
273 18.59976153127536 20.067691822057512
274 18.59976153127536 20.03926140646226
275 18.59976153127536 20.0927934472722
276 18.59976153127536 20.09157648633818
277 18.59976153127536 20.076512095123405
278 18.59976153127536 20.034533562793744
279 18.59976153127536 20.09854282930215
280 18.59976153127536 20.103342682091874
281 18.59976153127536 20.09914953965983
282 18.56551999352452 20.08411118826787
283 18.56551999352452 20.02077806488014
284 18.56551999352452 19.992745646195623
285 18.56551999352452 19.984858873989868
286 18.56551999352452 20.009395319964536
287 18.56551999352452 19.987116231644876
288 18.56551999352452 19.944588958274178
289 18.56551999352452 19.968548931260464
290 18.56551999352452 19.943882014645713
291 18.56551999352452 19.956535830525684
292 18.56551999352452 19.98258972194252
293 18.488183565893337 19.98310175162308
294 18.488183565893337 19.93563546972286
295 18.488183565893337 19.934031239884415
296 18.488183565893337 19.9217703711156
297 18.488183565893337 19.943449730792505
298 18.488183565893337 19.909506954227048
299 18.488183565893337 19.919406215992208
300 18.488183565893337 19.915502277146004
301 18.488183565893337 19.931079205279083
302 18.488183565893337 19.920051532481178
303 18.488183565893337 19.936391790728383
304 18.488183565893337 19.938094821830013
305 18.488183565893337 19.928713410285553
306 18.488183565893337 19.928552436368136
307 18.488183565893337 19.906322621649206
308 18.488183565893337 19.882446555863563
309 18.488183565893337 19.8929538232161
310 18.488183565893337 19.902022640433433
311 18.488183565893337 19.926842381966566
312 18.488183565893337 19.88865524674022
313 18.488183565893337 19.87663707471283
314 18.488183565893337 19.895411334654252
315 18.488183565893337 19.91466855816029
316 18.488183565893337 19.85485799871333
317 18.488183565893337 19.853668029282474
318 18.488183565893337 19.8848880623933
319 18.488183565893337 19.88595293736405
320 18.488183565893337 19.86936668084303
321 18.488183565893337 19.88331899857035
322 18.488183565893337 19.87602033263694
323 18.488183565893337 19.90603578795481
324 18.488183565893337 19.923895607219766
325 18.488183565893337 19.905564068913872
326 18.488183565893337 19.90179947924148
327 18.488183565893337 19.8590988761255
328 18.488183565893337 19.872213994508307
329 18.488183565893337 19.902578174681068
330 18.488183565893337 19.92867132568494
331 18.488183565893337 19.916003279882542
332 18.488183565893337 19.88484697502071
333 18.488183565893337 19.925298626558355
334 18.488183565893337 19.916163752358113
335 18.488183565893337 19.905906664757065
336 18.488183565893337 19.86491919713088
337 18.488183565893337 19.85061938901227
338 18.488183565893337 19.85559056323072
339 18.488183565893337 19.831057750039793
340 18.488183565893337 19.87554251861744
341 18.488183565893337 19.90194795069955
342 18.488183565893337 19.908722312662206
343 18.488183565893337 19.93119791261838
344 18.488183565893337 19.943565331230705
345 18.488183565893337 19.947061809360456
346 18.488183565893337 19.950135779959904
347 18.488183565893337 19.962547934544823
348 18.488183565893337 19.946317153122152
349 18.488183565893337 19.95351779400994
350 18.488183565893337 19.93940361721059
351 18.488183565893337 19.915695212178665
352 18.488183565893337 19.928006403915898
353 18.488183565893337 19.90790633023784
354 18.488183565893337 19.938066901418274
355 18.488183565893337 19.929790001058137
356 18.488183565893337 19.917555201101006
357 18.488183565893337 19.911643476469425
358 18.488183565893337 19.893861004314864
359 18.488183565893333 19.897914994947413
360 18.488183565893333 19.858041440288012
361 18.488183565893333 19.8890549843856
362 18.488183565893333 19.88208333685165
363 18.488183565893333 19.85213476835473
364 18.488183565893333 19.861644370346415
365 18.488183565893333 19.901213513405665
366 18.488183565893333 19.888617120123907
367 18.488183565893333 19.884510683332973
368 18.488183565893333 19.909122831349745
369 18.488183565893333 19.90386204885411
370 18.488183565893333 19.943607648872227
371 18.488183565893333 19.956804713926182
372 18.488183565893333 19.933526138935466
373 18.488183565893333 19.94943787037222
374 18.488183565893333 19.939726726626336
375 18.488183565893333 19.91721573068772
376 18.488183565893333 19.899827651387685
377 18.488183565893333 19.92233521879908
378 18.488183565893333 19.955609111149933
379 18.488183565893333 19.961287209642208
380 18.488183565893333 19.952590985213277
381 18.488183565893333 19.946063624681695
382 18.488183565893333 19.939580529194522
383 18.488183565893333 19.92882768710993
384 18.488183565893333 19.918568522605202
385 18.488183565893333 19.901930977512865
386 18.488183565893333 19.89424820289906
387 18.488183565893333 19.894572740366943
388 18.488183565893333 19.88390048512852
389 18.488183565893333 19.88844631611986
390 18.488183565893333 19.895536847314908
391 18.488183565893333 19.910904764154374
392 18.488183565893333 19.915916820841126
393 18.488183565893333 19.875725058806793
394 18.488183565893333 19.886330161337003
395 18.488183565893333 19.874808594660195
396 18.488183565893333 19.8847092783425
397 18.488183565893333 19.869563743219395
398 18.488183565893333 19.90400145269941
399 18.488183565893337 19.903009824796147
400 18.488183565893337 19.902063864307998
401 18.488183565893337 19.892047397094515
402 18.488183565893337 19.90209808428386
403 18.488183565893337 19.89827374929929
404 18.488183565893337 19.924281139539993
405 18.488183565893337 19.923649816681166
406 18.488183565893337 19.87107865511968
407 18.488183565893337 19.872183749572553
408 18.488183565893333 19.86353138618933
409 18.488183565893333 19.858931422930137
410 18.488183565893333 19.84471084887017
411 18.488183565893333 19.80714425389949
412 18.488183565893333 19.77132612050665
413 18.488183565893333 19.78443025201924
414 18.488183565893333 19.765224094502237
415 18.488183565893333 19.760293432466796
416 18.488183565893333 19.758207577900656
417 18.488183565893333 19.76915089802628
418 18.488183565893333 19.769611238865707
419 18.488183565893333 19.768422313496227
420 18.488183565893333 19.714171016387148
421 18.488183565893333 19.76129168192884
422 18.488183565893333 19.78741452018237
423 18.488183565893333 19.775459548072792
424 18.488183565893333 19.772960305354168
425 18.488183565893333 19.7594286129938
426 18.488183565893333 19.78796264944422
427 18.488183565893333 19.729808538806903
428 18.488183565893333 19.721216892721547
429 18.488183565893333 19.726732277283823
430 18.488183565893333 19.739036769051605
431 18.488183565893333 19.73496532764186
432 18.488183565893333 19.709283726857258
433 18.488183565893333 19.68598963818677
434 18.488183565893333 19.645314486404423
435 18.488183565893333 19.624381362342454
436 18.488183565893333 19.6468608004228
437 18.488183565893333 19.673839013345003
438 18.33756334733402 19.68159422038298
439 18.33756334733402 19.684534818418825
440 18.33756334733402 19.680961636167478
441 18.272772479431918 19.69048044231447
442 18.272772479431918 19.701574929649304
443 18.272772479431918 19.67008474385721
444 18.272772479431918 19.641608986612543
445 18.272772479431918 19.649233361033136
446 18.272772479431918 19.678139555696585
447 18.272772479431918 19.660546283993366
448 18.272772479431918 19.658420748991617
449 18.272772479431918 19.644255574913878
450 18.272772479431918 19.652106779005216
451 18.255265540601513 19.594965013460452
452 18.255265540601513 19.593072858317836
453 17.989698503801925 19.597358118683974
454 17.989698503801925 19.642664983677598
455 17.989698503801925 19.63533129604848
456 17.989698503801925 19.628606004817044
457 17.989698503801925 19.572546804321288
458 17.989698503801925 19.57539115171591
459 17.989698503801925 19.58227891348745
460 17.92824104334389 19.59180863287082
461 17.92824104334389 19.6115858116506
462 17.92824104334389 19.645862202035488
463 17.92824104334389 19.625041095103935
464 17.92824104334389 19.619758431598495
465 17.92824104334389 19.651140498787033
466 17.92824104334389 19.624911484225564
467 17.92824104334389 19.639334980045632
468 17.92824104334389 19.67440587140158
469 17.65385640463843 19.6381648635853
470 17.65385640463843 19.658762492630565
471 17.65385640463843 19.66455479106612
472 17.65385640463843 19.681138922571446
473 17.65385640463843 19.683008769741363
474 17.65385640463843 19.634869760367252
475 17.65385640463843 19.628231916089657
476 17.65385640463843 19.624049750827822
477 17.65385640463843 19.58779139219882
478 17.65385640463843 19.56238442546891
479 17.65385640463843 19.575714812823286
480 17.65385640463843 19.58023273882744
481 17.65385640463843 19.552468958669852
482 17.65385640463843 19.565506906850597
483 17.65385640463843 19.558345514693816
484 17.65385640463843 19.540031340875046
485 17.653856404638425 19.557569991568418
486 17.653856404638425 19.5915583240893
487 17.653856404638425 19.578095603328034
488 17.653856404638425 19.561735735250146
489 17.653856404638425 19.56655711330477
490 17.653856404638425 19.555341587277145
491 17.653856404638425 19.599761645870675
492 17.653856404638425 19.59590444946339
493 17.653856404638425 19.625536907165024
494 17.653856404638425 19.610201559413877
495 17.653856404638425 19.59684157204149
496 17.653856404638425 19.614692859426142
497 17.653856404638425 19.605880894769445
498 17.653856404638425 19.600266254756594
499 17.653856404638425 19.591906439733112
500 17.653856404638425 19.62217355320881
501 17.653856404638425 19.583440694091806
502 17.653856404638425 19.594644079261567
503 17.653856404638425 19.590643952858883
504 17.653856404638425 19.573758216875454
505 17.653856404638425 19.558201571190764
506 17.653856404638425 19.584332774625796
507 17.653856404638425 19.5630325448945
508 17.653856404638425 19.54774098749346
509 17.653856404638425 19.53321443262541
510 17.653856404638425 19.54757820705038
511 17.653856404638425 19.528758471259593
512 17.653856404638425 19.517440370074045
513 17.653856404638425 19.47575396416779
514 17.653856404638425 19.43904632861206
515 17.653856404638425 19.43523758486112
516 17.653856404638425 19.45239138413078
517 17.653856404638425 19.440684009525814
518 17.653856404638425 19.445655982252877
519 17.648910655215285 19.421276770597633
520 17.648910655215285 19.3996927918502
521 17.648910655215285 19.418666778043708
522 17.648910655215285 19.362578104074938
523 17.648910655215285 19.387395947595813
524 17.648910655215285 19.356048796631875
525 17.648910655215285 19.339470491255643
526 17.648910655215285 19.338921879737537
527 17.648910655215285 19.309057300004483
528 17.648910655215285 19.298812783418512
529 17.648910655215285 19.357749760410346
530 17.648910655215285 19.31929086787866
531 17.648910655215285 19.297501755457073
532 17.648910655215285 19.29513574138303
533 17.648910655215285 19.22898901024909
534 17.648910655215285 19.259744255431507
535 17.648910655215285 19.26050382922959
536 17.648910655215285 19.29661138878555
537 17.648910655215285 19.306950360090774
538 17.648910655215285 19.252589382902343
539 17.648910655215285 19.242876373188174
540 17.648910655215285 19.230961016541436
541 17.648910655215285 19.28484337956211
542 17.648910655215285 19.306217884165047
543 17.648910655215285 19.28042004041043
544 17.648910655215285 19.260408333216564
545 17.648910655215285 19.293420573559672
546 17.648910655215285 19.358654683202143
547 17.648910655215285 19.33579402505812
548 17.648910655215285 19.330555602456037
549 17.648910655215285 19.322780796835385
550 17.648910655215285 19.390841288069815
551 17.648910655215285 19.432375281529986
552 17.648910655215285 19.41950854218421
553 17.648910655215285 19.408407804619532
554 17.648910655215285 19.458211325982504
555 17.648910655215285 19.505761686148798
556 17.648910655215285 19.49589187494506
557 17.648910655215285 19.459122037116934
558 17.648910655215285 19.46086003376744
559 17.648910655215285 19.451710803538525
560 17.648910655215285 19.482306847697224
561 17.648910655215285 19.43007701850234
562 17.648910655215285 19.475795910856217
563 17.648910655215285 19.48485122284917
564 17.648910655215285 19.427543903646047
565 17.648910655215285 19.429161078160078
566 17.648910655215285 19.441122735030437
567 17.648910655215285 19.451803066652616
568 17.648910655215285 19.44144938195214
569 17.648910655215285 19.459752838536478
570 17.648910655215285 19.46257518881885
571 17.648910655215285 19.483630201203184
572 17.648910655215285 19.48943083303253
573 17.648910655215285 19.53751045604718
574 17.648910655215285 19.538731162357138
575 17.648910655215285 19.50853008102207
576 17.62743970015863 19.484506347614918
577 17.62743970015863 19.43863316272047
578 17.62743970015863 19.455540533537892
579 17.62743970015863 19.489266948800005
580 17.62743970015863 19.444331945558698
581 17.62743970015863 19.50442978989308
582 17.62743970015863 19.489298657338654
583 17.62743970015863 19.458273474889385
584 17.52770876755339 19.5056209403536
585 17.52770876755339 19.54831701349795
586 17.425420506437195 19.545874301850574
587 17.425420506437195 19.530535420595076
588 17.425420506437195 19.494646572924992
589 17.425420506437195 19.461424699190992
590 17.425420506437195 19.420951186734793
591 17.425420506437195 19.483663115290845
592 17.425420506437195 19.480678330822
593 17.425420506437195 19.41873362431526
594 17.425420506437195 19.382708461721155
595 17.425420506437195 19.32823003407284
596 17.425420506437195 19.293638352240258
597 17.425420506437195 19.28053637848866
598 17.425420506437195 19.283333982879267
599 17.425420506437195 19.31193876123979
600 17.425420506437195 19.29653333110283
601 17.425420506437195 19.324339852195553
602 17.425420506437195 19.274635305779782
603 17.425420506437195 19.257920131520137
604 17.425420506437195 19.216460888324235
605 17.425420506437195 19.276435362408538
606 17.425420506437195 19.238171867338664
607 17.425420506437195 19.240532388871987
608 17.425420506437195 19.25288130952562
609 17.38440968578225 19.200166623397013
610 17.38440968578225 19.185620154301162
611 17.38440968578225 19.1979635193708
612 17.38440968578225 19.178202697165304
613 17.38440968578225 19.14053370447815
614 17.38440968578225 19.159061988167558
615 17.38440968578225 19.092745826802766
616 17.295612666738553 19.06301986272115
617 17.292608369891266 19.09915336648534
618 17.292608369891266 19.047969616392393
619 17.292608369891266 19.053711048427257
620 17.292608369891266 19.119782821866753
621 17.292608369891266 19.051659257711552
622 17.292608369891266 18.99919440574948
623 17.292608369891266 19.00952866570592
624 17.24712870576511 18.997999685506358
625 17.182999590523202 18.974646292765286
626 17.182999590523202 19.072495008901022
627 17.182999590523202 19.088315226182452
628 17.182999590523202 19.062613186143718
629 17.182999590523202 19.01694407823672
630 17.182999590523202 19.007662440978983
631 17.182999590523202 19.03343195991162
632 17.182999590523202 19.023005605407533
633 17.182999590523202 19.042374086156585
634 17.182999590523202 19.119204421728675
635 17.182999590523202 19.088010608444396
636 17.182999590523202 19.08680924579956
637 17.182999590523202 19.121200068369735
638 17.182999590523202 19.144489017691306
639 17.182999590523202 19.153231050022026
640 17.182999590523202 19.12733300554245
641 17.182999590523202 19.139368622888245
642 17.182999590523202 19.215729083153192
643 17.182999590523202 19.25383205744936
644 17.182999590523202 19.23951357363875
645 17.182999590523202 19.239432240996617
646 17.182999590523202 19.165235614565194
647 17.182999590523202 19.173391903085452
648 17.182999590523202 19.217660062629918
649 17.182999590523202 19.146633474968475
650 17.07949914830629 19.129084242280513
651 17.07949914830629 19.039444465919143
652 17.07949914830629 19.075460548953647
653 17.07949914830629 19.058941932013912
654 17.07949914830629 19.033561564087126
655 17.07949914830629 18.98147635506693
656 17.07949914830629 18.9954376230735
657 17.07949914830629 19.021825255411
658 17.07949914830629 19.06902937638644
659 17.001329186365627 19.068703558562948
660 17.001329186365627 19.06081598390434
661 17.001329186365627 19.07929589719488
662 17.001329186365627 19.038229659939546
663 17.001329186365627 19.017539885082513
664 17.001329186365627 19.048570959690597
665 17.001329186365627 19.067274440909564
666 17.001329186365627 19.08334793304215
667 17.001329186365627 19.082266229047203
668 17.001329186365627 19.082475611926412
669 17.001329186365627 19.06675264434401
670 17.001329186365627 19.031273725339755
671 17.001329186365627 18.99330729586155
672 17.001329186365627 18.980743124606686
673 17.001329186365627 18.993372733871468
674 17.001329186365627 18.968185818034218
675 17.001329186365627 18.97687453644521
676 17.001329186365627 18.93788274800558
677 17.001329186365627 18.855418705901126
678 17.001329186365627 18.83038380193712
679 17.001329186365627 18.767598517824666
680 16.765718447331643 18.751942465040408
681 16.765718447331643 18.756859680739204
682 16.765718447331643 18.768502682292564
683 16.765718447331643 18.691047172222003
684 16.765718447331643 18.697235600244916
685 16.727177132154903 18.713798309332272
686 16.727177132154903 18.738180129532385
687 16.39048459598148 18.716632887908116
688 16.39048459598148 18.745448577210137
689 16.39048459598148 18.745627818454327
690 16.39048459598148 18.760768744139472
691 16.39048459598148 18.847457434601115
692 16.39048459598148 18.801546150464915
693 16.39048459598148 18.788048170833882
694 16.39048459598148 18.85516504611264
695 16.39048459598148 18.78399441434688
696 16.39048459598148 18.815285751267208
697 16.39048459598148 18.82464304636005
698 16.39048459598148 18.793870717860933
699 16.39048459598148 18.805009451201368
700 16.39048459598148 18.821684049514644
701 16.39048459598148 18.820368142083144
702 16.39048459598148 18.83816281476685
703 16.39048459598148 18.83222462471044
704 16.39048459598148 18.817870857631185
705 16.39048459598148 18.870427048865132
706 16.39048459598148 18.87444440869727
707 16.39048459598148 18.83776967816691
708 16.39048459598148 18.791621901102427
709 16.39048459598148 18.761533001680096
710 16.39048459598148 18.708162189179994
711 16.109520040889365 18.701539049491036
712 16.109520040889365 18.68724528464586
713 16.109520040889365 18.74136018898222
714 16.109520040889365 18.77129118359133
715 16.109520040889365 18.797924969540023
716 16.109520040889365 18.7754852899077
717 16.109520040889365 18.819011762522443
718 16.109520040889365 18.74733916583663
719 16.109520040889365 18.717502582681913
720 16.109520040889365 18.732195977001087
721 16.109520040889365 18.778014878992977
722 16.109520040889365 18.703850556110105
723 16.109520040889365 18.698090786021005
724 16.109520040889365 18.659376936273194
725 16.109520040889365 18.612712412353726
726 16.109520040889365 18.642901197603457
727 16.109520040889365 18.6614970131507
728 16.109520040889365 18.605844533305504
729 16.109520040889365 18.6599429423293
730 16.109520040889365 18.688973989051675
731 16.109520040889365 18.671263495363043
732 16.109520040889365 18.674288119841222
733 16.109520040889365 18.676369972072496
734 16.109520040889365 18.62607042130091
735 16.109520040889365 18.597064289126944
736 16.109520040889365 18.563382746488486
737 16.109520040889365 18.52949585946068
738 16.109520040889365 18.515652165400706
739 16.109520040889365 18.51484127041678
740 16.109520040889365 18.511828562439074
741 16.109520040889365 18.432690800684103
742 16.10398413187692 18.44989466375941
743 16.10398413187692 18.533822743564425
744 16.10398413187692 18.450856771895193
745 16.10398413187692 18.45493894223896
746 15.796990083724332 18.40771099493661
747 15.796990083724332 18.393575640895037
748 15.796990083724332 18.429445642497257
749 15.796990083724332 18.405041687086683
750 15.796990083724332 18.45276143062365
751 15.796990083724332 18.471337399029796
752 15.796990083724332 18.366237706941117
753 15.796990083724332 18.35614090122416
754 15.796990083724332 18.357756587715894
755 15.796990083724332 18.305099530439335
756 15.796990083724332 18.255552094171996
757 15.796990083724332 18.291483917227428
758 15.796990083724332 18.27739385435754
759 15.796990083724332 18.241223382221065
760 15.796990083724332 18.321969139161865
761 15.796990083724332 18.333625838876866
762 15.796990083724332 18.30804633303104
763 15.796990083724332 18.31082585197305
764 15.796990083724332 18.318037185585023
765 15.796990083724332 18.306338481466785
766 15.796990083724332 18.292180385309432
767 15.796990083724332 18.27832354786259
768 15.796990083724332 18.41576503309593
769 15.796990083724332 18.42952525802017
770 15.796990083724332 18.426955015193542
771 15.796990083724332 18.445994023146728
772 15.796990083724332 18.459416496282653
773 15.796990083724332 18.411587590729468
774 15.796990083724332 18.432489234869085
775 15.796990083724332 18.40605430230766
776 15.796990083724332 18.409013027844875
777 15.796990083724332 18.331068305228495
778 15.796990083724332 18.342767997476937
779 15.796990083724332 18.323888228883753
780 15.796990083724332 18.396670084265793
781 15.796990083724332 18.344305098574786
782 15.796990083724332 18.340493226035104
783 15.796990083724332 18.349482858740245
784 15.792166461013931 18.309355344252364
785 15.792166461013931 18.326831800956874
786 15.792166461013931 18.26185233101671
787 15.792166461013931 18.328808213103144
788 15.792166461013931 18.3274193053178
789 15.792166461013931 18.252511028105562
790 15.792166461013931 18.26450585810596
791 15.792166461013931 18.271923255910746
792 15.792166461013931 18.242231984799812
793 15.792166461013931 18.333205310156135
794 15.792166461013931 18.28420156031336
795 15.792166461013931 18.298515393281562
796 15.792166461013931 18.25741641766317
797 15.792166461013931 18.212284515431836
798 15.792166461013931 18.184306294949216
799 15.792166461013931 18.16319972475121
800 15.792166461013931 18.272211117952406
801 15.792166461013931 18.192897545479862
802 15.792166461013931 18.22021938872167
803 15.792166461013931 18.20860103550026
804 15.792166461013931 18.101684325969167
805 15.792166461013931 18.134382768279558
806 15.792166461013931 18.0777321170287
807 15.792166461013931 18.17586068188592
808 15.792166461013931 18.292638252053145
809 15.792166461013931 18.279312902193407
810 15.792166461013931 18.279011795469405
811 15.792166461013931 18.23934204827957
812 15.762816568271381 18.161039807723736
813 15.762816568271381 18.20295409558492
814 15.762816568271381 18.15879591413905
815 15.762816568271381 18.136175380538432
816 15.762816568271381 18.12319183563675
817 15.762816568271381 18.084370268517578
818 15.762816568271381 18.084861649317606
819 15.762816568271381 18.058237930050726
820 15.762816568271381 18.183544748470357
821 15.762816568271381 18.123962190223757
822 15.762816568271381 18.175851376302
823 15.762816568271381 18.111823426527277
824 15.762816568271381 18.045381110200406
825 15.762816568271381 18.022212033268612
826 15.762816568271381 18.04986894957623
827 15.762816568271381 18.110841095642666
828 15.762816568271381 18.070312892695
829 15.762816568271381 18.101032517719062
830 15.762816568271381 18.079767008409863
831 15.762816568271381 18.1224720559453
832 15.699494344946078 18.126914571345146
833 15.699494344946078 18.104300139616303
834 15.699494344946078 18.04068323801371
835 15.699494344946078 18.055035896632873
836 15.699494344946078 17.985151928321226
837 15.699494344946078 17.996532824553427
838 15.699494344946078 17.96865270472395
839 15.500712919977271 17.93291549665332
840 15.500712919977271 17.963430335552133
841 15.500712919977271 17.925155253702954
842 15.500712919977271 17.89071446561375
843 15.500712919977271 17.898363583176835
844 15.500712919977271 17.937006104558836
845 15.500712919977271 17.926975853185777
846 15.500712919977271 17.872723473126637
847 15.500712919977271 17.97941574415107
848 15.500712919977271 17.963133387330714
849 15.500712919977271 17.900439794350426
850 15.500712919977271 17.842273065768637
851 15.500712919977271 17.812212929185005
852 15.487307230535883 17.785343576770725
853 15.487307230535883 17.8533814167543
854 15.487307230535883 17.810872793052344
855 15.487307230535883 17.735054543078284
856 15.487307230535883 17.801848616847213
857 15.39466011840925 17.855652013047877
858 15.39466011840925 17.94503412770389
859 15.39466011840925 17.97190060761461
860 15.39466011840925 17.982487472967946
861 15.39466011840925 17.919369307438984
862 15.39466011840925 17.931793083564628
863 15.328455685671155 17.890081725018113
864 15.328455685671155 17.81807939492244
865 15.239912758844271 17.765355590863667
866 15.239912758844271 17.733254736741234
867 15.239912758844271 17.816189915302072
868 15.239912758844271 17.824220168461718
869 15.239912758844271 17.79156505772829
870 15.239912758844271 17.765273841169986
871 15.239912758844271 17.808045020027876
872 15.239912758844271 17.698387062043842
873 15.239912758844271 17.717055135334412
874 15.2058982883701 17.67672856086294
875 15.2058982883701 17.724040543195482
876 15.2058982883701 17.65987115952348
877 15.2058982883701 17.694706943669722
878 15.2058982883701 17.67528856439151
879 15.2058982883701 17.697623680417625
880 15.2058982883701 17.699789818553104
881 15.2058982883701 17.693266954302672
882 15.2058982883701 17.693177665400786
883 15.2058982883701 17.715194715514038
884 15.2058982883701 17.756440513470295
885 15.2058982883701 17.706908147614502
886 15.2058982883701 17.740230486533072
887 15.130490061228485 17.71067526858975
888 15.130490061228485 17.620913621674962
889 15.130490061228485 17.504700100865563
890 15.130490061228485 17.52872262510267
891 15.01449489790056 17.48420325789092
892 15.01449489790056 17.597425315855048
893 15.01449489790056 17.482466526536733
894 15.01449489790056 17.55309178303852
895 15.01449489790056 17.634421893000596
896 14.989748473569996 17.59146384530835
897 14.989748473569996 17.581220771335232
898 14.989748473569996 17.526720463840466
899 14.989748473569996 17.540470215174594
900 14.989748473569996 17.575289715487564
901 14.989748473569996 17.591402827136122
902 14.989748473569996 17.667741572920658
903 14.989748473569996 17.69768610571765
904 14.989748473569996 17.619497406540926
905 14.989748473569996 17.539684341595734
906 14.989748473569996 17.49063240816988
907 14.989748473569996 17.514506148150577
908 14.989748473569996 17.501402449495433
909 14.989748473569996 17.556538823238167
910 14.989748473569996 17.668939311146886
911 14.989748473569996 17.6871283592476
912 14.989748473569996 17.664119438708045
913 14.989748473569996 17.64508203792269
914 14.989748473569996 17.616167296097505
915 14.989748473569996 17.62239811145624
916 14.989748473569996 17.661897946778062
917 14.989748473569996 17.646594397024995
918 14.989748473569996 17.660816434957
919 14.989748473569996 17.691814107771147
920 14.989748473569996 17.718174093478236
921 14.989748473569996 17.654605496465322
922 14.989748473569996 17.594381937424266
923 14.989748473569996 17.502296533415358
924 14.989748473569996 17.41208789317586
925 14.989748473569996 17.369618147249106
926 14.989748473569996 17.328135690283244
927 14.974977580279587 17.358258885952708
928 14.686528097157478 17.32869319111859
929 14.686528097157478 17.333336272895128
930 14.686100883606274 17.192552965080903
931 14.59342201911858 17.21594358245194
932 14.59342201911858 17.10979408721184
933 14.59342201911858 17.04131959346778
934 14.59342201911858 17.081811897773825
935 14.59342201911858 17.115573600061428
936 14.59342201911858 17.252715756656087
937 14.59342201911858 17.254655587838826
938 14.59342201911858 17.256635164698654
939 14.59342201911858 17.153419913024766
940 14.59342201911858 17.173088429686967
941 14.59342201911858 17.14654540892559
942 14.59342201911858 17.169504566438544
943 14.59342201911858 17.073185770216483
944 14.59342201911858 17.06176490712143
945 14.59342201911858 17.169526187359377
946 14.59342201911858 17.226717308422426
947 14.59342201911858 17.159647681937304
948 14.59342201911858 17.30001562418104
949 14.273535560951114 17.287495104339158
950 14.273535560951114 17.364844431892532
951 14.273535560951114 17.331558133498824
952 14.273535560951114 17.32059919265123
953 14.273535560951114 17.30228926861182
954 14.273535560951114 17.20808822246947
955 14.273535560951114 17.26041181672356
956 14.273535560951114 17.210767309475514
957 14.273535560951114 17.2204707766976
958 14.273535560951114 17.163364799931276
959 14.273535560951114 17.12924996384494
960 14.273535560951114 17.142904690714374
961 14.273535560951114 17.245691392727032
962 14.239688679030044 17.170226764627557
963 14.239688679030044 17.16200239839537
964 14.239688679030044 17.02557613236984
965 14.239688679030044 17.08819553598574
966 14.110493858298256 17.064363191682595
967 14.110493858298256 17.040731070027842
968 14.110493858298256 16.82934702347563
969 14.110493858298256 16.845552060370927
970 14.110493858298256 16.871804561514114
971 14.110493858298256 16.948319555848673
972 14.110493858298256 16.97990476083195
973 14.110493858298256 17.073463089934148
974 14.110493858298256 17.101836804041337
975 14.110493858298256 17.08377844469293
976 14.110493858298256 17.057570746945085
977 14.110493858298256 17.07537514462632
978 14.110493858298256 17.016340645131418
979 14.110493858298256 17.0813540116788
980 14.110493858298256 17.164164945615227
981 14.110493858298256 17.091951838919382
982 14.110493858298256 17.10621435321749
983 14.110493858298256 17.034823886533264
984 14.054666145396684 16.96993464340174
985 14.054666145396684 16.990345780198023
986 14.054666145396684 17.130122400953084
987 14.054666145396682 17.210375164721174
988 14.054666145396682 17.16814848643547
989 14.054666145396682 17.157468035103026
990 14.054666145396682 17.320469607513683
991 14.054666145396682 17.266269324324686
992 14.054666145396682 17.28484717421005
993 14.054666145396682 17.240584648291488
994 14.054666145396682 17.28470129981166
995 14.054666145396682 17.216797290689975
996 14.054666145396682 17.291767730356394
997 14.054666145396682 17.27785058860797
998 14.054666145396682 17.18620919633233
999 14.054666145396682 17.091697660717106
