# iteración mejor promedio
0 701.3746040556313 919.7616699906063
1 701.3746040556313 917.4688905531616
2 701.3746040556313 913.6571403201694
3 654.5672020970397 903.6589921350766
4 654.5672020970397 899.7153399734365
5 654.5672020970397 896.3498608788329
6 654.5672020970397 901.8856556442266
7 654.5672020970397 894.6188925430523
8 628.917760397202 896.8212001738966
9 628.917760397202 894.614808338066
10 628.917760397202 883.9701188050536
11 628.917760397202 873.5738965916004
12 628.917760397202 854.3466025096023
13 628.917760397202 836.5062880711583
14 613.0128236368424 823.0515805388968
15 613.0128236368424 818.8515549377714
16 589.7681734564823 814.8145075264135
17 589.7681734564823 809.8169616683745
18 589.7681734564823 805.9541182189489
19 589.7681734564824 798.0526063170319
20 589.7681734564824 788.0200117050153
21 589.7681734564824 786.6975467319846
22 589.7681734564824 779.8950320502124
23 589.7681734564824 773.9014629570812
24 589.7681734564824 766.5839922031029
25 587.4963743282042 766.8554869060946
26 587.4963743282042 765.0807070686512
27 587.4963743282042 766.4398443385587
28 585.6685289155722 764.5701626228008
29 585.6685289155722 752.0184222585013
30 585.6685289155722 743.7450005470731
31 585.6685289155722 735.3350634503086
32 585.6685289155722 730.1060437203961
33 534.9097410849974 717.9600584171811
34 534.9097410849974 711.1312383265749
35 534.9097410849974 705.7030288027657
36 534.9097410849974 703.0608916208922
37 482.4528442273398 703.7873418827489
38 482.4528442273398 698.630118217783
39 482.4528442273398 697.1961306979429
40 482.4528442273398 700.9863396092863
41 482.4528442273398 702.2939525539551
42 482.4528442273398 696.1248843181351
43 482.4528442273398 692.6644191376419
44 482.4528442273398 687.6313389126534
45 482.4528442273398 685.2513776962815
46 482.4528442273398 680.6232519327007
47 482.4528442273398 681.4165691999676
48 482.4528442273398 676.3846020770944
49 482.4528442273398 672.1445041232963
50 482.4528442273398 668.2049074829515
51 482.4528442273398 660.9039306937386
52 482.4528442273398 655.3830225446866
53 482.4528442273398 650.2200812393886
54 482.4528442273398 651.5611891514253
55 470.1014993578102 646.2124103062149
56 468.91737172354965 637.6217843339365
57 465.9298921370242 633.4103442916099
58 428.1923971122248 625.6926953048918
59 428.1923971122248 629.9787524443691
60 428.1923971122248 626.8324737434182
61 428.1923971122248 621.7629882509873
62 428.1923971122248 618.9175059714587
63 428.1923971122248 606.9284268285202
64 428.1923971122248 598.0778777528955
65 427.5339704550374 590.1872510573063
66 427.5339704550374 584.0723024225347
67 401.55688518862144 586.131613353539
68 401.55688518862144 576.6496001307289
69 401.55688518862144 566.3278086854596
70 401.55688518862144 562.4843876626662
71 401.37007323935705 557.6666180637131
72 401.37007323935705 548.7286039057232
73 401.37007323935705 546.9398622548564
74 401.37007323935705 538.1934203029832
75 400.89333024166154 537.8582964539486
76 400.89333024166154 528.7748319239861
77 400.89333024166154 523.2771563337867
78 400.89333024166154 520.943939690565
79 400.89333024166154 517.9925182424445
80 400.89333024166154 517.1170231673202
81 384.12904462477456 516.8555391515673
82 375.98926528686 508.71708341501517
83 375.98926528686 505.9743806826332
84 373.2194530052627 497.2872147342566
85 373.2194530052627 493.13013276027795
86 367.0808400875508 486.5774624736657
87 353.5883120673823 487.38521162789317
88 353.5883120673823 483.9332732756436
89 346.61411844724023 481.003945990442
90 346.61411844724023 481.8193731300378
91 346.61411844724023 478.4301271634688
92 346.61411844724023 470.63724265991726
93 344.6422534627704 468.6373835747602
94 344.6422534627704 463.1683056794751
95 344.6422534627704 462.3790092605388
96 344.6422534627704 455.3367044736453
97 335.6571862602459 452.69552832508094
98 335.6571862602459 456.0113248972534
99 335.6571862602459 455.73409358084325
100 335.6571862602459 458.04822973663426
101 335.6571862602459 458.1198217068089
102 335.6571862602459 460.9276943922336
103 335.6571862602459 460.9007416662487
104 335.6571862602459 458.67316470825443
105 327.4121019849165 458.823619665599
106 313.5439116769577 461.08212042241206
107 313.5439116769577 457.0370618360638
108 313.5439116769577 453.20125019441934
109 313.5439116769577 447.1859260573526
110 313.5439116769577 438.8231585845434
111 312.52646768567547 429.9521332439618
112 312.52646768567547 426.3983327700803
113 312.52646768567547 417.16072451611365
114 312.52646768567547 413.80128757202505
115 312.52646768567547 411.56177965916993
116 312.52646768567547 410.504620730888
117 312.52646768567547 414.48278961332267
118 312.52646768567547 410.6720577468519
119 312.52646768567547 410.2676594176876
120 312.52646768567547 405.64440379273145
121 311.51686882712085 402.55341869656235
122 311.51686882712085 403.0334267859813
123 311.51686882712085 398.1870858229457
124 311.0893810846065 401.69200294484654
125 307.82983371301816 402.93220153389615
126 299.554061844401 400.6868854594951
127 299.554061844401 399.7608376921503
128 299.554061844401 398.05356046335817
129 299.554061844401 397.83173800289967
130 299.554061844401 400.99593466626425
131 299.554061844401 400.8998359426498
132 299.554061844401 394.68646334424534
133 299.554061844401 390.34877442969605
134 285.6934820503412 389.2955940189016
135 285.6934820503412 390.26094023913674
136 285.6934820503412 388.72971565242153
137 283.7634986310996 383.92938492720214
138 275.29959001888864 378.97642105371875
139 275.29959001888864 374.7065400412111
140 275.29959001888864 370.3232384048037
141 275.29959001888864 369.70423642689695
142 262.0622167485432 370.06256984334436
143 262.0622167485432 368.63136864980845
144 262.0622167485432 362.7256513589634
145 262.0622167485432 361.7844300169441
146 262.0622167485432 360.61911425642063
147 262.0622167485432 362.32220746493056
148 262.0622167485432 359.22945456085637
149 262.0622167485432 359.8706292098698
150 262.0622167485432 360.4394988113402
151 262.0622167485432 361.5723695405697
152 259.51951670051113 359.255592826627
153 259.51951670051113 356.4696723902178
154 259.51951670051113 355.51377592281176
155 259.51951670051113 353.18973469849584
156 259.51951670051113 351.7010877822914
157 259.51951670051113 351.58141050024585
158 254.28614802699923 346.9691864543074
159 254.28614802699923 348.14912151546275
160 254.28614802699923 348.50158105925516
161 254.28614802699923 346.79593485669034
162 254.28614802699923 349.9915168024878
163 254.28614802699923 345.5862377550249
164 254.28614802699923 345.9237291246347
165 254.28614802699923 344.75806184949795
166 254.28614802699923 345.16618367307035
167 254.28614802699923 347.5915164077067
168 254.28614802699923 345.50308290613305
169 254.28614802699923 344.21044679879486
170 254.28614802699923 341.24109533569725
171 250.75913385714523 339.1276194933304
172 250.75913385714523 336.810634152823
173 250.75913385714523 339.2100803789222
174 250.75913385714523 336.68353095747807
175 250.75913385714523 337.403599484257
176 250.75913385714523 335.7232417081037
177 250.75913385714523 336.0194462087687
178 250.75913385714523 332.2019474347175
179 250.75913385714523 328.9811346305463
180 250.75913385714523 331.8975763332156
181 250.68419880473033 330.18037868264287
182 250.68419880473033 328.12359676886854
183 250.68419880473033 325.8904956675153
184 250.68419880473033 324.45238474317404
185 246.22040034236278 322.3532005884404
186 246.22040034236278 321.7611260722179
187 246.22040034236278 320.90188330861116
188 240.34641418612014 319.69713003446986
189 240.34641418612014 317.9194870793511
190 240.34641418612014 319.79422207200076
191 239.935360532021 319.5403286976608
192 233.48986457349116 319.48436717406395
193 233.48986457349116 323.5591602624702
194 233.48986457349116 326.94248919200106
195 233.48986457349116 325.7742589264085
196 233.48986457349116 326.42183036115597
197 233.48986457349116 322.1178957164725
198 233.48986457349116 320.3385546894772
199 233.48986457349116 321.9845551417047
200 230.22441550443378 320.2087166704538
201 230.22441550443378 319.19276559274044
202 230.22441550443378 317.89529205310686
203 230.22441550443378 315.32840246852925
204 230.22441550443378 314.89708191643547
205 230.22441550443378 316.6892257699165
206 227.2854900026721 318.6986513777293
207 227.2854900026721 315.18520498776684
208 216.07753225393571 316.3036025076848
209 216.07753225393571 313.7841408607946
210 216.07753225393571 311.7943585653713
211 216.07753225393571 310.92659212536216
212 216.07753225393571 307.47121144363643
213 216.07753225393571 309.08698412803574
214 216.07753225393571 304.466471063964
215 207.11274926342213 303.0033056796638
216 207.11274926342213 307.24622427290416
217 207.11274926342213 304.4342764071145
218 207.11274926342213 308.18436765495875
219 207.11274926342213 307.199518593162
220 198.70468804217703 302.343658865033
221 198.70468804217703 301.5657241241941
222 198.70468804217703 303.7423844368114
223 198.70468804217703 301.68790683646904
224 198.70468804217703 298.63897656181445
225 198.70468804217703 298.71825254925693
226 198.70468804217703 294.1055956698116
227 198.70468804217703 295.08983897416965
228 198.70468804217703 296.20100689586013
229 198.70468804217703 295.6571691028683
230 198.70468804217703 295.8000234163976
231 198.70468804217703 296.53559913925824
232 198.65993264265086 294.3855832558953
233 198.65993264265086 288.00940963539057
234 198.65993264265086 283.5593192727817
235 198.65993264265086 280.94593586426413
236 198.65993264265086 283.8458617949117
237 198.65993264265086 283.1055953035017
238 198.65993264265086 282.2391338727047
239 198.65993264265086 281.4694472692038
240 198.65993264265086 281.7840021103407
241 198.65993264265086 282.633111276528
242 198.65993264265086 280.11104621959447
243 198.65993264265086 281.1789584589706
244 198.65993264265086 273.9481254897071
245 198.65993264265086 270.9845687375669
246 190.17990917691574 271.43630107893733
247 190.17990917691574 270.9837883677561
248 190.17990917691574 272.5090886085407
249 190.17990917691574 275.3071489588768
250 190.17990917691574 272.096535455181
251 187.90846817408098 274.3387886970393
252 187.90846817408055 273.0656748564226
253 187.90846817408055 269.99188180412364
254 187.90846817408055 267.1375990092787
255 187.90846817408055 267.1331114398909
256 187.90846817408055 267.2924708331487
257 187.90846817408055 271.95194867027635
258 184.4295579970661 273.37233614015173
259 184.4295579970661 269.55579666530963
260 184.4295579970661 269.66256387173524
261 176.92881007202962 266.61799677391537
262 176.92881007202962 266.1654294565215
263 176.92881007202962 266.11393048596835
264 176.92881007202962 270.39542902912484
265 176.92881007202962 272.45530669312336
266 176.92881007202962 272.13285424985503
267 176.92881007202962 273.7279368021275
268 176.92881007202962 273.25273344267976
269 176.92881007202962 271.8876402228755
270 176.92881007202962 270.84428521207525
271 176.92881007202962 266.89139944254987
272 173.57719068486225 269.1259119512266
273 173.57719068486225 270.2152713183392
274 173.57719068486225 270.702160759806
275 173.57719068486225 268.14453838219123
276 173.57719068486225 265.0656156124146
277 173.57719068486225 261.7541609044842
278 173.57719068486225 263.5494648828631
279 173.57719068486225 260.1157741926772
280 173.57719068486225 257.96507511756636
281 173.57719068486225 259.68721385410987
282 173.57719068486225 250.4615893237241
283 173.57719068486225 249.66021002486244
284 168.70163454394907 248.87167549113045
285 166.5655134441972 250.00346230740558
286 166.56551344419694 246.68513750474642
287 166.56551344419694 245.46845142578823
288 166.56551344419694 248.44656591295725
289 166.5655134441972 248.36050273040914
290 166.56551344419694 251.9062749584296
291 166.56551344419694 254.68517027051112
292 166.56551344419694 253.007255759688
293 166.56551344419694 252.18906429387292
294 166.56551344419694 252.22929211810143
295 166.56551344419694 250.421126351484
296 166.56551344419694 248.4880447300693
297 166.56551344419694 245.63727443763386
298 166.56551344419694 244.53798220551496
299 166.56551344419694 243.99755601145753
300 166.56551344419694 242.75754070352113
301 166.56551344419694 241.55760034124788
302 166.56551344419694 244.66496843726716
303 166.56551344419694 244.5035285330024
304 166.56551344419694 245.77856209181743
305 166.56551344419694 244.6096557603743
306 166.56551344419694 242.1400030575836
307 166.56551344419694 244.20676689784705
308 166.56551344419694 242.14030751296036
309 166.56551344419694 239.04369004982556
310 166.56551344419694 246.72142573820759
311 166.56551344419694 245.9256983713468
312 165.260789944256 246.27587925822417
313 165.260789944256 249.0072254338776
314 165.260789944256 247.96219690578698
315 165.260789944256 246.2834213981934
316 165.260789944256 250.09004353770587
317 165.260789944256 249.71634096099217
318 165.260789944256 248.7604348564672
319 165.260789944256 252.95272084628985
320 165.260789944256 249.9614970760576
321 165.260789944256 243.6886786888104
322 165.260789944256 244.6362366556683
323 165.260789944256 249.2968146778948
324 165.260789944256 250.39398332709385
325 165.260789944256 251.9074085998252
326 165.260789944256 247.70681478217142
327 165.260789944256 245.72048815075541
328 165.260789944256 245.28649786608298
329 165.260789944256 241.9261582144574
330 164.81574752704034 240.8642873115681
331 164.81574752704034 240.22218438501798
332 164.81574752704034 240.44430457366158
333 164.81574752704034 240.9806835221873
334 164.81574752704034 241.7867317411473
335 164.81574752704034 240.66331502330013
336 164.81574752704034 239.23543877197514
337 164.81574752704034 241.82835486599393
338 164.81574752704034 236.38368506821973
339 164.81574752704034 233.4076949470436
340 164.81574752704034 236.216311652339
341 164.81574752704034 235.49147293759697
342 164.81574752704034 233.53475514417084
343 164.81574752704034 238.75131304423587
344 164.81574752704034 241.20180857430765
345 164.81574752704034 239.10232545712074
346 164.81574752704034 238.07019438324124
347 157.63320846045806 236.85793928957736
348 157.63320846045806 234.82419344218513
349 157.63320846045806 239.11700455229
350 157.63320846045806 239.20488644393234
351 157.63320846045806 240.93906358114614
352 157.63320846045806 241.75101493835703
353 157.63320846045806 241.97226880946752
354 157.63320846045806 237.73018368128817
355 157.63320846045806 238.67809513453713
356 157.63320846045806 234.47024125176904
357 157.63320846045806 233.17033301946438
358 157.63320846045806 231.85595205663287
359 157.63320846045806 232.31167850431444
360 157.63320846045806 236.55888535186247
361 157.63320846045806 239.2516873218727
362 157.63320846045806 238.31238157484103
363 157.63320846045806 233.0180204389309
364 157.63320846045806 230.8414418890536
365 157.63320846045806 229.12670922066707
366 157.63320846045806 233.18620274561246
367 157.63320846045806 226.7722426010567
368 157.63320846045806 227.44174020139013
369 157.63320846045806 227.6757306079061
370 157.63320846045806 229.89101710716034
371 156.6889385541132 227.85859051352546
372 156.6889385541132 231.21728365313274
373 156.6889385541132 232.18014839702715
374 156.6889385541132 230.4645288917119
375 156.6889385541132 233.20137490264165
376 156.6889385541132 231.86016410730812
377 156.6889385541132 235.79692914657838
378 156.6889385541132 237.62437615086353
379 156.6889385541132 240.12875826041414
380 153.56511972634215 238.0800087557441
381 153.56511972634215 239.02395195490809
382 153.56511972634215 241.73984186810293
383 153.56511972634215 238.68262412062387
384 153.56511972634215 235.5806950706278
385 153.56511972634215 236.3700494938209
386 153.56511972634215 233.49415590816378
387 153.56511972634215 231.46067814369337
388 153.56511972634215 227.0205437343197
389 153.56511972634215 225.0259737980231
390 153.56511972634215 225.19708599472995
391 153.56511972634215 225.18922374543376
392 153.56511972634215 225.13597590612474
393 153.56511972634252 221.58120004011275
394 153.56511972634252 220.33167756130638
395 153.56511972634252 216.77915400822397
396 153.56511972634252 217.8612913783794
397 153.56511972634252 222.52488979547525
398 153.56511972634252 224.80696325658596
399 153.56511972634252 229.54501890454222
400 153.56511972634252 228.82284486896162
401 153.56511972634252 230.91336753764753
402 153.56511972634252 230.60366155570082
403 153.56511972634252 231.8882676865203
404 153.56511972634252 231.48140667427714
405 153.56511972634252 237.35242273232757
406 153.56511972634252 239.53470882184212
407 153.56511972634252 240.57631900363293
408 153.56511972634252 238.12402481275538
409 153.56511972634252 236.52441180751637
410 153.56511972634252 233.5164390616438
411 153.56511972634252 232.0261859719453
412 153.56511972634252 235.53915386220189
413 153.56511972634252 233.63067411710935
414 153.56511972634252 237.487850767578
415 153.56511972634252 235.04770519666192
416 153.56511972634252 233.89310140847334
417 153.56511972634252 233.08984347262032
418 153.56511972634252 232.10849228613387
419 153.56511972634252 233.15516347785976
420 153.56511972634252 231.1645906782331
421 153.56511972634252 230.43886812533054
422 153.56511972634252 231.49134862411356
423 153.56511972634252 231.71159143574678
424 153.56511972634252 235.8076028547772
425 153.56511972634252 237.61926130737717
426 153.56511972634252 238.07781644310572
427 153.56511972634252 236.85631349305396
428 153.56511972634252 235.65414072776156
429 153.56511972634252 237.10380689232863
430 153.1929451097011 236.99475156436398
431 153.1929451097011 238.17556250148886
432 153.1929451097011 238.53934253017553
433 153.1929451097011 239.5757408710497
434 153.1929451097011 241.90972481498773
435 153.1929451097011 237.6587362926634
436 153.1929451097011 239.07016382103117
437 153.1929451097011 238.50240798218
438 153.1929451097011 234.27880675503323
439 153.1929451097011 233.27436264962526
440 153.1929451097011 234.2017549754237
441 153.1929451097011 235.45215849429246
442 153.1929451097011 231.75020321494156
443 153.1929451097011 233.38732357564461
444 153.1929451097011 233.20438665347774
445 153.1929451097011 231.3413485068733
446 153.1929451097011 233.40265009484108
447 153.1929451097011 236.88394800613108
448 153.1929451097011 233.6968295938369
449 153.1929451097011 234.6675389825242
450 153.1929451097011 233.39703877436838
451 153.1929451097011 233.8132976417263
452 153.1929451097011 233.92876560402158
453 153.1929451097011 233.59090359665956
454 153.1929451097011 235.51452140023554
455 153.1929451097011 234.76202923786002
456 153.1929451097011 234.32042517215905
457 153.1929451097011 233.7757887704179
458 153.1929451097011 234.7864048309731
459 153.1929451097011 237.63446340437852
460 153.1929451097011 238.4565481099335
461 153.1929451097011 239.65548063281022
462 153.1929451097011 239.55877741203054
463 153.1929451097011 241.1275241238491
464 153.1929451097011 240.6490922838167
465 153.1929451097011 242.51438509976103
466 153.1929451097011 239.8720019761627
467 153.1929451097011 241.1090191632663
468 153.1929451097011 240.6377279639797
469 153.1929451097011 239.96963112682758
470 153.1929451097011 239.34337332155337
471 153.1929451097011 238.6739559065259
472 153.1929451097011 237.19917091033938
473 153.1929451097011 239.41545954253954
474 151.37165070907153 237.57639317541347
475 151.37165070907153 236.61809766505496
476 151.37165070907153 239.1616927516447
477 151.37165070907153 238.81979072783105
478 151.37165070907153 238.87448356480365
479 151.37165070907153 233.69748928727603
480 151.37165070907153 232.05735567441153
481 151.37165070907153 231.30460856524655
482 151.37165070907153 237.53730180524062
483 151.37165070907153 236.200156735475
484 151.37165070907153 236.59902653779366
485 151.37165070907153 235.4465617612187
486 151.37165070907153 233.21821689935953
487 151.37165070907153 230.1877246722313
488 151.37165070907153 230.0644687701773
489 151.37165070907153 231.83300516072578
490 151.37165070907153 230.14973477186922
491 151.37165070907153 233.90314020990513
492 151.37165070907153 235.68942385986088
493 151.37165070907153 233.50770773837564
494 151.37165070907153 234.19040101240682
495 151.37165070907153 234.42837143782498
496 150.85252460831884 234.64876981298758
497 150.85252460831884 232.07514459580491
498 150.85252460831884 231.76018065464942
499 150.85252460831884 230.35271306398485
500 150.85252460831884 229.914126696034
501 150.85252460831884 231.38028952681742
502 150.85252460831884 234.84445553555037
503 150.85252460831884 232.35583557927336
504 150.85252460831884 231.5198438029898
505 150.85252460831884 229.92176828842696
506 150.85252460831884 231.89141766766542
507 150.85252460831884 230.8319810288569
508 150.85252460831884 234.73607399931876
509 150.85252460831884 231.37601102252924
510 150.85252460831884 236.28890683396472
511 150.85252460831884 234.52396154734885
512 150.85252460831884 231.94409161660028
513 150.85252460831884 231.13326277149673
514 150.85252460831884 231.59393538570578
515 150.85252460831884 230.5997006705918
516 150.85252460831884 231.346381722543
517 150.85252460831884 231.92245861258436
518 150.85252460831884 229.54233347697902
519 150.85252460831884 230.99940605604942
520 150.85252460831884 228.07129056637913
521 150.85252460831884 230.16596289167362
522 150.85252460831884 228.5722225744779
523 150.85252460831884 227.01658313168846
524 146.73578110186546 226.5987588636586
525 146.73578110186546 227.4192238414722
526 146.73578110186546 228.2232645055775
527 146.73578110186546 230.93516305633082
528 146.73578110186546 232.974002626098
529 146.73578110186546 236.5963991613129
530 146.73578110186546 233.66837930784925
531 146.73578110186546 233.07947141066464
532 146.73578110186546 234.45775805835407
533 146.73578110186546 231.267393921088
534 146.73578110186546 229.81008070275965
535 146.73578110186546 231.7824603177443
536 146.73578110186546 229.75129577906205
537 146.73578110186546 230.21411222361093
538 146.73578110186546 227.94110806728455
539 146.73578110186546 230.04655788183587
540 146.73578110186546 225.9547655659625
541 146.73578110186546 226.74239280617417
542 146.73578110186546 221.29898360620126
543 146.73578110186546 225.4460218312365
544 146.7297769029972 225.2336770493115
545 146.7297769029972 224.03604611668473
546 146.7297769029972 222.01797774150526
547 146.7297769029972 222.65137108356575
548 146.7297769029972 220.68321593032985
549 146.7297769029972 214.46444265994506
550 146.7297769029972 216.18751837732924
551 146.7297769029972 215.72109023760214
552 146.7297769029972 214.46173295869724
553 146.7297769029972 215.25944386149334
554 146.7297769029972 211.59640551805228
555 146.7297769029972 208.1985571542081
556 146.7297769029972 209.40161870997818
557 146.7297769029972 210.91492060423764
558 146.7297769029972 210.10820060592366
559 146.7297769029972 207.9349033607984
560 146.7297769029972 206.13433728487837
561 145.6196621525362 203.2234914483193
562 141.08994963227 202.6335615363053
563 141.08994963227 202.8946586565672
564 141.08994963227 204.75348353808826
565 140.23476070206615 203.95159770675426
566 140.23476070206615 202.71708269408776
567 140.23476070206615 199.549296884359
568 140.23476070206615 196.29499568379623
569 140.23476070206615 198.92358699913558
570 140.23476070206615 199.9683665043353
571 136.9163474406696 200.9068905587733
572 136.9163474406696 203.67398168688698
573 136.9163474406696 202.5938805967736
574 136.9163474406696 199.3455193170913
575 136.9163474406696 199.61670745994917
576 136.9163474406696 198.25675575806773
577 136.9163474406696 197.28404348847923
578 136.9163474406696 198.40221369541143
579 136.9163474406696 195.04121614101354
580 134.6672709334191 194.51478588311522
581 134.6672709334191 193.72219649208694
582 134.6672709334191 198.0137691321227
583 134.6672709334191 195.81936230302793
584 134.6672709334191 199.00114106436823
585 134.6672709334191 200.3779459620729
586 134.6672709334191 202.56621564501037
587 134.6672709334191 203.98399522962987
588 134.6672709334191 205.72705031652012
589 134.6672709334191 207.33497321447015
590 134.6672709334191 210.30323569005586
591 134.6672709334191 211.39742028923675
592 134.6672709334191 209.22751276588005
593 134.6672709334191 212.14400705607147
594 134.66727093341888 211.41613994557724
595 134.66727093341888 211.37397137544502
596 134.66727093341888 214.50242969295203
597 134.66727093341888 214.2083566557094
598 134.66727093341888 214.30553616285553
599 134.66727093341888 217.9324834498613
600 134.66727093341888 219.70237240468435
601 133.5972155726556 218.71776977569593
602 133.5972155726556 217.90098093023352
603 133.5972155726556 216.89667649205526
604 133.5972155726556 217.8888838054644
605 133.5972155726556 220.52491754238144
606 133.5972155726556 222.6897511189185
607 133.5972155726556 223.8815302218828
608 133.5972155726556 221.4733898241672
609 133.5972155726556 223.62017056832494
610 133.5972155726556 225.04570801920164
611 133.5972155726556 224.85114020896256
612 133.5640391772955 225.07878752350123
613 133.5640391772955 221.78253826998372
614 133.5640391772955 221.71064611644877
615 133.5640391772955 219.7859952628605
616 133.5640391772955 216.79640319955593
617 133.5640391772955 220.2757295806224
618 133.5640391772955 214.26762649446573
619 133.5640391772955 213.0342177160987
620 133.5640391772955 215.28320144997429
621 133.5640391772955 214.10755349745813
622 133.5640391772955 216.23709787193718
623 133.5640391772955 217.14895639415332
624 133.5640391772955 221.71243060346504
625 133.56403917729568 223.0311105799027
626 133.56403917729568 224.48538098834717
627 133.56403917729568 224.75141386803352
628 133.56403917729568 224.5140046542591
629 133.56403917729568 225.26029163396822
630 133.56403917729568 227.3379610107121
631 133.56403917729568 224.50833866540398
632 133.56403917729568 223.54482540980155
633 133.56403917729568 223.00762002102903
634 133.56403917729568 217.51481674401134
635 133.56403917729568 217.73950998192817
636 133.56403917729568 216.59598887057552
637 133.56403917729568 216.5107045057497
638 133.56403917729568 219.3803280255914
639 133.56403917729568 218.7552415020257
640 133.56403917729568 217.0048692384111
641 132.34022615180314 219.2864091509396
642 132.34022615180314 216.86783828013614
643 132.34022615180314 213.17394324781085
644 132.34022615180314 209.54326971429356
645 132.34022615180314 209.36321928945563
646 132.34022615180314 207.22875387809395
647 132.34022615180314 203.12039695273504
648 132.34022615180314 200.70231665324116
649 132.34022615180314 199.65310633510506
650 132.34022615180314 200.76043028684765
651 132.34022615180314 203.37445878973887
652 132.34022615180314 204.0776730155467
653 132.34022615180314 208.9161922196089
654 132.34022615180314 206.82320526314768
655 132.34022615180314 206.5788397184662
656 132.34022615180314 206.46860318953898
657 132.34022615180314 208.95776493873754
658 132.34022615180314 209.0142706218203
659 132.34022615180314 209.59355541624996
660 128.39929909307352 208.3883895385205
661 128.39929909307352 208.44865066183007
662 128.39929909307352 204.9672156744353
663 128.39929909307352 206.41187458336927
664 128.39929909307352 207.37342959803468
665 128.39929909307352 205.7526691280611
666 128.39929909307352 202.64113246368095
667 128.39929909307352 203.39656479362708
668 128.39929909307352 203.54391095189993
669 128.39929909307352 206.3221776584777
670 128.39929909307352 206.01006435845608
671 128.39929909307352 206.586429802599
672 128.39929909307352 202.9032116611121
673 128.39929909307352 202.00311980248833
674 128.39929909307352 202.40917661539686
675 128.39929909307352 203.43233501527436
676 128.39929909307352 205.4003657842314
677 128.39929909307352 207.4353773648998
678 127.57900752622868 209.34738360531182
679 127.57900752622868 206.1243191160703
680 127.57900752622868 209.7297168376125
681 127.57900752622868 210.9359224249683
682 127.57900752622868 208.39921358982053
683 127.57900752622868 206.8307321250851
684 127.57900752622868 204.92883464497402
685 127.57900752622868 205.81434910704525
686 127.57900752622868 206.2171416714161
687 127.57900752622868 209.63948678923163
688 127.57900752622868 208.60185476515315
689 127.57900752622868 203.67211847216416
690 127.57900752622868 204.14922495269883
691 127.57900752622868 204.77438535557053
692 127.57900752622868 203.9726615145892
693 127.57900752622868 201.9378582329279
694 127.57900752622868 200.86426536478905
695 127.57900752622868 200.06991970366877
696 127.57900752622868 200.22732883122865
697 127.57900752622868 200.52522329108237
698 127.57900752622868 201.47157248182208
699 127.57900752622868 200.22162129875142
700 127.57900752622868 202.2209388752924
701 127.57900752622868 204.95795963538774
702 127.57900752622868 206.02368988185248
703 127.57900752622868 202.47443663303045
704 127.57900752622868 204.42797536067476
705 127.57900752622868 205.14881010223698
706 127.57900752622868 202.7450588365883
707 127.57900752622866 202.77028973155194
708 127.57900752622866 203.99497010621394
709 127.18717154586491 204.90604692081797
710 127.18717154586491 206.3103709585182
711 127.18717154586491 209.48245870671673
712 127.18717154586491 209.21670451329825
713 127.18717154586491 205.89266895463112
714 126.8474859099715 206.13888027902888
715 126.8474859099715 204.61558342367582
716 126.8474859099715 203.7313007561634
717 126.8474859099715 203.72487642649622
718 126.8474859099715 205.14098450785738
719 125.52813999919711 198.12867920503177
720 124.93128193736896 197.71673592982904
721 124.93128193736896 196.43790195612632
722 124.93128193736896 193.05099901255846
723 124.93128193736896 195.04842415842057
724 124.93128193736896 198.18257593627663
725 124.93128193736896 200.12374152186783
726 124.93128193736896 202.23563704409696
727 124.93128193736896 205.82799939351492
728 124.93128193736896 201.51017736751908
729 124.93128193736896 202.32488922215495
730 124.93128193736896 204.10262727753707
731 124.93128193736896 201.48606033797725
732 124.93128193736896 199.3292102858027
733 124.93128193736896 199.56797283795186
734 124.93128193736896 201.24812644860864
735 124.93128193736896 202.18106923789736
736 124.93128193736896 197.54439010613973
737 124.93128193736896 196.52709557360356
738 124.93128193736896 192.7814544852733
739 124.93128193736896 188.83148789195764
740 124.93128193736896 190.29187585550525
741 124.93128193736896 193.44176479815113
742 124.93128193736896 191.9133688101786
743 124.93128193736896 189.04249121733375
744 124.93128193736896 191.65274625613114
745 124.93128193736896 187.4391938540605
746 124.93128193736896 182.8282815661751
747 124.93128193736896 183.42415624091984
748 124.93128193736896 181.7780855804014
749 124.93128193736896 179.05675329949753
750 122.96627520442607 179.53961770594717
751 122.94639588455487 181.85939997874283
752 119.06451701839359 179.45849390293023
753 119.06451701839359 182.15783471059396
754 119.06451701839359 184.0100491386129
755 119.06451701839359 186.21772752817537
756 119.06451701839359 188.57949515568825
757 119.06451701839359 189.07884076371153
758 119.06451701839359 186.47231561709705
759 119.06451701839359 183.82146116932014
760 119.06451701839359 186.83520748538078
761 119.06451701839359 187.17021123782482
762 119.06451701839359 185.8864669165796
763 119.06451701839359 184.9356472428596
764 119.06451701839367 187.49860791419883
765 119.06451701839367 189.47575584030258
766 119.06451701839367 186.89126679306978
767 119.06451701839367 190.5371929477823
768 119.06451701839367 194.32226529097792
769 119.06451701839367 193.15667625892704
770 119.06451701839367 194.2098993181619
771 119.06451701839367 192.28328959176088
772 119.06451701839367 194.79415642255574
773 119.06451701839367 193.9686100037065
774 119.06451701839367 188.53216693765253
775 119.06451701839367 188.9458475839111
776 119.06451701839367 191.652018346127
777 119.06451701839367 195.15438159364484
778 119.06451701839367 192.48814376791267
779 119.06451701839367 193.23673233001492
780 119.06451701839367 192.0945751023159
781 119.06451701839367 196.0382302593082
782 119.06451701839367 194.91892428894008
783 119.06451701839367 196.49597739884922
784 119.06451701839367 197.21158683412966
785 119.06451701839367 201.27892080598906
786 119.06451701839367 198.06272029940456
787 119.06451701839367 192.21441653062382
788 119.06451701839367 187.78263592868797
789 119.06451701839367 186.3999740502282
790 119.06451701839367 187.41479005356584
791 119.06451701839367 184.41954094206926
792 119.06451701839367 190.4304382618316
793 119.06451701839367 193.89843587246648
794 119.06451701839367 196.33684383542277
795 119.06451701839367 199.38996135984218
796 119.06451701839367 199.96777914698956
797 119.06451701839367 196.3713305005099
798 119.06451701839367 199.00456937783082
799 119.06451701839367 199.50825844712097
800 119.06451701839367 199.27489808552008
801 119.06451701839367 200.17351281683023
802 119.06451701839367 200.3481677031863
803 119.06451701839367 196.9799999362804
804 119.06451701839367 199.78620593514768
805 118.01077158070954 202.2173705219177
806 118.01077158070954 200.67170540700187
807 118.01077158070954 199.95430363189618
808 118.01077158070954 198.60447814641356
809 118.01077158070954 197.91525518815706
810 118.01077158070954 194.03640916421892
811 118.01077158070954 194.61874890581308
812 118.01077158070954 195.70319804272057
813 118.01077158070954 197.73229921152281
814 118.01077158070954 196.48805176727586
815 118.01077158070954 197.38916501517346
816 118.01077158070954 197.84745550331638
817 118.01077158070954 193.20284380136826
818 118.01077158070954 195.0031901839421
819 118.01077158070954 192.79566086605303
820 118.01077158070954 190.34871364460042
821 118.01077158070954 193.17541152357717
822 118.01077158070954 192.15738803719267
823 118.01077158070954 193.43866772576976
824 118.01077158070954 194.47279406093253
825 118.01077158070954 192.35972011018708
826 118.01077158070954 187.69055449525646
827 118.01077158070954 188.06103439527487
828 118.01077158070954 185.27337697875515
829 118.01077158070954 185.7689814975834
830 117.6736697719136 184.32430178411508
831 117.6736697719136 182.5227656867624
832 117.64250348899108 179.83358096879059
833 115.53615384724802 176.1931416109791
834 115.53615384724802 177.69963692061097
835 115.53615384724802 177.14086177109516
836 115.53615384724802 178.70509625158942
837 115.53615384724802 176.65784289683492
838 115.53615384724802 177.4526230425567
839 115.05374620916788 177.00733265790547
840 115.05374620916788 180.3330777143784
841 115.05374620916788 179.58960625883904
842 115.05374620916788 178.5485815052875
843 115.05374620916788 178.9025637225381
844 115.02479967292021 179.37247271273034
845 115.02479967292021 174.82715254750386
846 115.02479967292021 173.91405007214632
847 115.02479967292021 172.2861835096896
848 115.02479967292021 171.02894667590036
849 114.75595223668773 167.96388381417466
850 113.47355044119813 165.60109818211183
851 113.47355044119813 168.92728026796357
852 111.0795488679251 170.72136507536115
853 111.0795488679251 171.66647779065065
854 111.0795488679251 169.17231207061315
855 111.0795488679251 167.14920811487843
856 110.5009254251926 163.9897866883267
857 110.5009254251926 162.06579588187446
858 110.5009254251926 161.2952312833151
859 110.5009254251926 160.69179413625983
860 110.5009254251926 158.54349937759008
861 109.5940597444882 157.1964625174712
862 109.5940597444882 160.13779641623262
863 109.5940597444882 162.39107988600233
864 104.9888789413516 163.19776575999742
865 104.9888789413516 161.35078615408293
866 104.9888789413516 161.99188738808348
867 104.9888789413516 163.61567245007893
868 104.9888789413516 162.8099764370308
869 104.9888789413516 163.87139572427685
870 104.19158982470071 160.65875662847108
871 104.19158982470071 160.2430340220295
872 103.60156234711602 158.60489812629746
873 103.60156234711602 158.61858694910651
874 103.60156234711602 159.41080237691733
875 103.60156234711602 156.44965403882722
876 103.60156234711602 158.25717203909363
877 103.60156234711602 152.4083830894467
878 103.60156234711602 151.7115758359378
879 103.60156234711602 151.2167172869854
880 103.60156234711602 152.89566404047866
881 103.60156234711602 158.14241973634608
882 103.60156234711602 156.88672045675605
883 101.68915994257976 156.6352373712662
884 101.68915994257976 161.96670460632413
885 101.68915994257976 161.62661541802206
886 101.68915994257976 161.76228096465573
887 101.68915994257976 161.52375640167756
888 101.68915994257976 160.11076914265408
889 101.68915994257976 161.31355000488466
890 101.68915994257976 159.77231883997322
891 101.68915994257976 157.9338671143892
892 101.68915994257976 157.07348550360652
893 101.68915994257985 157.7049961581876
894 101.68915994257985 155.4944726771902
895 101.68915994257985 158.44502602702448
896 101.68915994257985 155.9922937768248
897 101.68915994257985 155.3982501372172
898 101.68915994257985 154.0876115089633
899 101.68915994257985 154.76967482428094
900 101.68915994257985 159.44424689443463
901 101.68915994257985 160.79487234251673
902 101.68915994257985 158.7809239514985
903 101.68915994257985 159.78155597416773
904 101.68915994257985 160.28028379475754
905 101.68915994257985 161.53708307945973
906 101.68915994257985 162.4629997604196
907 101.68915994257985 163.69566357019121
908 101.68915994257985 167.62378711865068
909 101.68915994257985 160.76057187175766
910 101.68915994257985 160.64426375575792
911 101.68915994257985 158.13625433903647
912 101.68915994257985 159.1440225159782
913 101.68915994257985 161.70597442821386
914 101.68915994257985 159.65239118120095
915 101.68915994257985 160.53735939114287
916 101.68915994257985 163.64309519306084
917 101.68915994257985 166.19155446082212
918 101.68915994257985 164.631477099443
919 101.68915994257985 166.78914927667782
920 101.68915994257985 164.35931364259292
921 101.68915994257985 168.111804953022
922 101.68915994257985 173.05220403818424
923 101.68915994257985 175.0390710414466
924 101.68915994257985 171.93893119259258
925 101.68915994257985 167.85709913344428
926 101.68915994257985 171.2667830747686
927 101.68915994257985 174.12992025349706
928 101.68915994257985 175.06279104067605
929 101.68915994257985 177.04993973758636
930 101.68915994257985 178.4166272256471
931 101.68915994257985 181.0139476467897
932 101.68915994257985 183.1464433023228
933 101.68915994257985 184.3696537379799
934 101.68915994257985 186.7545785426265
935 101.68915994257985 187.49310747568367
936 101.68915994257985 185.59033008622745
937 101.68915994257985 185.26146182425467
938 101.68915994257985 185.12525489169496
939 101.68915994257985 183.88858581724875
940 101.68915994257985 184.07421130455378
941 101.68915994257985 184.71704916401737
942 101.68915994257985 184.198112201192
943 101.68915994257985 182.13646157453002
944 101.68915994257985 176.957487475196
945 101.68915994257985 178.1269640925508
946 101.68915994257985 180.5732884278902
947 101.68915994257985 178.67329271948387
948 101.68915994257985 177.5093202625515
949 101.68915994257985 174.8847005618028
950 101.68915994257985 170.08306040742605
951 101.68915994257985 172.10196443615445
952 101.68915994257985 173.24607310419967
953 101.68915994257985 172.4251570163746
954 101.68915994257985 173.46104956495762
955 101.68915994257985 174.6117693060468
956 101.68915994257985 177.00767427437893
957 101.68915994257985 175.73255050442376
958 101.68915994257985 180.97422331830003
959 101.68915994257985 179.43397784156969
960 101.68915994257985 182.19791130056925
961 101.68915994257985 181.4030268511304
962 101.68915994257985 180.1084842696308
963 101.68915994257985 180.4674269179547
964 101.68915994257985 177.66161083938306
965 101.68915994257985 178.07145020404056
966 101.6237106730477 176.50088951463934
967 101.6237106730477 172.5706473450878
968 101.6237106730477 171.32055040110637
969 101.6237106730477 171.79787299985105
970 101.6237106730477 168.68009981859512
971 101.23190696226956 167.76399956099485
972 101.23190696226956 166.6182473009245
973 101.23190696226956 166.14308413870597
974 101.23190696226956 165.50147331442477
975 101.23190696226956 168.44880296712137
976 101.23190696226956 170.35258205791104
977 101.23190696226956 171.23795783494919
978 99.69754104429992 170.49040107755124
979 99.69754104429992 168.23198096552866
980 99.69754104429992 168.71786332649867
981 98.79040401567481 168.78418842922784
982 98.79040401567481 167.13595020533597
983 95.29445084512635 166.73997791902934
984 95.29445084512635 167.17341593625878
985 95.29445084512635 166.74045375386305
986 95.29445084512635 164.7745313693244
987 95.29445084512635 165.6261942473842
988 95.29445084512635 166.48765228416477
989 95.29445084512635 164.6969643526315
990 95.29445084512635 166.32924005487183
991 95.29445084512635 168.6813992020313
992 95.29445084512635 168.97143430931695
993 95.29445084512635 172.4737258134415
994 95.29445084512635 170.41905761910672
995 95.29445084512635 171.2389391335593
996 95.29445084512635 169.48438578884353
997 95.29445084512635 169.06470048951368
998 95.29445084512635 168.08999859424782
999 95.29445084512635 167.77847901318194
