# iteración mejor promedio
0 759.4316361611328 922.0695806167073
1 752.7385525734983 916.5748546356278
2 731.4945737073198 919.9182676461357
3 724.6635228705018 909.5680388666598
4 721.7063276182457 911.6715776151344
5 721.0306556123932 908.9323144737422
6 697.7442884990091 904.8819743334076
7 697.7442884990091 905.9744344192262
8 623.8464480950588 904.7777218834489
9 623.8464480950588 889.7024412745417
10 623.8464480950588 878.2542263764258
11 623.8464480950588 868.1003695169924
12 623.8464480950588 856.5173688814331
13 615.3730230910987 849.3557430878958
14 615.3730230910987 830.1752742528645
15 615.3730230910987 817.4316180380529
16 615.3730230910987 805.9417796433627
17 615.3730230910987 799.8902600581079
18 615.3730230910987 794.9910812329898
19 615.3730230910987 789.0601830814616
20 597.7166040572292 777.220011511538
21 597.7166040572292 775.5011520203167
22 591.796804391889 763.9050270995092
23 551.8644243179372 761.0704214116864
24 551.8644243179372 753.5435769966003
25 551.8644243179372 748.4986043510139
26 550.9100309649141 740.157457191956
27 550.9100309649141 737.1452767390998
28 550.9100309649141 730.6682859438421
29 550.9100309649141 730.511343588894
30 550.9100309649141 722.884725433903
31 550.9100309649141 724.2232123043773
32 550.9100309649141 718.9209151677336
33 531.0414158359472 714.4476794733116
34 531.0414158359472 706.4957724500316
35 531.0414158359472 696.9124732467459
36 501.99957189745896 683.7737799711151
37 495.5025774574178 674.5195146636354
38 492.3982212314885 669.0594599526236
39 492.3982212314885 658.4299679401323
40 492.3982212314885 653.9192040786
41 492.3982212314885 648.7193769919362
42 492.3982212314885 646.4092449439173
43 492.3982212314885 641.9005028026234
44 488.3758524780706 639.6782109997631
45 488.3758524780706 640.2380906763931
46 488.3758524780706 630.7103751281778
47 488.3758524780706 624.8883251709569
48 488.3758524780706 630.002630301881
49 488.3758524780706 628.4898670979799
50 488.3758524780706 622.6039811372987
51 488.3758524780706 623.1756887113173
52 488.3758524780706 621.5191758455535
53 488.3758524780706 619.6362536797235
54 474.1438046611836 620.1192080772965
55 474.1438046611836 621.5694115525607
56 474.1438046611836 618.534499302855
57 474.1438046611836 617.7030821206899
58 474.1438046611836 617.5499628040164
59 474.1438046611836 619.9424235124868
60 474.1438046611836 614.7762378547644
61 451.88201770138727 621.4030057609552
62 449.1067154266589 614.711314792778
63 449.1067154266589 613.8867613183031
64 449.1067154266589 603.5292581294301
65 449.1067154266589 608.9847669367156
66 448.2772908752347 599.6918480075306
67 448.2772908752347 594.4213225051947
68 448.2772908752347 596.9325598604411
69 448.2772908752347 597.0373896966001
70 448.2772908752347 592.7839096408494
71 448.2772908752347 588.1399890489082
72 448.2772908752347 584.507648506912
73 448.2772908752347 577.4809405411038
74 439.91219443638954 574.7397822745642
75 429.80692018816495 569.6042171229246
76 428.0082644236357 566.1210933327186
77 424.2383658251619 560.7389128344677
78 418.9905763961161 552.3778101550892
79 416.056608692895 554.6413577956409
80 416.056608692895 547.4622823014812
81 416.056608692895 541.6348464446363
82 416.056608692895 540.7628925311257
83 416.056608692895 538.2764372050472
84 405.69254422841084 537.3238417440303
85 377.8506986466076 532.3044184703256
86 377.8506986466076 528.0153113840071
87 377.8506986466076 520.3371832544699
88 377.8506986466076 520.7135326281816
89 377.8506986466076 517.2718478116465
90 377.8506986466076 516.2582909672041
91 377.8506986466076 511.79272580436975
92 377.8506986466076 503.4036627561906
93 377.8506986466076 499.6456464516066
94 377.8506986466076 496.7820566102291
95 377.8506986466076 497.1008095870184
96 377.8506986466076 489.5901637146505
97 377.8506986466076 483.45983441121354
98 377.8506986466076 485.4547783070263
99 377.8506986466076 485.4639324631368
100 377.8506986466076 483.0772956639004
101 377.8506986466076 484.0709849522277
102 377.8506986466076 480.8831276822922
103 368.43634949700765 476.074667517768
104 368.43634949700765 480.26046513666626
105 368.43634949700765 474.62782962865174
106 366.8847553726399 470.5339032039938
107 366.8847553726399 469.55029904257697
108 366.8847553726399 466.5136786816884
109 366.8847553726399 469.28212474241246
110 366.8847553726399 472.71423073440235
111 361.8863516108001 468.82014290062347
112 359.9186551756102 467.82324261158936
113 357.8702863863383 464.71513131367516
114 353.2588645630766 461.7860405923017
115 353.2588645630766 458.8228578438681
116 353.2588645630766 458.9949753252489
117 353.2588645630766 452.2558686040078
118 353.2588645630766 451.6240848276619
119 353.2588645630766 452.9802232025433
120 353.2588645630766 449.3519982935184
121 346.88597540629706 449.70187584056407
122 346.88597540629706 443.60340771567803
123 346.88597540629706 443.29597521273337
124 346.88597540629706 443.92859163129526
125 346.88597540629706 440.70878700124746
126 346.88597540629706 441.1941220526198
127 340.64955562850133 437.7711597532272
128 340.64955562850133 436.50640313033176
129 340.64955562850133 435.31259864092647
130 340.64955562850133 436.5434087958986
131 340.64955562850133 435.9481618779898
132 340.64955562850133 437.27295205443437
133 340.64955562850133 440.54057018903455
134 340.64955562850133 437.16232897102424
135 340.64955562850133 440.13939926559686
136 340.64955562850133 442.1990348880375
137 318.19233146625567 438.4588026240157
138 318.19233146625567 437.06940225327713
139 318.19233146625567 436.59489047335245
140 318.19233146625567 432.4720135911661
141 318.19233146625567 432.8323260974393
142 318.19233146625567 428.4787411520275
143 318.19233146625567 430.5505875839143
144 318.19233146625567 426.97221994100784
145 318.19233146625567 429.20028263368766
146 318.19233146625567 427.5869101359139
147 318.19233146625567 428.43661278462525
148 318.19233146625567 430.05711702620755
149 318.1923314662554 430.80814316699406
150 318.1923314662554 427.6517889013678
151 318.1923314662554 429.646094286541
152 318.1923314662554 431.60173865488605
153 318.1923314662554 426.91300495095953
154 318.1923314662554 424.09388486292687
155 318.1923314662554 426.39202640844485
156 318.1923314662554 425.9998501570096
157 318.1923314662554 421.6599283819489
158 318.1923314662554 422.91731061175926
159 318.1923314662554 421.940145828459
160 318.1923314662554 425.86970919765713
161 318.1923314662554 427.5447775574852
162 318.1923314662554 425.2687510647639
163 317.94363009879356 424.0325279643396
164 317.94363009879356 418.27798907415337
165 296.85721991877847 413.64303042772184
166 296.85721991877847 413.7602909335757
167 295.83602739716054 407.9772638617529
168 295.83602739716054 406.26218595623993
169 295.8360273971609 403.3936890001176
170 293.31283882810703 401.46873513661166
171 293.31283882810703 393.7266677311008
172 293.31283882810703 392.73811654895724
173 293.31283882810703 393.21311726132365
174 293.31283882810703 385.69025791060017
175 293.31283882810703 386.46741825012236
176 289.502942847785 387.19075594590794
177 289.502942847785 389.02267344097015
178 288.7699151717511 384.4610256070944
179 288.7699151717511 380.9385924195961
180 288.7699151717511 383.6489018484938
181 288.7699151717511 383.56056165925764
182 288.7699151717511 379.31674568743637
183 288.7699151717511 381.0752897952394
184 288.7699151717511 383.79640209182077
185 288.7699151717511 381.7957657893857
186 288.7699151717511 380.4237442016404
187 286.54686920578047 380.68966526275887
188 286.54686920578047 380.6524443115034
189 286.54686920578047 383.2372919017297
190 286.54686920578047 381.6786515759528
191 286.54686920578047 380.8189923205128
192 286.54686920578047 374.5123476490122
193 278.64411390572695 374.3733064561918
194 278.64411390572695 375.53038199671215
195 278.64411390572695 372.6849377301033
196 278.64411390572695 372.4546380258804
197 278.64411390572695 372.52383900172464
198 278.64411390572695 373.78120323797515
199 278.64411390572695 374.0184830954045
200 278.64411390572695 370.8740187575568
201 278.64411390572695 370.9607972594541
202 278.64411390572695 370.3758813256783
203 278.64411390572695 373.9923747874792
204 278.64411390572695 375.71385079486396
205 277.38593142136585 374.67622589607413
206 268.643998237854 371.03083605398103
207 268.643998237854 366.83980177256757
208 268.643998237854 368.35133587861145
209 268.643998237854 366.06932006612914
210 268.643998237854 371.02937293953073
211 268.643998237854 374.04831114847616
212 268.643998237854 374.1490908906106
213 268.643998237854 375.89082838067014
214 268.643998237854 376.2546637097962
215 268.643998237854 372.6105648274707
216 268.643998237854 370.6472631898796
217 268.643998237854 373.5658716103641
218 268.643998237854 372.97617596699746
219 268.643998237854 373.3890241622053
220 268.6439982378542 372.1624325318027
221 268.6439982378542 372.93541182854295
222 268.6439982378542 371.0951837912035
223 268.6439982378542 372.1794656582668
224 268.6439982378542 375.2714670757312
225 268.6439982378542 376.3978298304768
226 268.6439982378542 374.06152407193173
227 268.6439982378542 374.38551681310395
228 268.6439982378542 372.9723929627825
229 268.6439982378542 371.9652396122909
230 268.6439982378542 366.0240727916399
231 268.6439982378542 366.8845194844329
232 268.6439982378542 365.8161587885148
233 268.6439982378542 368.06748006804787
234 268.6439982378542 367.45577111597856
235 268.6439982378542 370.56704398061345
236 268.6439982378542 369.9950415811529
237 268.6439982378542 366.740059934229
238 268.6439982378542 363.5023256601915
239 268.6439982378542 360.775228240176
240 268.6439982378542 362.1411245435175
241 268.6439982378542 357.84119299836357
242 268.6439982378542 353.5282798455505
243 268.6439982378542 356.67433541880087
244 268.6439982378542 361.14697949416853
245 268.6439982378542 360.72484228991897
246 268.6439982378542 356.9119067861268
247 268.6439982378542 361.4878280436268
248 268.6439982378542 359.01822788083354
249 268.6439982378542 358.3890907502493
250 268.6439982378542 355.5097333500898
251 268.6439982378542 355.19732711450837
252 260.80397897608617 349.9767468295937
253 260.80397897608617 353.68689256899694
254 260.80397897608617 356.5069502371916
255 260.397131627005 356.1350888342646
256 260.397131627005 356.37087334120685
257 260.397131627005 357.23760353961757
258 260.397131627005 352.98455543139005
259 260.397131627005 355.4933453530515
260 260.397131627005 349.18291081798867
261 260.397131627005 351.85648987048006
262 260.397131627005 354.5309478321272
263 260.397131627005 352.4101465435877
264 260.397131627005 353.57763654317887
265 260.397131627005 354.5959356667707
266 260.397131627005 353.4478446254067
267 260.397131627005 352.25057322818594
268 260.397131627005 353.9918247250141
269 257.43633104413965 352.03649939585097
270 257.43633104413965 350.1939811683153
271 257.43633104413965 348.7154794034024
272 257.0113829928063 347.3077326999823
273 257.0113829928063 347.383660982898
274 254.3251221328304 344.8457133692422
275 248.73674769798666 345.65155391364135
276 235.60545401858613 343.5660474578749
277 235.60545401858613 351.1643539776338
278 235.60545401858613 354.828922219115
279 235.60545401858613 351.1621307099696
280 235.60545401858613 352.88967077193234
281 235.60545401858613 351.13920212318067
282 235.60545401858613 349.51281170315684
283 235.60545401858613 350.5004271617942
284 235.60545401858613 354.43757520589867
285 235.60545401858613 353.85401640116464
286 235.60545401858613 357.57811111583135
287 235.60545401858613 349.29939150891477
288 235.60545401858613 346.07401123463546
289 235.60545401858613 344.235782202673
290 235.60545401858613 340.67299237610206
291 235.60545401858613 341.46795343042976
292 235.60545401858613 342.50339129066225
293 235.60545401858613 345.8569326333873
294 235.60545401858613 336.9527821229887
295 235.60545401858613 337.003713294665
296 235.60545401858613 336.62051866183805
297 235.60545401858613 334.71852710748476
298 235.60545401858613 338.27525686944574
299 235.60545401858613 337.2426737254925
300 235.60545401858613 337.3006216094007
301 235.60545401858613 337.53654192874296
302 233.40116668684976 335.364282069873
303 228.07118115504022 334.53637477723424
304 228.07118115504022 328.2380782828018
305 228.07118115504022 327.19764935481714
306 228.07118115504016 322.259203441596
307 228.07118115504016 321.435401257988
308 228.07118115504016 321.80913319443863
309 228.07118115504016 322.99200772863134
310 221.53743316522102 320.8567455357243
311 221.53743316522102 325.62897083663546
312 221.53743316522102 326.71944989762477
313 221.53743316522102 320.6597318711506
314 221.53743316522102 321.255747275422
315 221.53743316522102 324.6381647980833
316 221.53743316522102 319.7562430962666
317 221.53743316522102 319.8872524699147
318 221.53743316522102 321.9462656196651
319 221.53743316522102 323.8744830377262
320 221.53743316522102 323.54883774857075
321 221.53743316522102 320.6975421737072
322 221.53743316522102 319.433008914182
323 221.53743316522102 322.3864518645293
324 221.53743316522102 324.7502685034758
325 221.53743316522102 323.1122568765189
326 221.53743316522102 322.9207572147142
327 221.53743316522102 325.05723438213386
328 221.53743316522102 322.84074113930365
329 221.53743316522102 324.46564918793825
330 221.53743316522102 324.36156709959914
331 221.53743316522102 323.89743950431455
332 221.53743316522102 320.2894406326231
333 221.53743316522102 325.0884364100995
334 221.53743316522102 326.53033151467326
335 221.53743316522102 326.87322028513876
336 221.53743316522102 333.327089726806
337 221.53743316522102 336.0648917401181
338 221.53743316522102 331.36914448057667
339 221.53743316522102 329.7085781556206
340 221.53743316522102 329.846706653754
341 221.53743316522102 330.42537972866995
342 221.53743316522102 325.7952005880463
343 221.53743316522102 325.21818805297136
344 221.53743316522102 322.93658567794887
345 221.53743316522102 323.78136709828993
346 221.53743316522102 320.29151563065875
347 209.93537541636152 318.86069962428974
348 209.93537541636152 325.38912310063984
349 209.93537541636152 323.10499490853135
350 209.93537541636152 317.52913879004996
351 209.93537541636152 317.78825300458664
352 209.93537541636152 324.1531722262417
353 209.93537541636152 321.4035330878384
354 209.93537541636152 319.6995076819168
355 209.93537541636152 315.61888546176755
356 209.93537541636152 315.1067833460767
357 208.5196293112841 312.26749653718696
358 208.5196293112841 316.20840018620373
359 208.5196293112841 318.9293914729089
360 208.5196293112841 316.0626554589113
361 208.5196293112841 315.51726909536126
362 206.55768406611267 311.1920982944318
363 206.55768406611267 314.0241092202026
364 206.55768406611267 310.29893309987915
365 206.55768406611267 306.4811816320742
366 206.55768406611267 303.8258451090858
367 206.55768406611267 295.49982544811724
368 206.55768406611267 295.12286443367066
369 206.55768406611267 294.94580884447873
370 206.55768406611267 295.6805940464399
371 206.55768406611267 297.0859823477398
372 206.5541421695032 295.46866647750693
373 206.5541421695032 287.4978573603041
374 206.5541421695032 283.1630078860793
375 206.5541421695032 284.1426467912477
376 206.5541421695032 281.2818739119965
377 204.54273087766055 284.6026441838789
378 204.54273087766055 284.2617905006718
379 204.54273087766055 284.79045791730493
380 197.20034285805772 282.7389826517624
381 197.20034285805772 281.4766553125337
382 197.20034285805772 281.5512133360971
383 197.20034285805772 281.5516659203979
384 197.20034285805772 277.2424584634256
385 197.20034285805772 280.608307200759
386 197.20034285805772 283.69788553585636
387 197.20034285805772 282.7184169564894
388 197.20034285805772 283.60557283492835
389 197.20034285805772 284.62884888160545
390 194.34984096002648 285.8136526322296
391 194.34984096002648 289.73533034216894
392 194.34984096002648 293.59379057052405
393 194.34984096002648 292.40045296575215
394 194.34984096002648 294.6302752298477
395 194.34984096002648 291.4933476622107
396 194.34984096002648 290.8490381415074
397 194.34984096002648 292.554536688878
398 194.34984096002648 286.00421121845056
399 194.34984096002648 286.0334942476764
400 194.34984096002648 286.84864349971383
401 194.34984096002648 288.1656759918228
402 194.34984096002648 287.72165123638536
403 194.34984096002648 290.35441919327184
404 194.34984096002648 289.4201740090131
405 194.34984096002648 288.98045587338424
406 194.34984096002648 290.86502851128995
407 194.34984096002648 290.66647179080985
408 193.96635905966005 290.8171631381841
409 193.96635905966005 290.1280038763717
410 193.96635905966005 289.04637197068746
411 193.96635905966005 292.3959129863291
412 193.40157251660244 291.1001783601891
413 193.40157251660244 289.22308139807376
414 193.40157251660244 280.73798025092213
415 193.40157251660244 277.9912044755674
416 193.40157251660244 274.40189092568966
417 193.40157251660244 274.66763732533576
418 193.40157251660244 272.44245728441206
419 193.40157251660244 274.23549986589717
420 193.40157251660244 274.6685303889953
421 193.40157251660244 272.3102684317172
422 193.40157251660244 270.08702844552164
423 193.40157251660244 269.85800545658464
424 193.40157251660244 269.3858916744442
425 193.40157251660244 270.1689009950266
426 193.20397849905513 272.6063643594704
427 193.20397849905513 270.1830762092805
428 193.20397849905513 270.94499056365044
429 193.20397849905513 267.5605852174589
430 189.75884854448142 263.87061593962807
431 189.75884854448142 263.01364828379826
432 189.75884854448142 261.6744954862288
433 189.75884854448142 255.98065014984218
434 174.90091556864817 253.80723984063843
435 174.90091556864817 252.87717692424184
436 174.90091556864817 252.00300640362985
437 174.90091556864817 247.21043817062065
438 174.90091556864817 249.65416886321782
439 174.90091556864817 251.88922510250944
440 174.90091556864817 249.3472245324618
441 174.90091556864817 252.43837471459395
442 174.90091556864817 251.02227368767117
443 174.90091556864817 253.76025772579447
444 174.90091556864817 251.92278554550685
445 174.90091556864817 252.3343465617979
446 174.90091556864817 252.27956655297527
447 174.90091556864817 253.71541662927174
448 174.90091556864817 252.93778148238195
449 174.90091556864817 255.9994347099965
450 174.90091556864817 258.4118896942614
451 174.90091556864817 261.329190605836
452 174.90091556864817 260.0589344098826
453 174.90091556864817 262.44177414243075
454 174.90091556864817 266.2616246842165
455 174.90091556864817 264.3570681707205
456 174.90091556864817 262.7648552427955
457 174.90091556864817 264.1667995451717
458 174.90091556864817 265.13055013074586
459 174.90091556864817 265.65886277053306
460 174.90091556864817 263.9418987825593
461 174.90091556864817 264.48847290613946
462 174.90091556864817 262.04159056686717
463 174.90091556864817 262.44930563002265
464 174.90091556864817 262.08647421868767
465 169.93625499888165 259.9212713853867
466 169.93625499888165 259.09865590390257
467 169.93625499888165 255.87034270650457
468 169.93625499888165 257.07688234714266
469 169.93625499888165 253.29109291584868
470 169.93625499888165 253.0567671624544
471 169.93625499888165 253.4859133813926
472 169.93625499888165 259.31590736713684
473 169.93625499888165 256.4566622023016
474 169.93625499888165 258.3726436869986
475 169.93625499888165 259.0826596472775
476 169.93625499888165 259.64776476555363
477 169.93625499888165 258.38605850624907
478 169.93625499888165 258.8644899459191
479 169.93625499888165 262.06351967388133
480 169.93625499888165 258.6288366374811
481 169.93625499888165 256.7345490710488
482 169.93625499888165 263.23699250693574
483 169.93625499888165 262.26513079784695
484 169.93625499888165 265.08196123526363
485 169.93625499888165 264.02524993036354
486 169.93625499888165 260.33911412525146
487 169.93625499888165 260.61410377569337
488 169.93625499888165 260.56964987377495
489 169.93625499888165 261.0060623048371
490 169.93625499888165 260.0303849498546
491 169.93625499888165 264.0972585398285
492 169.93625499888165 260.2511392653923
493 169.93625499888165 260.44122280722746
494 169.93625499888165 260.1269187278838
495 169.93625499888165 257.9363010795161
496 161.94306593306135 255.66629808088925
497 161.94306593306135 253.28559353857673
498 161.94306593306135 251.70901786616452
499 161.94306593306135 248.76158055340446
500 161.94306593306138 248.97883611270495
501 161.94306593306138 249.7947738781851
502 161.94306593306138 248.47672759055885
503 161.94306593306138 248.4016390283535
504 161.94306593306138 249.01921277291743
505 161.94306593306138 250.23865897237363
506 161.94306593306138 245.04104420113063
507 161.94306593306138 245.29380051779944
508 161.94306593306138 251.5570192152183
509 161.94306593306138 253.6478694385821
510 161.94306593306138 253.38323056297762
511 161.94306593306138 251.72248625983602
512 161.94306593306138 255.4132571708693
513 161.94306593306138 258.25650083118285
514 161.94306593306138 258.0999451289082
515 161.94306593306138 262.8543836379981
516 161.94306593306138 258.3397159024794
517 161.94306593306138 256.8374489155912
518 161.94306593306138 255.58269422452832
519 161.94306593306138 254.43390000324976
520 161.94306593306138 251.695176172338
521 161.94306593306138 252.00139336997384
522 161.94306593306138 251.60422515091773
523 161.94306593306138 252.590915340707
524 161.94306593306138 256.05693119559254
525 161.94306593306138 252.68529967078766
526 161.94306593306138 252.51350062014845
527 161.94306593306138 252.2514674558921
528 161.94306593306138 255.43534588921514
529 161.94306593306138 259.27149790220244
530 161.94306593306138 257.0100012855978
531 161.94306593306138 258.4454570271423
532 161.94306593306138 259.0865866478625
533 161.94306593306138 257.185787348249
534 161.94306593306138 259.43629286887534
535 161.94306593306138 263.142553111163
536 161.94306593306135 258.70450250291856
537 161.94306593306135 256.59579320401326
538 161.94306593306135 254.65642921467
539 161.94306593306135 255.06773006434634
540 161.94306593306135 249.5306649561808
541 161.94306593306135 249.70255882648732
542 161.94306593306138 250.7480418684788
543 161.94306593306138 249.95123967452417
544 161.94306593306138 252.7397675929954
545 161.94306593306138 254.88787374588182
546 161.94306593306138 256.39689048379984
547 161.94306593306138 253.00835871014183
548 161.94306593306138 253.7775074984067
549 161.94306593306138 252.85817294143777
550 161.94306593306138 253.1062596172795
551 161.94306593306138 250.1776470914416
552 161.94306593306138 250.5518696215003
553 161.94306593306138 248.89323946700802
554 161.94306593306138 252.83796703412298
555 161.94306593306138 254.31225289733814
556 161.94306593306138 249.8261816208818
557 161.94306593306138 254.42083119637235
558 161.94306593306138 252.86558645239182
559 161.94306593306138 248.80423807606357
560 161.94306593306138 250.87093452488895
561 161.94306593306138 250.6903735432234
562 161.94306593306138 252.3534388561416
563 161.94306593306138 250.01952666208388
564 161.94306593306138 251.3872739466289
565 161.94306593306138 246.3001108296532
566 161.94306593306138 243.45368105630888
567 161.94306593306138 243.8033964995944
568 160.3752671831725 241.1061260139266
569 160.3752671831725 242.45016208412983
570 160.3752671831725 241.7718063452577
571 160.3752671831725 242.54719041994943
572 160.3752671831725 249.52128052897683
573 160.3752671831725 249.47019663171812
574 160.3752671831725 247.1176629199261
575 160.3752671831725 242.55177515819452
576 159.78549680338674 240.57849202882608
577 159.78549680338674 242.41554407818475
578 159.78549680338674 244.65036968011205
579 159.78549680338674 242.70288636817972
580 159.78549680338674 246.62002845345967
581 159.78549680338674 247.5801583980028
582 159.78549680338674 243.3343200720861
583 159.78549680338674 243.59500126968157
584 159.78549680338674 242.07327828612995
585 159.78549680338674 242.37705947356187
586 159.78549680338674 242.74255376005345
587 159.78549680338674 244.0077244199153
588 159.78549680338674 237.6588628316426
589 159.78549680338674 238.6055812518326
590 159.78549680338674 233.97689478554597
591 159.78549680338674 234.13417403916736
592 159.78549680338674 232.6565867594044
593 159.78549680338674 228.79896261932538
594 159.78549680338674 228.0834755784756
595 159.78549680338674 223.91406132754105
596 159.32263774870023 222.85280525499104
597 159.32263774870023 222.80765174366445
598 159.32263774870023 224.56153256077232
599 159.32263774870023 225.23385655288567
600 159.32263774870023 223.82015040846196
601 159.32263774870023 224.46438789627703
602 159.32263774870023 224.9953285497909
603 159.32263774870023 225.3819335648054
604 159.32263774870023 226.87876035094538
605 159.32263774870023 220.44164503152288
606 159.32263774870023 224.66648052388325
607 159.32263774870023 223.3963294928983
608 159.32263774870023 224.47894292803684
609 159.32263774870023 226.60823951934577
610 159.32263774870023 225.81620814932546
611 159.32263774870023 226.17964025988545
612 159.32263774870023 226.09361574369302
613 159.32263774870023 227.58065095727085
614 159.32263774870023 227.34014374752388
615 159.32263774870023 231.39677291289573
616 159.32263774870023 230.56719395090514
617 159.32263774870023 235.08854091851455
618 159.32263774870023 236.9851102527933
619 159.32263774870023 234.98246015655172
620 159.32263774870023 236.0389365185285
621 159.32263774870023 237.7808774385561
622 159.32263774870023 235.21760956382562
623 159.32263774870023 232.30005561472618
624 159.32263774870023 231.3508011342676
625 159.32263774870023 232.10066136937886
626 159.32263774870023 231.06776225780567
627 159.32263774870023 232.36809200104912
628 156.66792244164756 229.30812638973669
629 156.66792244164756 227.72960271455602
630 156.66792244164756 229.20265693792663
631 156.66792244164756 228.56731368313874
632 156.66792244164756 226.26216861556725
633 156.66792244164756 224.87715788232245
634 156.66792244164756 222.9128873961892
635 156.66792244164756 223.4116903445022
636 156.66792244164756 223.80015918291593
637 156.66792244164756 226.17683914361052
638 156.52214321780508 230.31313364016754
639 156.52214321780508 228.65610343664557
640 156.52214321780508 227.3832144184504
641 156.52214321780508 227.59601939159677
642 156.52214321780508 219.63126242841787
643 156.52214321780508 219.8712355337542
644 156.52214321780508 221.14847650621618
645 156.52214321780508 220.50296925292005
646 154.46866842522647 216.40336967366852
647 153.14692267048946 210.59244892741089
648 153.1469226704893 207.35327460113368
649 153.1469226704893 205.98074634473016
650 153.1469226704893 210.52861166917373
651 153.1469226704893 207.0494965826851
652 153.1469226704893 206.9431603460433
653 153.1469226704893 206.4765694884688
654 153.1469226704893 207.0559610740441
655 153.03838638003438 206.0477857684388
656 153.03838638003438 207.7772203912598
657 153.03838638003438 209.44704588435062
658 153.03838638003438 210.03434044223152
659 153.03838638003438 210.83406961109802
660 153.03838638003438 208.71951509912304
661 153.03838638003438 205.84277379776125
662 153.03838638003438 205.4352914920779
663 153.03838638003438 209.37452473597506
664 153.03838638003438 211.7247667428837
665 153.03838638003438 213.9549888604228
666 153.03838638003438 213.47511964675067
667 153.03838638003438 213.00212843350695
668 152.93793916933194 214.8315790494627
669 152.93793916933194 211.84822130032836
670 152.92800961545208 211.65614826521107
671 152.92800961545208 209.00669613645653
672 152.92800961545208 205.30991469180745
673 146.45338787193378 206.70473546927923
674 146.45338787193378 209.41998380489346
675 146.45338787193378 211.38074101137903
676 146.45338787193378 207.48149692917832
677 146.45338787193378 210.2299077222016
678 146.45338787193378 214.30128108945834
679 146.45338787193378 214.58371782400195
680 146.45338787193378 214.85837533651036
681 146.45338787193378 219.85530882583748
682 146.45338787193378 220.43888553385273
683 146.45338787193378 217.7789478671544
684 146.45338787193378 214.61820677847444
685 146.45338787193378 213.68666839575621
686 146.45338787193378 210.12811103558178
687 146.45338787193378 211.0522855612437
688 146.45338787193378 209.42335141754475
689 146.45338787193378 209.9427915373989
690 146.45338787193378 210.49964135599387
691 146.45338787193378 209.0594337268586
692 146.45338787193378 212.9589180825412
693 146.45338787193378 210.38370086938977
694 146.45338787193378 210.972428120848
695 146.45338787193378 214.14156492150363
696 145.96439547091697 214.36578125283842
697 145.96439547091697 217.41567240897996
698 145.96439547091697 215.01243738382692
699 145.96439547091697 211.08888650916353
700 145.96439547091697 208.9513089797353
701 145.96439547091697 210.41102739853835
702 145.9643954709172 211.21092658526504
703 145.9643954709172 209.36525095869558
704 145.9643954709172 211.89456106100616
705 145.9643954709172 208.10432303252452
706 145.9643954709172 209.5116500439917
707 145.9643954709172 212.12403930437605
708 145.9643954709172 211.16694347377108
709 145.9643954709172 212.52041683778003
710 145.9643954709172 210.54192669481031
711 145.9643954709172 211.96244391936713
712 145.9643954709172 213.13838579778488
713 145.9643954709172 213.59430463605028
714 145.9643954709172 212.174434049154
715 145.9643954709172 215.46471974480954
716 145.9643954709172 215.36981630130646
717 145.9643954709172 209.88368482057797
718 144.64836757643818 211.0039077371449
719 144.64836757643818 212.0400817348919
720 144.64836757643818 212.95561918930989
721 144.64836757643818 215.21215905257964
722 144.64836757643818 217.8085879535716
723 144.64836757643818 215.4431203347066
724 144.64836757643818 220.40953421761932
725 144.64836757643818 222.19779450357146
726 144.64836757643818 221.64321686568707
727 144.64836757643818 225.17002241850165
728 144.64836757643818 222.8929465848237
729 144.64836757643818 224.51187919616038
730 144.64836757643818 227.55962425785657
731 144.64836757643818 228.09564540060634
732 144.64836757643818 233.3059618459981
733 144.64836757643818 237.75855921238832
734 144.64836757643818 237.8441594992779
735 144.64836757643818 235.0256590009341
736 144.64836757643818 232.00372794874875
737 144.64836757643818 231.00472735884003
738 144.64836757643818 229.1184679936949
739 144.64836757643818 228.51460803673493
740 144.64836757643818 228.54675076863157
741 144.64836757643818 229.11105202961807
742 144.64836757643818 229.63852164131404
743 144.64836757643818 233.90058492973935
744 144.64836757643818 237.47936973690824
745 144.64836757643818 237.7021293201712
746 144.64836757643818 238.0288224266581
747 144.64836757643818 238.64177066269042
748 144.64836757643818 235.61326002393932
749 144.64836757643818 236.5490362705865
750 144.64836757643818 239.28533330930506
751 144.64836757643818 237.10515577177227
752 144.64836757643818 233.52586375652143
753 144.64836757643818 233.54428563060117
754 144.64836757643818 235.9221110695146
755 144.64836757643818 236.16600290534618
756 144.64836757643818 233.7937510204317
757 144.64836757643818 228.5439088520812
758 144.64836757643818 227.09661883821886
759 144.64836757643818 228.5966778923153
760 144.64836757643818 231.49166695443455
761 144.64836757643818 233.1368280621913
762 144.64836757643818 234.79344071106541
763 144.64836757643818 231.66568012542342
764 144.64836757643818 228.17985959449857
765 144.64836757643818 227.14719001853612
766 144.64836757643818 224.77077565380426
767 144.64836757643818 220.5573626357251
768 144.64836757643818 216.22477052483947
769 144.64836757643818 211.64899371434265
770 144.64836757643818 212.76285776215605
771 143.25640914291526 215.95596636070138
772 143.25640914291526 214.21284256867307
773 143.25640914291526 217.0123621299739
774 143.25640914291526 219.44179667512387
775 143.25640914291526 217.45854432344757
776 143.25640914291526 217.3561346342443
777 143.25640914291526 214.7012447924344
778 143.25640914291526 213.81581818200522
779 143.25640914291526 211.507361482262
780 143.25640914291526 213.13449406984716
781 143.25640914291526 216.14217773089436
782 143.25640914291526 215.67656136022754
783 143.25640914291526 216.58725972343242
784 143.25640914291526 221.40458259870204
785 143.25640914291526 216.96616719047893
786 143.25640914291526 216.75622295395848
787 142.31211436051564 214.3019883318979
788 142.31211436051564 212.29089854454367
789 142.31211436051564 210.2864010468452
790 142.31211436051564 213.72257705700684
791 142.31211436051564 212.72266722449785
792 142.31211436051564 212.86742096729714
793 142.03900724216254 209.3555376241064
794 142.03900724216254 206.07719279504389
795 142.03900724216254 205.98641656459196
796 142.03900724216254 204.65019345800397
797 142.03900724216254 204.394068754917
798 142.03900724216254 204.9337486659575
799 142.03900724216254 204.93527052711656
800 142.03900724216254 204.69594024086143
801 142.03900724216254 200.99183838443244
802 142.03900724216254 202.0917181724315
803 142.03900724216254 203.16663429786752
804 142.03900724216254 202.59899597944414
805 139.64487138970952 204.72656533700186
806 139.57413793281427 204.97426533847175
807 138.9053751941695 206.45099195648177
808 138.9053751941695 208.07686137450074
809 138.9053751941695 210.22828146380104
810 138.9053751941695 208.34487892708322
811 138.73800409848596 210.09731209298323
812 138.73800409848596 207.83188967454873
813 138.73800409848596 206.22102921262623
814 138.73800409848596 207.59064951355046
815 138.73800409848596 207.631841520552
816 138.73800409848596 206.9677390623011
817 138.73800409848596 213.85590707809814
818 138.73800409848596 216.40707271414783
819 138.73800409848596 219.5825137575036
820 138.73800409848596 212.5897451010457
821 137.67431201463003 215.09246630979783
822 137.67431201463003 212.2805645393711
823 137.67431201463003 210.77642071546126
824 137.67431201463003 214.41363525294645
825 137.67431201463003 208.35166160726826
826 137.67431201463003 203.42620441390315
827 137.67431201463003 201.22001933277053
828 137.67431201463003 202.02711255993597
829 137.67431201463003 201.142378091967
830 137.67431201463003 204.8108042467896
831 137.67431201463003 205.89550733181267
832 137.67431201463003 201.9726487572841
833 137.67431201463003 202.81744550930935
834 137.50758577146638 202.03489068188028
835 137.50758577146638 201.64766413788234
836 137.50758577146638 202.60154606893892
837 137.50758577146638 204.80916319007554
838 137.50758577146638 201.34077433224266
839 137.50758577146638 200.94357531642797
840 137.50758577146638 199.1259747461225
841 137.50758577146638 203.3280559609497
842 137.50758577146638 206.7015733340268
843 137.50758577146638 209.44848103176486
844 137.50758577146638 208.5775744207115
845 137.50758577146638 211.98921777389944
846 137.50758577146638 209.79357477043632
847 137.50758577146638 206.33436896256816
848 137.50758577146638 208.8746061744218
849 137.50758577146638 205.58222011326413
850 137.50758577146638 209.61114327817188
851 137.50758577146638 211.2827435954415
852 137.50758577146638 211.81791194523186
853 137.50758577146638 210.99031783592784
854 137.50758577146638 213.38909319804185
855 137.50758577146638 216.03904511470824
856 137.50758577146638 212.24919214097866
857 137.50758577146638 212.24573738628118
858 137.50758577146638 212.39414788056715
859 137.50758577146638 212.5880044408041
860 137.50758577146638 215.5022334237444
861 137.50758577146638 215.68057565820777
862 137.50758577146638 220.30906280707404
863 137.50758577146638 216.54667197789607
864 137.50758577146638 215.83817475041124
865 137.50758577146638 223.4738259261541
866 137.50758577146638 224.54798589927512
867 137.50758577146638 222.19942405152403
868 137.50758577146638 220.81963850345153
869 137.50758577146638 218.51328561362246
870 137.50758577146638 216.97791937833506
871 137.50758577146638 216.86428903118878
872 137.50758577146638 215.82306308409835
873 137.50758577146638 215.3385738130412
874 137.50758577146638 217.3817650665478
875 137.50758577146638 219.38764618458634
876 137.50758577146638 218.61845199096715
877 137.50758577146638 221.02032716128377
878 137.50758577146638 217.19945440230305
879 137.50758577146638 212.5719828250311
880 137.50758577146638 212.28716291270953
881 137.50758577146638 213.1536290582353
882 137.50758577146638 212.01470500287994
883 137.50758577146638 213.70410405440882
884 137.50758577146638 211.8121771772481
885 137.50758577146638 209.1826233416428
886 137.50758577146638 206.50214974303373
887 137.50758577146638 207.9573583702166
888 137.50758577146638 209.35514181849263
889 136.04789654834798 206.7136893841169
890 136.0183665901025 206.69323059281314
891 136.0183665901025 206.5797707572188
892 135.59364419891287 204.08521761872504
893 135.59364419891287 202.49147389585787
894 135.59364419891287 198.90721942138222
895 135.59364419891287 200.05929441436444
896 133.29646721285079 199.3296330072373
897 131.3685262247264 199.4801548754882
898 131.3685262247264 199.99751437169058
899 131.3685262247264 200.31758720293195
900 131.3685262247264 200.36407362740997
901 131.3685262247264 201.1584801577046
902 131.3685262247264 197.58636569860292
903 131.3685262247264 193.4494303541764
904 131.3685262247264 190.94852075604027
905 131.3685262247264 195.04923987300472
906 131.3685262247264 198.4087867904605
907 131.3685262247264 198.28301664538088
908 131.3685262247264 199.84908860439972
909 131.3685262247264 197.34387449604145
910 131.3685262247264 200.24922395906128
911 131.3685262247264 198.39622030959964
912 131.3685262247264 200.2014477853294
913 131.3685262247264 200.14216642542726
914 131.3685262247264 201.68166594111324
915 131.3685262247264 197.44598640073346
916 131.1991127198865 195.04247514513034
917 130.75086611348436 196.14353889091058
918 130.75086611348436 193.73703158206948
919 130.75086611348436 193.8338355276132
920 130.75086611348436 194.17384121590348
921 130.75086611348436 190.83413008412217
922 130.75086611348436 190.4410581323738
923 130.75086611348436 191.76351834086003
924 130.75086611348436 186.6208486446102
925 130.75086611348436 183.80436025404222
926 130.75086611348436 186.7916840901501
927 130.73476443782565 184.8288047341653
928 130.73476443782565 185.01384493450973
929 130.73476443782565 184.76570124466892
930 130.73476443782565 187.60567890348761
931 130.73476443782565 186.64365644300653
932 130.73476443782565 188.32690170606827
933 127.95459076605353 189.43511235372247
934 127.95459076605353 189.78167750080004
935 127.95459076605353 189.04457140775554
936 127.95459076605353 190.56702732385594
937 127.95459076605353 189.83156874496817
938 127.95459076605353 190.14839505142797
939 127.95459076605353 190.02260693460414
940 127.95459076605353 184.73196978482264
941 127.38096160140988 187.34304461278757
942 127.38096160140988 189.6898980544296
943 127.29194778303707 188.99276621388202
944 127.29194778303707 191.82463658608157
945 127.29194778303707 189.35811788496665
946 127.29194778303707 190.68684732324178
947 127.29194778303707 197.4489344995584
948 127.29194778303707 197.04942651774996
949 125.85016825493052 195.0828619028779
950 125.85016825493052 198.17890220903104
951 125.85016825493052 199.1859021336948
952 125.71418426845668 198.53437093624416
953 125.30662755712972 198.72788768111477
954 125.30662755712972 194.65958701010808
955 125.30662755712972 197.56051006872866
956 125.30662755712972 197.1052271535473
957 125.30662755712972 195.31251918009778
958 125.30662755712972 194.3614571799985
959 125.30662755712972 194.76117266250003
960 125.30662755712972 192.69849546100107
961 125.30662755712972 189.72645195681994
962 125.30662755712972 189.2930388349159
963 125.30662755712972 187.67477489247773
964 125.30662755712972 185.94960609393846
965 125.30662755712972 186.93758914188115
966 125.30662755712972 189.4926528679806
967 125.30662755712972 188.50469469326583
968 125.30662755712972 186.90955766926652
969 125.30662755712972 190.18764938895723
970 125.30662755712972 193.76865781677324
971 125.30662755712972 191.31745669994186
972 125.30662755712972 191.00301570777825
973 125.30662755712972 191.13320456813756
974 125.30662755712972 192.40189424533528
975 125.30662755712972 192.58684140205784
976 125.30662755712972 193.55489587884256
977 125.30662755712972 190.15001067675473
978 125.30662755712972 192.42639808089297
979 125.30662755712972 193.92268660746828
980 125.30662755712972 192.9636598874241
981 125.30662755712972 192.00620843460422
982 125.30662755712972 191.04363049167438
983 125.30662755712972 188.3928989723033
984 125.30662755712972 187.05333602812615
985 125.30662755712972 190.03377995084412
986 125.30662755712972 188.356234841836
987 125.30662755712972 191.253908945936
988 125.30662755712972 194.11134861706194
989 125.30662755712972 191.1393552203407
990 125.30662755712972 191.5323160256253
991 125.30662755712972 191.1396013633018
992 125.30662755712972 190.15840065855826
993 125.30662755712972 190.94628710079076
994 125.30662755712972 191.3328411021201
995 125.30662755712972 190.11381366656272
996 125.30662755712972 189.7632574962912
997 125.30662755712972 188.21207898622234
998 125.30662755712972 190.39458613431088
999 125.30662755712972 188.3483226060901
