# iteración mejor promedio
0 761.4005653525928 930.1635528252432
1 761.4005653525928 928.5207212408043
2 716.6848003397988 917.9528232963053
3 716.6848003397988 917.5893730460898
4 716.6848003397988 915.6812247509064
5 679.6362996940856 906.7461573187771
6 679.6362996940856 900.7706903003233
7 636.5039793732429 892.3462338474585
8 636.5039793732429 873.603263053209
9 636.5039793732429 853.0845900140873
10 636.5039793732429 856.226027545749
11 635.7199021481538 850.2837414600231
12 635.7199021481538 842.3175167686377
13 588.1482054383542 826.4832947418336
14 588.1482054383542 819.4917370061661
15 588.1482054383542 808.6730845102254
16 588.1482054383542 805.7413332979752
17 588.1482054383542 796.0783803250961
18 588.1482054383542 794.507632648976
19 588.1482054383542 785.307813450653
20 578.0340188904033 778.9043205034974
21 569.2201781205309 777.8713409479228
22 569.2201781205309 779.4920485023732
23 569.2201781205309 777.6570759034173
24 569.2201781205309 776.7911748186568
25 569.2201781205309 775.8488589070674
26 569.2201781205309 774.7865501886355
27 560.7655796945269 772.823343431257
28 560.7655796945269 771.5845498614941
29 560.7655796945269 758.9575992904133
30 560.7655796945269 741.876800572243
31 560.7655796945269 735.9953720410554
32 560.7655796945269 730.5760098942582
33 543.4346059354524 719.0271231409369
34 523.4233481372783 713.7590124821063
35 523.4233481372783 713.8432907064566
36 522.2812220164482 705.909044022704
37 507.1264437900514 696.5281520591152
38 507.1264437900514 698.5977335809542
39 507.1264437900514 689.3941078821523
40 507.1264437900514 685.8839760686174
41 507.1264437900514 687.1241654881134
42 507.1264437900514 683.1481694207712
43 495.6863718665284 677.6699652960971
44 495.6863718665284 679.3554986222714
45 495.6863718665284 672.4651969615353
46 494.4359635544527 667.4040401022169
47 494.4359635544527 663.4744908931124
48 494.4359635544527 655.7101885420363
49 484.8600489669611 643.8770699047096
50 484.8600489669611 629.5916253049993
51 465.72679630510663 622.6861334847604
52 451.79135736635163 620.9989460229309
53 427.9143885124365 617.8633051202931
54 406.1587876662075 610.0798624537415
55 406.1587876662075 604.6541366491734
56 406.1587876662075 598.4418009582264
57 406.1587876662075 589.0254697673255
58 406.1587876662075 580.4806891458923
59 406.1587876662075 574.6520421293212
60 406.1587876662075 572.3114102499753
61 395.48606032029414 569.108930969649
62 391.25177987081037 560.9098535573374
63 391.25177987081037 560.6172163244689
64 391.25177987081037 560.0339109294436
65 391.25177987081037 556.2397420431627
66 391.25177987081037 551.8795897838797
67 391.25177987081037 538.82759857239
68 391.25177987081037 538.158239456802
69 381.6273037711625 530.9405952569139
70 380.39751364994856 520.5246975910491
71 340.7658794239906 525.3231941808885
72 340.7658794239906 524.6776700431465
73 340.7658794239906 512.8967573811677
74 340.7658794239906 511.4470161162289
75 340.7658794239906 506.4673295786994
76 340.7658794239906 498.8470196580911
77 338.1395304905956 493.7669219403286
78 336.17705853593156 493.21142430044415
79 336.17705853593156 488.47234932904763
80 336.17705853593156 483.65465472899433
81 336.17705853593156 479.8227694752262
82 336.17705853593156 480.93783460927557
83 336.1439589704373 478.5862191219863
84 335.7121981876657 475.3812186487684
85 335.7121981876657 477.9767268562715
86 335.7121981876657 468.0838166344792
87 335.7121981876657 469.689301789047
88 335.7121981876657 466.6839158716963
89 335.7121981876657 466.086496106574
90 335.7121981876657 463.957675286755
91 335.7121981876657 458.5809984086556
92 324.4787892190139 460.0904228519199
93 311.4371460724563 460.2441476984721
94 311.4371460724563 462.75299917977844
95 311.4371460724563 466.43696237817784
96 311.4371460724563 456.5874774213603
97 311.4371460724563 448.12507570162364
98 311.4371460724563 451.8476618046664
99 311.4371460724563 450.0891846894937
100 311.4371460724563 446.04179128164503
101 311.4371460724563 440.5922734742263
102 311.4371460724563 435.25525138805074
103 309.42088835080784 435.70690379694184
104 309.42088835080784 432.0044970165699
105 309.42088835080784 431.62541738368805
106 309.42088835080784 431.32186668952534
107 306.4657949724772 427.62284387156666
108 301.4956634903609 424.50145430952847
109 301.4956634903609 419.3274834985694
110 301.4956634903609 412.9313598156872
111 292.3154532851428 408.7347359653933
112 292.3154532851428 402.6644191704228
113 287.4828294264688 399.0505857338075
114 287.4828294264688 393.7007295808178
115 287.4828294264688 389.1472058194585
116 287.4828294264688 390.86355290025307
117 287.4828294264688 383.90194776572537
118 287.4828294264688 381.88537899984067
119 287.4828294264688 380.05832812559163
120 271.8645564633698 374.1124381184602
121 271.8645564633698 370.12721307560713
122 271.8645564633698 373.63190013370877
123 271.8645564633698 373.6792092835411
124 269.2866735157098 367.320638581366
125 265.68302764971315 362.4521840025276
126 245.4520291451439 359.9722989079307
127 220.79347943431006 357.7149940779982
128 220.79347943431006 352.91542343901926
129 220.79347943431006 352.2583347342168
130 220.79347943431006 344.9899461996441
131 220.79347943431006 342.8603014764051
132 220.79347943431006 340.04290471256604
133 220.79347943431006 340.9301190604149
134 220.79347943431006 339.3931150756442
135 220.79347943431006 336.3020404983353
136 220.79347943431006 338.54157041090644
137 220.79347943431006 337.28406149527586
138 220.79347943431006 337.68471030038194
139 218.87700329521556 330.76321588813573
140 218.87700329521556 329.8642177270748
141 218.87700329521556 328.1638930615803
142 215.74268279462467 323.3296860645634
143 215.74268279462467 318.4414666697097
144 215.74268279462467 313.2843883756362
145 215.74268279462467 308.9737818707461
146 215.74268279462467 310.3511713856535
147 215.74268279462467 314.3014559593142
148 215.74268279462467 311.04585297701414
149 215.74268279462467 311.67027552445916
150 215.74268279462467 309.8587332457396
151 215.74268279462467 311.39620749568445
152 215.74268279462467 306.704899959104
153 215.74268279462467 306.71100407357295
154 215.74268279462467 306.9008969295289
155 215.74268279462467 308.9835113069154
156 215.74268279462467 303.8356159516838
157 215.74268279462467 303.01859312273217
158 215.74268279462467 297.6487732397282
159 215.74268279462467 299.4611396588679
160 212.4754758608568 300.6034792933681
161 212.4754758608568 298.1631004356023
162 212.4754758608568 295.2349083955762
163 212.4754758608568 293.9228820205595
164 212.4754758608568 297.70756730226304
165 212.4754758608568 293.821310814287
166 212.4754758608568 291.3221309950892
167 212.4754758608568 287.67377674288224
168 205.367735021428 286.77929782224714
169 204.4412264550688 285.42019577053816
170 204.4412264550688 285.85384175532585
171 204.4412264550688 288.05025350713305
172 204.4412264550688 291.366041675035
173 204.4412264550688 289.4560519729151
174 204.4412264550688 289.233005946144
175 201.0488847114426 287.73316072380794
176 201.0488847114426 286.7178393405739
177 201.0488847114426 285.28660008006534
178 201.0488847114426 287.52058467967555
179 201.0488847114426 286.62769497379287
180 201.0488847114426 291.55434371194906
181 193.54129882025032 288.0035168743867
182 193.54129882025032 287.9509497294089
183 193.54129882025032 285.490492090046
184 193.54129882025032 292.79208461574797
185 190.5474632275636 284.35002888539964
186 190.5474632275636 286.4029396028221
187 190.5474632275636 284.5143915859609
188 190.5474632275636 285.7163521656791
189 190.5474632275636 285.45116999483423
190 184.9472805740626 282.92169819465073
191 184.9472805740626 280.6402197521229
192 184.9472805740626 277.8157826405818
193 184.9472805740626 277.35502066346135
194 184.9472805740626 277.26463790239643
195 177.90425054260254 275.0706601950063
196 177.90425054260254 274.32518610838173
197 177.90425054260254 273.7750484263178
198 177.90425054260254 270.79846248563837
199 177.90425054260254 270.7823811098404
200 177.90425054260254 271.3678842063802
201 177.90425054260254 270.8522259293069
202 177.28567126708336 269.6468294666577
203 177.28567126708336 269.6911985917496
204 177.28567126708336 267.2855030982821
205 169.81279324725733 266.4941724990581
206 169.81279324725733 271.88205653944874
207 167.76378586854085 267.276147036543
208 167.76378586854085 263.78489949156597
209 162.02245988012973 258.3358172808028
210 162.02245988012973 258.6552942534844
211 162.02245988012973 259.6641214008635
212 162.02245988012973 256.85553727021176
213 162.02245988012973 261.1090312761319
214 162.02245988012973 260.2712352642752
215 162.02245988012973 261.14305480255445
216 160.26089520416542 256.7809466174114
217 160.26089520416542 252.04921079593498
218 160.26089520416542 251.5196505840234
219 160.26089520416542 250.30791627621863
220 160.26089520416542 249.26464024138403
221 160.26089520416542 246.33288323015597
222 160.26089520416542 245.5774537703835
223 160.26089520416542 244.68899880882284
224 160.26089520416542 245.8858216274465
225 160.26089520416542 241.16746306818163
226 160.26089520416542 235.16181588386323
227 160.26089520416542 238.8652643138387
228 160.26089520416542 238.97521219853724
229 158.91520702512528 236.134546355899
230 155.29218491218887 237.87964008951624
231 154.33679415769262 234.03750334364995
232 154.33679415769262 232.4300459309222
233 154.33679415769262 235.65668546268734
234 153.77081368903706 232.4767577127951
235 153.77081368903706 231.3687979203358
236 153.77081368903706 229.8570748131959
237 153.77081368903706 235.96817774177111
238 153.77081368903706 239.3344962623033
239 153.77081368903706 241.9105901579225
240 153.77081368903706 241.18303741922293
241 153.77081368903706 233.29070860807184
242 153.77081368903706 229.8833562988094
243 153.77081368903706 224.1781835443903
244 153.77081368903706 224.73561352513457
245 153.77081368903706 224.3700460786331
246 153.77081368903706 219.3053872913319
247 153.77081368903706 222.31608689112159
248 153.77081368903706 219.89586929727093
249 153.77081368903706 221.59197627910163
250 152.90497076823203 219.42115990934352
251 152.90497076823203 215.9477943187028
252 148.79531161423077 218.81918149855318
253 148.79531161423077 225.79005844251114
254 148.79531161423077 220.80408030704882
255 148.79531161423077 216.0750451527039
256 148.79531161423077 213.0738010084473
257 148.79531161423077 216.2782400573367
258 148.79531161423077 218.62727522682258
259 148.79531161423077 217.2649455791566
260 148.79531161423077 210.10020792918775
261 148.79531161423077 208.30993009519418
262 148.76302890499574 213.0959817728712
263 148.76302890499574 210.81517644659544
264 148.76302890499574 210.78322200199105
265 141.80419215532538 209.9097248477739
266 141.80419215532538 211.67056307963142
267 141.80419215532538 211.34541895012921
268 141.80419215532538 213.36670041725193
269 141.80419215532538 212.7145495146858
270 141.80419215532538 213.59325603977723
271 141.80419215532538 212.9806822525668
272 141.80419215532538 210.922787020466
273 141.80419215532538 212.79679073559967
274 141.80419215532538 214.17234351412154
275 141.80419215532538 206.76151304941638
276 137.74724667392178 208.64057860145724
277 137.74724667392178 207.10726319707643
278 137.74724667392178 206.48284880919218
279 137.74724667392178 203.48819532411005
280 137.74724667392178 203.24565542538429
281 137.74724667392178 205.18935267859163
282 137.74724667392178 202.88411089540102
283 137.74724667392178 205.4040858468759
284 137.74724667392178 206.50899261290954
285 135.9387743036865 206.4450004497407
286 135.9387743036865 205.36578129863065
287 135.9387743036865 206.0647796902851
288 135.9387743036865 206.2835174656626
289 135.9387743036865 205.6250979466213
290 135.9387743036865 203.05516733106595
291 135.9387743036865 209.16087905452102
292 135.9387743036865 210.24462817993717
293 135.9387743036865 210.94914038995142
294 131.23209336149972 208.33411643139917
295 131.23209336149972 205.028779146321
296 131.23209336149972 204.62922507045383
297 131.12186270996403 206.06382853098066
298 131.12186270996403 205.93201252271336
299 131.12186270996403 205.04662169631595
300 131.12186270996403 203.85656471776497
301 131.12186270996403 203.88058287582862
302 131.12186270996403 204.9533783593563
303 131.12186270996403 203.30857786784517
304 131.12186270996403 206.3916111847516
305 131.12186270996403 206.82975375536458
306 131.12186270996403 203.93014429558298
307 131.12186270996403 200.80005262575804
308 131.12186270996403 199.38229708042658
309 131.12186270996403 194.62905804671894
310 131.12186270996403 193.97346713271747
311 131.12186270996403 193.87955107418696
312 131.12186270996403 193.48725565448734
313 131.12186270996403 193.20547476476904
314 130.5815738832062 192.14586927614303
315 130.5815738832062 192.55801035108155
316 130.5815738832062 189.84023147745313
317 130.1421902454957 189.48049006050513
318 130.1421902454957 188.31988541476647
319 127.00104016456991 187.30418670150343
320 127.00104016456991 185.30445554957078
321 127.00104016456991 184.41778203888035
322 127.00104016456991 189.31976346120973
323 127.00104016456991 191.62860800114555
324 127.00104016456991 188.96830185793144
325 126.87822978890394 186.47604855026697
326 126.87822978890394 184.70809446225653
327 126.45981270474724 182.37102339416768
328 126.45981270474724 182.0651619591853
329 126.45981270474724 180.02671488866534
330 126.45981270474724 180.78291352530064
331 126.45981270474724 179.3017020379288
332 125.98227933048138 175.0872109485059
333 125.98227933048138 174.6383732821135
334 125.98227933048138 175.49086440617688
335 125.98227933048138 178.29757366778375
336 124.90436367759013 179.53814066742166
337 124.76575227542993 181.8388746065402
338 124.76575227542993 184.2770227189925
339 124.76575227542993 185.0592601364582
340 124.76575227542993 187.3113510462229
341 124.76575227542993 187.0972820326025
342 124.76575227542993 186.68882968590992
343 124.76575227542993 186.1214757967798
344 124.76575227542993 185.14552053682135
345 124.76575227542993 187.4681452765401
346 123.62342733305296 186.0364784703942
347 123.62342733305296 188.77250969883397
348 123.62342733305296 186.20154073986149
349 123.62342733305296 181.98762960969557
350 123.62342733305296 182.62139550320884
351 123.62342733305296 182.15965711198172
352 123.14649867752144 185.5698405727862
353 121.76018623318524 184.94445452970987
354 121.47025746155995 187.5632894567357
355 120.96124898166616 186.08861206776874
356 120.96124898166616 182.21042878880326
357 120.96124898166616 178.4719507944928
358 120.96124898166616 181.2159206537621
359 120.96124898166616 182.2844236445482
360 120.96124898166616 183.15560868807108
361 120.96124898166616 181.8296204408156
362 120.96124898166616 180.48780334131115
363 120.96124898166616 175.09129859838612
364 120.96124898166616 176.275224562238
365 120.96124898166616 174.79427453914505
366 116.60810708538467 172.4857200379465
367 116.60810708538467 171.04727072600136
368 116.60810708538467 171.39436450265964
369 116.57539223214091 170.2525546510426
370 106.19844345807999 166.24234104890058
371 106.19844345807999 165.23696482771
372 106.19844345807999 165.97284192981348
373 106.19844345807999 168.5084225012965
374 106.19844345807999 165.29059027603708
375 106.19844345807999 164.46564893384405
376 106.19844345807999 163.07743621519742
377 106.19844345807999 163.21034221284538
378 106.19844345807999 164.68734739362972
379 106.19844345807999 164.7868198983687
380 106.1984434580803 163.87015217280484
381 106.1984434580803 163.74140850460077
382 106.1984434580803 160.86114199618441
383 106.1984434580803 162.1508233316498
384 106.1984434580803 164.82685220138075
385 106.1984434580803 165.8967341349314
386 106.1984434580803 165.2432409779833
387 106.1984434580803 164.94415281246972
388 106.1984434580803 165.41289230186456
389 106.1984434580803 167.19713921221617
390 106.1984434580803 169.9474238828427
391 106.1984434580803 167.64764193902022
392 106.1984434580803 170.55595648024314
393 106.1984434580803 165.68173990776648
394 106.1984434580803 169.6126751200929
395 106.1984434580803 170.18099610877223
396 106.1984434580803 164.81417311651578
397 106.1984434580803 162.9342523636283
398 106.1984434580803 164.58152572543608
399 106.1984434580803 167.98181402111683
400 106.1984434580803 167.10556385602263
401 106.1984434580803 168.44247829589614
402 106.1984434580803 169.4120409927806
403 106.1984434580803 171.57173628984856
404 106.1984434580803 172.11349278576407
405 106.1984434580803 173.59162406687082
406 106.1984434580803 175.5316853547022
407 106.1984434580803 173.945073760882
408 106.08106724855186 170.22788785346685
409 106.08106724855186 169.16848804318042
410 106.08106724855186 169.14154033837448
411 106.08106724855186 169.5277411942911
412 106.08106724855186 167.48364928950926
413 106.08106724855186 164.54834366504744
414 106.08106724855186 166.1968311847496
415 106.08106724855186 166.77342024115373
416 106.08106724855186 166.0478604080797
417 104.71828036387956 161.5192093573847
418 104.71828036387956 159.43629479088725
419 104.71828036387956 161.7017745230156
420 104.71828036387956 163.3820124570265
421 104.71828036387956 164.27313296813188
422 104.71828036387956 163.85515532541834
423 104.71828036387956 165.46689486597955
424 102.43624851334738 164.5948069415303
425 102.43624851334738 167.2698953773766
426 102.43624851334738 166.83485814891665
427 102.43624851334738 166.67678982338006
428 102.43624851334738 163.791106999004
429 102.43624851334738 164.05011834727023
430 102.43624851334738 162.12014919017355
431 102.43624851334738 160.5774259136648
432 102.43624851334738 165.305102552284
433 102.43624851334738 165.39164657095066
434 101.73275830145397 164.32655466730014
435 101.73275830145397 166.76107898321578
436 101.73275830145397 163.02723316616527
437 101.73275830145397 163.42670410938857
438 101.73275830145397 161.58056472374693
439 101.73275830145397 162.52280228019382
440 101.73275830145397 158.5883694248326
441 101.63820714199764 159.14451590382473
442 101.63820714199764 158.50407543292704
443 101.63820714199764 156.73044917740523
444 101.63820714199764 156.03247602914894
445 101.63820714199764 153.8870382108865
446 101.63820714199764 154.24252641512007
447 101.43934789986561 151.82227321547182
448 101.43934789986561 152.24082691134254
449 101.43934789986561 147.39135551470807
450 101.43934789986561 145.89393719230242
451 101.43934789986558 145.55949612121685
452 101.43934789986558 146.48466996472217
453 101.43934789986558 145.15081897419822
454 101.43934789986558 143.69326119602758
455 101.43934789986558 146.8261931827661
456 101.43934789986558 147.3011480934095
457 101.43934789986558 145.48890782325404
458 101.43934789986558 147.4651295966585
459 101.43934789986558 148.37296270223337
460 101.43934789986558 152.01414407737698
461 101.43934789986558 152.55052372367064
462 101.43934789986558 156.25499991640189
463 101.43934789986558 156.4834900403512
464 101.43934789986558 160.02459639901343
465 101.43934789986558 162.52663001210408
466 101.43934789986558 160.8698308522242
467 101.43934789986558 161.8728406108296
468 101.43934789986558 163.7132051463082
469 101.43934789986558 163.11348103444877
470 101.43934789986558 164.3797979638005
471 101.43934789986558 169.4714886408861
472 101.43934789986558 172.6091532110225
473 101.43934789986558 173.81260407879807
474 101.43934789986558 174.4102013450678
475 101.43934789986558 174.38571639011332
476 101.43934789986558 178.05367745947808
477 101.43934789986558 175.44149633044063
478 101.43934789986558 178.7360284677729
479 101.43934789986558 180.62935439507112
480 101.43934789986558 179.61548113048303
481 101.43934789986558 175.29618468045763
482 101.43934789986558 174.35591371782542
483 101.43934789986558 178.11671341106273
484 101.43934789986558 179.11639353110488
485 101.43934789986558 181.89983210234607
486 101.43934789986558 183.48706972350234
487 101.43934789986558 184.88128565721297
488 101.43934789986558 182.88394174478213
489 101.43934789986558 180.08113780055112
490 101.43934789986558 176.88366195507297
491 101.43934789986558 178.00729391832584
492 101.43934789986558 177.4778781845709
493 101.43934789986558 174.69885218673252
494 101.43934789986558 176.81689038035123
495 101.43934789986558 173.62305433067868
496 101.43934789986558 176.52393439061782
497 101.43934789986558 175.34520365769163
498 101.43934789986558 169.29290606711416
499 101.43934789986558 171.18581256245096
500 101.43934789986558 171.52842481986647
501 101.43934789986558 167.0840044382235
502 101.43934789986558 169.06951300220211
503 101.43934789986558 170.5139376477079
504 101.43934789986558 173.02380790006748
505 101.43934789986558 175.09561316235536
506 101.43934789986558 175.05018337105338
507 101.43934789986558 174.8018326921397
508 101.43934789986558 174.7518623293702
509 101.43934789986558 173.23960854660567
510 101.43934789986558 169.8268326606402
511 101.43934789986558 170.94329851433696
512 101.43934789986558 169.65237775191088
513 101.43934789986558 170.1524019302682
514 101.43934789986558 166.55427720287437
515 101.43934789986558 170.4172981073222
516 101.43934789986558 172.34949255334539
517 101.43934789986558 172.7424479835091
518 101.43934789986558 168.62790827532623
519 101.43934789986558 168.83812668691778
520 101.43934789986558 167.8358909652675
521 101.43934789986558 171.69999514398566
522 101.43934789986558 171.50591577781802
523 101.43934789986558 169.4971213286225
524 101.43934789986558 166.16183317910688
525 101.43934789986558 168.0035907451065
526 101.43934789986558 169.04082496203648
527 101.43934789986558 166.37304185483922
528 101.43934789986558 164.74966262823528
529 101.43934789986558 163.65690205997825
530 101.43934789986558 166.77241057666478
531 101.43934789986558 169.53352045194958
532 100.9750494147405 169.71725236769078
533 100.9750494147405 166.9433558525196
534 100.9750494147405 165.16718398773935
535 100.9750494147405 158.82733234490934
536 100.9750494147405 157.81489244799334
537 100.9750494147405 158.43959362163125
538 100.9750494147405 156.22133079657686
539 100.9750494147405 156.06185596132508
540 100.9750494147405 154.36024137939015
541 100.9750494147405 157.3917785088209
542 100.9750494147405 158.58186641878848
543 100.9750494147405 159.5287097079732
544 100.9750494147405 157.64676521325165
545 100.9750494147405 156.0607014845681
546 100.9750494147405 157.7890757328063
547 100.9750494147405 155.64318558548806
548 100.9750494147405 155.01463603547703
549 100.9750494147405 157.3804369147878
550 100.9750494147405 155.0290435920537
551 100.9750494147405 158.34248744127126
552 100.9750494147405 158.81775579505128
553 100.95873964328237 157.89244874479712
554 100.95873964328237 160.07665845057699
555 100.95873964328237 159.96968383037722
556 100.95873964328237 156.3070524801517
557 100.95873964328237 156.025173354033
558 100.95873964328237 157.35755669110492
559 100.95873964328237 160.9349267836283
560 100.95873964328237 161.57774131829444
561 100.95873964328237 159.9294524393286
562 100.95873964328237 161.54587228427252
563 100.95873964328237 162.45935591529272
564 100.95873964328237 160.59982927177813
565 100.95873964328237 162.19104090412804
566 100.95873964328237 162.79734461359806
567 100.95873964328237 161.4518957779346
568 100.95873964328244 160.82120774448302
569 100.95873964328244 161.3133294669159
570 100.95873964328244 160.27705989223583
571 100.95873964328244 161.8431708358267
572 100.95873964328244 157.06740443582717
573 100.95873964328244 156.25539535813436
574 100.95873964328244 156.22660205402101
575 100.95873964328244 160.3290770576262
576 100.95873964328244 159.7744476788471
577 100.95873964328244 160.5642523865693
578 100.95873964328244 161.73893406295628
579 100.95873964328244 157.71059142656878
580 100.95873964328244 160.20459520063224
581 100.95873964328244 157.83141808241137
582 100.95873964328244 159.06526559902895
583 100.95873964328244 157.3406714712205
584 100.95873964328244 156.17812757795613
585 100.95873964328244 157.0836746188662
586 100.95873964328244 156.22967585843898
587 100.95873964328244 154.91668595237877
588 100.95873964328244 157.35597308711945
589 100.95873964328244 157.64919017258714
590 100.95873964328244 155.32889214763154
591 100.95873964328244 154.56555070331908
592 100.95873964328244 152.96310522433657
593 100.95873964328244 153.86475390883143
594 100.95873964328244 152.4194085387033
595 100.95873964328244 152.70049656212788
596 100.95873964328244 155.40728778348725
597 100.95873964328244 156.66877348049545
598 100.95873964328244 157.24531181571064
599 100.95873964328244 157.1215144596614
600 100.95873964328244 160.47305459791656
601 100.85262279147813 163.02968083314832
602 100.85262279147813 163.44795142510486
603 100.85262279147813 160.8982153207433
604 100.85262279147813 161.94660933586
605 100.85262279147813 160.95624767959052
606 100.85262279147813 158.19254310660975
607 100.85262279147813 157.69516708368405
608 100.85262279147813 154.54681544973596
609 100.85262279147813 156.56155427005373
610 100.85262279147813 159.8547988437161
611 100.85262279147813 162.36176742899113
612 100.85262279147813 161.7657000832799
613 100.85262279147813 164.8355952193457
614 100.85262279147813 165.629920691483
615 100.85262279147813 166.1871635552476
616 100.85262279147813 167.34860106727524
617 100.85262279147813 166.8870036809206
618 100.85262279147813 168.55381094870344
619 100.85262279147813 167.97279216424664
620 100.85262279147813 167.27085936158682
621 100.85262279147813 168.69790658548663
622 100.85262279147813 167.74565905130336
623 100.85262279147813 164.29557242569584
624 100.85262279147813 167.00230189080878
625 100.85262279147813 164.97609852917194
626 100.85262279147813 162.36183141888864
627 100.85262279147813 160.4474808418403
628 100.85262279147813 161.96317662099963
629 100.85262279147813 166.9002103935235
630 100.85262279147813 166.50145293061465
631 100.85262279147813 170.28631713062788
632 100.85262279147813 174.6736452613885
633 100.85262279147813 179.60116442521496
634 100.85262279147813 178.92763735852438
635 100.85262279147813 180.8396023909575
636 100.85262279147813 178.9867494777551
637 100.85262279147813 178.14260391670766
638 100.85262279147813 179.24257180076992
639 100.85262279147813 176.28085551211657
640 100.85262279147813 176.94843240721235
641 100.85262279147813 176.33790765649354
642 100.55780384656998 173.1040196786722
643 100.55780384656998 169.19085265024876
644 100.55780384656998 169.29761155927818
645 100.55780384656998 165.82969672681628
646 100.55780384656998 163.9747534199298
647 100.55780384656998 169.30502302069965
648 100.55780384656998 170.5225687157686
649 99.59197911036989 168.51433676233933
650 99.59197911036989 169.3933607327152
651 99.59197911036989 170.54108210887233
652 99.59197911036989 169.22314494975154
653 99.59197911036989 168.48066225107573
654 99.59197911036989 165.02109620747876
655 99.59197911036989 163.86345227426017
656 99.59197911036989 161.8091975237778
657 99.59197911036989 165.6557159399207
658 99.59197911036989 166.34558236736132
659 99.59197911036989 164.76044302856138
660 99.23137830177794 164.51659192034396
661 99.23137830177794 160.91594932727628
662 99.23137830177794 160.40300010351427
663 99.23137830177794 158.09936530777733
664 99.23137830177794 152.87517872303727
665 99.23137830177794 146.90502918750903
666 99.23137830177794 149.381101851554
667 99.23137830177794 146.89040470231396
668 99.23137830177794 149.60324068630828
669 99.19790923820072 151.0118143997954
670 99.19790923820072 147.687898867242
671 99.19790923820072 147.51260498795907
672 99.19790923820072 148.93456676399032
673 99.19790923820072 146.69231238559897
674 99.19790923820072 147.83139742942979
675 99.19790923820072 146.46729100067685
676 99.19790923820072 145.35329581526952
677 99.19790923820072 145.576744265674
678 99.19790923820072 144.2259587733398
679 99.19790923820072 141.31559708324068
680 99.19790923820072 142.38121055218755
681 99.19790923820072 145.2529151731638
682 99.19790923820072 148.43297798028595
683 99.19790923820072 148.31768260204083
684 99.19790923820072 147.55134925822892
685 99.19790923820072 150.0171771274727
686 99.19790923820072 150.08592531075513
687 98.75234859469123 149.15499053456838
688 98.62755658939115 150.8861538298415
689 98.62755658939115 147.51393906474615
690 98.62755658939115 149.5605246732618
691 98.62755658939115 148.73823704442225
692 98.62755658939115 152.75254640989039
693 98.32828431618765 151.84061636369145
694 98.32828431618765 150.64587294064137
695 98.32828431618765 153.4561642910242
696 98.32826213954922 150.53233555914514
697 98.32826213954922 153.0741868927839
698 98.32826213954922 156.2881853757671
699 98.32826213954922 156.80589849950843
700 98.32826213954922 159.49694524499066
701 98.31972860875399 156.73069641792893
702 98.31972860875399 159.89913782113
703 98.31972860875399 160.24763914705375
704 98.31972860875399 159.749113913662
705 98.31972860875399 160.7418908172147
706 98.31972860875399 162.06378711047282
707 98.31972860875399 160.72177941909746
708 98.31972860875399 162.52110628032707
709 98.31972860875399 162.12909218445165
710 96.98765974847191 158.54334713410492
711 96.98765974847191 157.52744997672326
712 96.98765974847191 160.61060202732685
713 96.98765974847191 156.90652485139782
714 96.98765974847191 152.88055224710786
715 96.98765974847191 154.52282677667682
716 96.98765974847191 155.03118337456127
717 96.29514198048233 155.72738566668662
718 96.29514198048233 155.02026119836773
719 96.29514198048233 153.13625018318163
720 96.29514198048233 154.63110301342397
721 96.29514198048233 151.77881043364533
722 96.29514198048233 152.62510485547293
723 96.24755837707264 149.50986623925638
724 96.24755837707264 148.9667618313698
725 96.24755837707264 150.41492134672615
726 96.24755837707264 152.08568357760245
727 96.24755837707264 150.48953995660543
728 96.24755837707264 150.8855232043492
729 96.24755837707264 149.1243825708981
730 96.24755837707264 151.11876178274335
731 96.24755837707264 152.19612230490316
732 96.24755837707264 147.68883725498284
733 96.24755837707264 146.29205497236663
734 96.24755837707264 141.05138903006676
735 96.24755837707264 145.04758767885352
736 96.24755837707264 144.07034491589724
737 96.24755837707264 145.88696327989274
738 96.24755837707264 145.1904036489103
739 96.24755837707264 141.5598780146638
740 95.86135340917347 141.7304224766505
741 95.66302586688637 140.95696099877998
742 95.66302586688637 141.82849890136026
743 95.66302586688637 141.86988942971266
744 95.66302586688637 139.43485677571337
745 95.66302586688637 138.26560907494212
746 95.66302586688637 137.54185992375577
747 95.66302586688637 140.3020504525854
748 95.66302586688637 140.11357863671228
749 95.66302586688637 141.6864507599372
750 95.66302586688637 144.4135843543747
751 95.66302586688637 142.86458454627794
752 95.66302586688637 144.01076729630853
753 95.64990700858792 143.0161116437459
754 95.0058881870445 143.59166514175658
755 95.0058881870445 139.54326036210267
756 94.19910062921981 140.63665730198662
757 94.19910062921981 137.5011811979305
758 94.19910062921981 135.10757189913662
759 94.19910062921981 134.8768735213034
760 94.19910062921981 136.5845526423231
761 94.19910062921981 135.26455425357958
762 94.19910062921981 136.0508428081235
763 94.19910062921981 132.0651028135994
764 94.19910062921981 132.11850009869343
765 94.19910062921981 134.24418474094708
766 94.19910062921981 134.79036700684634
767 94.19910062921981 136.09033117184492
768 94.19910062921981 135.87481386919805
769 94.19910062921981 138.09616407212184
770 94.19910062921981 135.9027962693209
771 94.19910062921981 136.8731632316698
772 94.19910062921981 135.16596240454558
773 94.19910062921981 133.4740861226431
774 94.19910062921981 135.17908872848014
775 94.19910062921981 131.22141317702275
776 94.19910062921981 134.071112897207
777 92.9709269371919 131.43331302065718
778 92.7747607685896 129.68782812402705
779 92.7747607685896 133.81611247105258
780 92.7747607685896 131.52304147701167
781 92.7747607685896 132.3799838019018
782 92.7747607685896 128.99807149260545
783 92.7747607685896 129.18501774999584
784 92.7747607685896 126.27809038478178
785 92.7747607685896 125.8350981525256
786 92.7747607685896 122.86467291225054
787 92.7747607685896 124.01857293465376
788 92.7747607685896 121.71989273091528
789 92.7747607685896 122.81768058467884
790 92.25229094061449 125.33374495580809
791 92.25229094061449 124.88220401902694
792 92.25229094061449 125.34216419760018
793 92.25229094061449 124.45167643255976
794 92.25229094061449 124.56716518890661
795 92.25229094061449 123.45637400241381
796 92.24367262915261 124.03221507106915
797 92.24367262915261 124.35212957803132
798 92.24367262915261 126.11307407952843
799 92.24367262915261 130.79030909443537
800 92.24367262915261 129.89770893194677
801 92.24367262915261 130.61961594516075
802 92.24367262915261 130.90851788252286
803 92.24367262915261 127.92323408719544
804 92.24367262915261 128.19016524790058
805 92.24367262915261 126.91385370632523
806 92.24367262915261 127.50764928298487
807 92.24367262915261 129.35404795025363
808 92.24367262915261 128.6105971094775
809 92.24367262915261 129.00489110023588
810 92.24367262915261 130.7563543210015
811 92.24367262915261 130.550987794183
812 92.24367262915261 131.41040232997366
813 92.24367262915261 127.35603508825294
814 89.86463276764576 128.4105843473797
815 89.66556419031522 127.92233831236713
816 88.93050776005018 129.09419884958163
817 88.93050776005018 125.38429505847955
818 88.93050776005018 123.45236515773703
819 88.91263841572922 125.0735114068453
820 88.21752855494591 122.81988177342062
821 88.21752855494591 122.1541486344545
822 88.21752855494591 121.97417578473
823 88.21752855494591 120.95971335398393
824 88.21752855494591 118.78757564978113
825 88.21752855494591 122.24118022211502
826 88.21752855494591 120.33145225862681
827 87.25847377004328 120.07697674460819
828 87.25847377004328 121.66400037768099
829 87.25847377004328 120.61321353617113
830 87.25847377004328 117.92420952315317
831 87.25847377004328 118.48811540534736
832 87.25847377004328 119.13970669249085
833 87.25847377004328 118.80478014883505
834 87.25847377004328 119.86081784354656
835 87.25847377004328 119.5635287080857
836 87.25847377004328 117.87064320100795
837 87.25847377004328 118.48445503750467
838 87.25847377004328 117.9934258686342
839 87.25847377004328 118.37634932394567
840 87.25847377004328 118.48261566996749
841 87.25847377004328 116.71060006220291
842 87.25847377004328 116.4967493906276
843 87.25847377004328 116.09116502092945
844 87.25847377004328 116.83525289907226
845 87.25847377004328 115.08335751866521
846 87.25847377004328 118.41155992431935
847 87.25847377004328 117.84929654713974
848 87.25847377004328 114.59406497772825
849 86.73930011186582 113.54919840624478
850 86.73930011186582 113.17343923135059
851 86.73930011186582 112.83183195714574
852 86.73930011186582 111.05805630846201
853 86.73930011186582 109.13000967111807
854 86.73930011186582 105.29225100122358
855 86.73930011186582 105.85143290641705
856 86.73930011186582 108.05363011425764
857 86.73930011186582 109.87951493026894
858 86.73930011186582 113.16262095130969
859 86.73930011186582 113.56217387443607
860 86.73930011186582 110.87748792438936
861 86.73930011186582 111.53453867503161
862 86.73930011186582 114.99403320769035
863 86.73930011186582 113.72005614393926
864 86.73930011186582 111.89796570672466
865 86.73930011186582 110.50679973521989
866 86.73930011186582 113.07836852204873
867 86.62057706279266 113.62387480486272
868 86.62057706279266 112.3805360374947
869 86.62057706279266 114.48899785332225
870 86.62057706279266 112.52219818558143
871 86.62057706279266 112.2115990890463
872 86.62057706279266 110.54278091001387
873 86.62057706279266 110.15630400897776
874 86.62057706279266 110.93011217630394
875 86.62057706279266 109.05248108023676
876 86.62057706279266 110.01420139399889
877 86.317153203782 109.08639149160246
878 86.317153203782 109.11983080053875
879 86.317153203782 107.6255060966044
880 86.25321767831763 105.86920375568144
881 86.25321767831763 104.7993972178652
882 86.25321767831763 106.10976505674192
883 86.25321767831763 106.18806651577366
884 86.08077777075883 106.42322492050499
885 86.08077777075883 106.3816977480664
886 86.08077777075883 107.92797746165043
887 86.08077777075883 108.75540558798892
888 86.08077777075883 109.6279820267924
889 86.08077777075883 109.81590400930932
890 86.08077777075883 110.31357804238594
891 86.08077777075883 108.50989561504173
892 86.0801179453359 108.81124195906523
893 85.95718725024412 107.68950289112658
894 85.88810669186482 106.18826442792
895 85.88810669186482 103.69074166226146
896 85.88810669186482 106.80259818357885
897 85.88810669186482 105.56739155654076
898 85.81950120550705 105.42434937085577
899 85.81950120550705 104.38013228676313
900 85.81950120550705 103.44328599187875
901 85.81950120550705 105.84611723374896
902 85.81950120550705 106.9782257270086
903 85.8132018382792 108.22053404957373
904 85.8132018382792 114.54845895214899
905 85.8132018382792 112.32046201913987
906 85.51491960791788 114.72231489049625
907 85.51491960791788 113.49409582212915
908 85.51491960791788 114.18354972995047
909 85.51491960791788 112.79987683311865
910 85.51491960791788 115.76779286320115
911 85.51491960791788 115.36296651886134
912 85.51491960791788 115.96970188375626
913 85.51491960791788 113.98219083110169
914 85.51491960791788 111.20582872610547
915 85.51491960791788 111.56982972590028
916 85.51491960791788 113.36197668513634
917 85.51491960791788 112.56609182323793
918 85.51491960791788 112.02800246835332
919 85.51491960791788 115.18756005231322
920 85.51491960791788 116.57282308823386
921 85.51491960791788 113.3469470579426
922 85.51379535861747 114.78306903214435
923 85.51379535861747 115.31075039385553
924 85.51379535861747 112.32440963087329
925 85.51379535861747 113.5176566149275
926 85.24775270424803 113.12816945825898
927 85.24775270424803 111.22460447287659
928 85.24775270424803 113.13604233819461
929 85.24775270424803 112.86050014207099
930 85.24775270424803 112.73972869581038
931 85.24775270424803 114.04262005084404
932 85.24775270424803 110.69236760812333
933 85.08367699984029 112.53083913283388
934 85.08367699984029 112.3086126251577
935 85.08367699984029 110.23866980819429
936 85.08367699984029 110.82369883919183
937 85.08367699984029 113.17814567184418
938 85.08367699984029 112.09016566078907
939 85.08367699984029 113.49828664986624
940 85.08367699984029 110.69586459311574
941 85.08367699984029 111.26464224620304
942 85.04365927222959 110.63296797676954
943 85.04365927222976 112.3914898347045
944 85.04365927222976 115.11265528083048
945 85.04365927222976 114.05677073188578
946 85.04365927222976 115.39664849231218
947 85.04365927222976 112.84352746436622
948 85.04365927222976 115.28354155362784
949 85.04365927222976 118.66339134846227
950 85.04365927222976 119.9864253983546
951 85.04365927222976 117.1405064001132
952 85.04365927222976 120.41236387414062
953 85.04365927222976 122.24450532701492
954 85.04365927222976 124.14274659595199
955 85.04365927222976 121.80126098284113
956 85.04365927222976 121.77893491853489
957 85.04365927222976 122.75435910899242
958 85.04365927222976 119.88325984627117
959 85.04365927222976 122.942902505644
960 85.04365927222976 123.3646279926158
961 85.04365927222976 125.36029800556693
962 85.04365927222976 127.79917709547603
963 85.04365927222976 128.03498879418515
964 85.04365927222959 127.42804526201897
965 85.04365927222959 123.67252328917378
966 85.04365927222959 127.6729326103208
967 85.04365927222959 128.26441254679673
968 85.04365927222959 125.70400862929728
969 85.04365927222959 126.02293706589222
970 84.50032154405844 129.40707633360023
971 84.50032154405844 130.41379463134794
972 84.50032154405844 127.54246744378241
973 84.50032154405844 130.64149439170885
974 84.50032154405844 133.08746626400045
975 84.03311127046017 131.25839116237447
976 84.03311127046017 131.80481508098273
977 84.03311127046017 131.90592894681382
978 84.03311127046017 131.9484132954873
979 84.03311127046017 133.4622852355929
980 84.03311127046017 129.6462461018463
981 84.03311127046017 125.69955271157654
982 84.03311127046017 126.47985363958274
983 84.03311127046017 123.79947232395736
984 84.03311127046017 122.73141023602992
985 84.03311127046017 122.80566914357127
986 84.0288170593558 123.2505423957714
987 84.0288170593558 126.90045276602699
988 84.0288170593558 129.64626146817588
989 84.0288170593558 127.39396418954338
990 84.0288170593558 130.43657042614453
991 84.0288170593558 131.58889031978975
992 84.0288170593558 130.1584023905392
993 84.0288170593558 135.65584482301338
994 84.0288170593558 132.99310560465727
995 84.0288170593558 133.63587495166865
996 84.0288170593558 136.58037389445673
997 84.0288170593558 135.92973427263453
998 84.0288170593558 132.38148796921004
999 84.0288170593558 133.63351534548826
