# iteración mejor promedio
0 11769.004419023662 23977.43796589866
1 10134.031186507322 22580.29193245375
2 10065.746053371373 21621.64461757911
3 10065.746053371373 20354.655623643772
4 10065.746053371373 19146.57338443091
5 9682.31092318464 18709.443046634035
6 9533.194880503152 18194.34185237483
7 8737.027748017588 17528.476285781766
8 6625.9636051432135 16775.236325338017
9 6563.423609588277 15603.091792894154
10 6563.423609588277 14490.038787251737
11 5564.755251197224 14027.265967858399
12 4751.493229250568 12801.247592275995
13 4524.010214999818 12297.923387950792
14 4524.010214999818 11127.652526545862
15 4524.010214999818 10146.982404393999
16 3950.396875606457 9153.897187415392
17 3873.7325693557564 8662.954381455967
18 3575.7833604329817 8100.953047730477
19 3575.7833604329817 7308.166400601461
20 3439.69949678998 6587.392903093865
21 3439.69949678998 6154.172849518366
22 3113.4721906239 5942.286947380539
23 2828.5381731988964 5560.42152416115
24 2828.5381731988964 5567.904262918838
25 2828.5381731988964 5321.376322277708
26 2797.362828259001 5180.841717305835
27 2796.711825015068 5161.417650370644
28 2796.711825015068 4961.871301869264
29 2613.8755738841996 4846.532857902647
30 2613.8755738841996 4718.042379891404
31 2441.4347167582723 4594.3509644907435
32 2324.1128904780926 4192.908533632121
33 2211.033775819842 3952.244468190888
34 2074.4171823479833 3861.2978541882994
35 2074.4171823479833 3658.816265526857
36 1984.4404966711843 3553.8603195855376
37 1984.4404966711843 3509.6985413445695
38 1856.3915933557707 3414.267870352234
39 1814.8921261473456 3375.120699988558
40 1814.8921261473456 3281.9823730809667
41 1665.8786987906617 3093.591447853637
42 1561.1152199328462 2977.2314673657556
43 1430.4073851619908 2808.0501606399157
44 1430.4073851619908 2873.7731288580917
45 1430.4073851619908 2782.3320286785233
46 1430.4073851619908 2677.753170243705
47 1405.7442239859465 2564.867058759614
48 1252.9192932378846 2526.6543248187313
49 1252.9192932378846 2477.411563615919
50 1187.510531585562 2319.1491523342884
51 1187.510531585562 2269.988503408519
52 1088.5575937721292 2213.2703989852153
53 1079.2306474757895 2055.3609302666027
54 1099.5373442612165 2010.8603745468768
55 1068.1227847216146 1910.0455727370665
56 1068.1227847216146 1819.5776127151319
57 1068.1227847216146 1838.1239605575747
58 975.7776380863459 1758.7104963547038
59 975.7776380863459 1666.0072448744859
60 946.2895487163502 1570.5566654632366
61 908.3974191132952 1615.574367082122
62 899.8519532178502 1500.0643442903945
63 870.7899761829391 1503.235186599198
64 821.1251729953659 1488.7074216093329
65 819.7782351566827 1394.6016165225883
66 799.2788895073891 1404.3767988771256
67 770.8532260972169 1254.2644602954354
68 741.0848644633976 1231.074997634182
69 741.0848644633976 1150.5530842883434
70 741.0848644633976 1239.4563920948135
71 741.0848644633976 1161.2597557639226
72 741.0848644633976 1177.3671675737974
73 741.0848644633976 1139.2258823962516
74 741.0848644633976 1131.8636517218818
75 741.0848644633976 1157.7604247355475
76 741.0848644633976 1169.3022541750577
77 741.0848644633976 1088.8768646868239
78 741.0848644633976 1063.0917437977807
79 741.0848644633976 1053.2249642945853
80 741.0848644633976 1064.2571746403778
81 741.0848644633976 1065.6527500502716
82 741.0848644633976 1050.4120631987305
83 730.6658626354831 992.5680371562348
84 730.6658626354831 1015.8461578012771
85 719.6515658311181 979.9171187954084
86 714.4079049184649 987.8002916889188
87 706.9469347544887 988.0319309617748
88 706.1395360889584 1007.3487898901989
89 703.0816454280972 943.0415327552727
90 703.0816454280972 960.1160201000669
91 681.0703038803437 922.9885951007205
92 681.0703038803437 890.7003759732006
93 678.478027435473 894.3725572811293
94 678.478027435473 848.1428448127028
95 678.478027435473 911.3844569949911
96 678.478027435473 921.9386130519453
97 676.1593063049693 946.4143469934088
98 667.1978211479944 943.6708359845989
99 667.1978211479944 877.2580326318082
100 665.894334376205 876.0900523262694
101 665.894334376205 869.1520209036283
102 665.894334376205 848.7714115283561
103 665.894334376205 840.8872274581197
104 653.4708832704652 835.7223029761086
105 653.4708832704652 805.9493257221104
106 653.4708832704652 813.7080054639769
107 653.4708832704652 836.6439520099534
108 653.4708832704652 853.8322105126177
109 651.5269774766944 817.3974162915764
110 651.5269774766944 792.9203753662891
111 651.5269774766944 783.0255820954911
112 651.5269774766944 808.853565142171
113 651.5269774766944 839.5029189701219
114 651.5269774766944 782.2071024208426
115 651.5269774766944 791.7033167202155
116 650.2687361126574 767.6521180896078
117 650.2687361126574 784.6891988711873
118 650.2687361126574 805.4197939060317
119 650.2687361126574 786.1165723882165
120 649.6199225607005 786.5872699623268
121 649.6199225607005 789.5367843810175
122 647.9070964954016 831.5913223293942
123 644.3790240348943 773.0782220579634
124 644.3790240348943 823.0562309142002
125 644.3790240348943 849.8938804591178
126 644.3790240348943 849.4375836808451
127 636.7155520276249 803.4572715253399
128 636.7155520276249 814.0783323507266
129 636.7155520276249 782.9808161012417
130 636.7155520276249 796.7517055568513
131 634.4645947132651 762.350241835942
132 634.4645947132651 776.6747275863579
133 634.4645947132651 795.1125643271984
134 630.7058564358125 818.1096030643993
135 630.7058564358125 812.4772242696741
136 630.7058564358125 794.0919380407072
137 630.7058564358125 774.856689681295
138 630.7058564358125 796.1680289186153
139 630.7058564358125 794.8385575353999
140 630.7058564358125 792.4801341826028
141 630.7058564358125 761.4372336040287
142 630.7058564358125 765.6544189997899
143 630.7058564358125 770.4834186802426
144 630.7058564358125 791.6507371683824
145 630.7058564358125 804.128011106227
146 630.7058564358125 786.4019626207344
147 630.7058564358125 790.9533225161292
148 630.7058564358125 752.6626774871041
149 630.7058564358125 766.7555885652213
150 630.2702028029422 768.0027517736407
151 630.2702028029422 739.3741251465872
152 630.2702028029422 750.3856280784531
153 627.6940133239251 744.487031832384
154 627.6940133239251 734.502109331466
155 627.6940133239251 729.0537133856088
156 627.6940133239251 753.429165690326
157 627.6940133239251 759.1165731017131
158 627.6940133239251 731.4838648304084
159 627.54149441191 781.1085556510515
160 625.9516053003898 746.8031327961752
161 630.9474814153267 802.4979473261217
162 628.555475544219 772.9648292747739
163 628.555475544219 742.0940631826965
164 622.0757539735254 753.4122723411338
165 622.0757539735254 725.8842778582778
166 622.0757539735254 714.9000505067463
167 622.0757539735254 704.9650222491771
168 622.0757539735254 715.9869555047028
169 622.0757539735254 732.1838324986732
170 622.0757539735254 716.3081533631515
171 619.4256181244426 741.8325842083948
172 619.2257386566376 760.1650437134416
173 619.2257386566376 793.0645699066259
174 619.2257386566376 734.559656765434
175 619.2257386566376 739.7697373774262
176 619.2257386566376 720.4510377108138
177 619.2257386566376 736.6930455289937
178 619.2257386566376 771.1058639253741
179 619.2257386566376 767.752269185926
180 619.2257386566376 736.4910079556944
181 619.2257386566376 757.3652032803983
182 619.0206956325071 723.9561152343244
183 619.0206956325071 702.8574667176432
184 619.0206956325071 725.8763094283219
185 619.0206956325071 723.8528584434207
186 619.0206956325071 750.3551941100106
187 619.0206956325071 725.6461297704114
188 619.0206956325071 748.3401123377877
189 619.0206956325071 736.1946484706343
190 619.0206956325071 739.3390491454447
191 619.0206956325071 730.4279715847026
192 619.0206956325071 711.7011294887395
193 619.0206956325071 736.5853599563123
194 619.0206956325071 726.0867561562151
195 619.0206956325071 703.9163054680213
196 613.1954964381994 716.3274639407427
197 613.1954964381994 702.1892489251985
198 611.8105742056681 697.3707559457628
199 606.9232920364352 695.5689965053862
200 606.9232920364352 729.1300150497184
201 606.9232920364352 769.130795294156
202 606.6623717821388 700.0017585463138
203 606.6623717821388 745.3541333741492
204 606.6623717821388 744.298017573188
205 606.6623717821388 783.7410282244886
206 606.6623717821388 762.7098919505979
207 606.6623717821388 719.2725188084861
208 606.6606358528671 726.3992615626802
209 602.5811867987535 723.8936646609261
210 602.5811867987535 727.475604022482
211 595.5724808468278 707.051711306933
212 595.5724808468278 753.7655882973517
213 595.5724808468278 748.1972671627416
214 595.5724808468278 727.0267755400941
215 595.5724808468278 732.9259001902178
216 595.5724808468278 752.9688625910255
217 595.5724808468278 740.5095863043742
218 595.5724808468278 722.2007147334765
219 595.5724808468278 716.1486872958952
220 595.5724808468278 716.1517624756563
221 595.5724808468278 696.3421179500205
222 595.5724808468278 715.0337596581214
223 595.5724808468278 683.8757799989088
224 595.5724808468278 676.7282707613755
225 595.5724808468278 695.7788183688469
226 595.5724808468278 673.8934708888975
227 595.5724808468278 713.3173514802427
228 595.5724808468278 695.3633775701525
229 595.5724808468278 696.9556167462989
230 595.5724808468278 751.3963454875817
231 595.3776792389655 719.9004121340288
232 595.3776792389655 701.4899483114511
233 595.3776792389655 727.9123993973841
234 595.3776792389655 683.1659160627804
235 595.3776792389655 700.4867937165261
236 595.3776792389655 712.3110141549437
237 595.3776792389655 741.9527037206099
238 592.6672323562169 756.7172979542588
239 592.6672323562169 722.9483783918582
240 592.6672323562169 700.4993784433829
241 592.6672323562169 680.4681913330517
242 592.6672323562169 748.7494754664114
243 592.6672323562169 710.1093154870983
244 591.4211558425568 715.7777210059301
245 591.3795387629131 702.8168680703427
246 591.3795387629131 682.6262798926994
247 591.3795387629131 699.7181508611152
248 591.3795387629131 685.4517784151659
249 591.3795387629131 709.54504614569
250 591.3795387629131 695.4934839965474
251 591.3445942965645 681.8335150106373
252 590.1444767044859 670.9598924464142
253 590.1444767044859 672.7083665314188
254 590.1444767044859 686.7731856227429
255 589.800857186587 666.8507257042237
256 589.800857186587 677.4958082027172
257 589.4623638833675 674.2732459699636
258 589.4623638833675 661.5846412725978
259 589.4623638833675 649.4609001349922
260 584.7308316825222 633.0334632749008
261 584.7308316825222 667.4888163171964
262 584.7308316825222 646.2020861155687
263 584.7308316825222 632.2668578397296
264 584.7308316825222 629.6766261134461
265 584.7308316825222 654.9306283088056
266 584.1612659332876 633.3862447736092
267 584.1404348931342 654.5713080024466
268 584.1404348931342 661.689599309273
269 584.1404348931342 625.1494517738124
270 582.3202476201574 621.638368864464
271 582.3202476201574 619.3190002176049
272 582.3202476201574 641.1570620492865
273 582.3202476201574 632.1939814503731
274 582.3202476201574 639.4748695137714
275 582.3202476201574 659.3853042498944
276 582.3202476201574 657.6474815154793
277 582.2854085285702 666.3096446639794
278 582.2854085285702 666.2200623308455
279 582.2854085285702 652.7021660459222
280 582.2854085285702 626.5546151484535
281 582.2854085285702 639.5104725778938
282 582.2854085285702 641.1817147239627
283 582.2854085285702 690.2479006504781
284 582.2854085285702 635.9011218291171
285 582.2854085285702 633.1623226989296
286 582.1755472010668 639.1120662669836
287 582.1755472010668 675.1276907924668
288 582.1665530642224 644.1066694334774
289 582.1665530642224 645.7622667674838
290 582.1665530642224 639.3750162504484
291 582.1665530642224 652.0180001001872
292 582.1665530642224 635.7024498432426
293 582.1665530642224 658.965398553798
294 582.1665530642224 666.3374892587427
295 582.1665530642224 658.7110222824697
296 582.1665530642224 612.9159012091328
297 582.1665530642224 628.9670145404331
298 582.1662643497898 611.7044629009388
299 582.1662643497898 626.3575616902602
300 582.1662643497898 624.8739651319048
301 582.1662643497898 623.0420162069345
302 582.1662643497898 652.7180912000208
303 582.1662643497898 651.7226478576323
304 582.1662643497898 643.3429594138526
305 582.1577785662723 610.5784444284614
306 582.1577785662723 619.4717148640542
307 582.0558140508098 600.4420913310563
308 582.0558140508098 635.1858759373789
309 582.0558140508098 633.516721673345
310 582.0558140508098 678.5194328618459
311 582.0558140508098 673.3604413056347
312 582.0439531348367 659.3865689200051
313 582.0439531348367 657.6151374630483
314 582.0439531348367 655.0501193034228
315 582.0439531348367 634.165606185111
316 582.0439531348367 644.7962632178683
317 582.0439531348367 716.3244459234794
318 582.0439531348367 656.6680181349674
319 582.0439531348367 642.8124308018071
320 582.0439531348367 652.5045530977244
321 582.0439531348367 624.6176907995518
322 582.0439531348367 653.0630378648701
323 582.0439531348367 660.7844818202576
324 582.0439531348367 655.3883334540561
325 582.0439531348367 643.8135800329562
326 582.0439531348367 646.4846172247366
327 582.0439531348367 639.6945303857473
328 582.0393331718683 633.2996276402772
329 582.0393331718683 610.3195658338586
330 582.0393331718683 611.0032557151025
331 582.0393331718683 626.7517178277648
332 582.0393331718683 623.1409616680801
333 576.3758111612987 618.262738158493
334 576.3758111612987 622.0589771939041
335 576.3758111612987 637.4077313281437
336 576.3758111612987 636.425686191379
337 576.3758111612987 651.8090307993582
338 553.3350764853365 666.7968926615271
339 553.3350764853365 613.3698993272998
340 553.0746917832737 605.365261350829
341 552.7336176206261 613.8946386689189
342 552.7336176206261 613.4237614765323
343 549.1718723946093 645.7407862259743
344 548.8815127738046 639.5977689902087
345 548.8779030614292 621.3096264062591
346 545.7340267768185 621.5955568127697
347 544.7620596837069 608.2383280596537
348 544.7620596837069 632.5983157560281
349 539.0936388312246 611.4663645287219
350 539.0936388312246 623.1950591029552
351 539.0936388312246 636.1428246463756
352 539.0936388312246 610.451888618503
353 539.0936388312246 608.8381544134033
354 538.8521775207489 625.4279895270623
355 538.8521775207489 599.8313518074976
356 538.8521775207489 620.6562606251535
357 538.7446184610878 629.2419152077983
358 538.7446184610878 599.1096299728708
359 538.7446184610878 595.8206996777352
360 538.7446184610878 641.1370008860334
361 538.7446184610878 632.1828994078139
362 539.1123589960226 613.1092002378095
363 539.1123589960226 616.8167297223193
364 539.1123589960226 602.1934283476672
365 539.1123589960226 610.1362359313902
366 538.9214624375634 588.5976349399391
367 538.9210389724013 588.6055850738885
368 538.8223628116624 613.8008043081172
369 538.8223628116624 591.8512221491677
370 538.8215817673681 584.4955890315167
371 538.8215817673681 588.2663503866729
372 538.8215817673681 584.4322012453471
373 538.6743630562479 578.1755086220039
374 538.6743630562479 616.7871488854862
375 538.6743630562479 628.906669141058
376 538.6743630562479 607.1630805973832
377 538.6743630562479 639.6075394424458
378 538.6743630562479 566.5801009297925
379 538.6743630562479 610.5056974245323
380 538.6743630562479 626.3175816782614
381 538.6743630562479 582.2106454965476
382 538.5969260753485 585.1410065709146
383 538.5969260753485 582.6006913283242
384 538.5969260753485 575.9236388075742
385 538.5969260753485 599.3489920388388
386 538.5969260753485 658.026505726372
387 538.5969260753485 624.3989666979427
388 538.5969260753485 620.4033644998013
389 538.5969260753485 585.1844123236734
390 538.5969260753485 571.1053952805983
391 538.5969260753485 563.267161157453
392 538.5969260753485 600.35706874472
393 538.2893529940114 584.976162454528
394 538.2893529940114 621.129634959935
395 538.2893529940114 639.6840760558149
396 538.2893529940114 557.4415093602382
397 538.2893529940114 556.7364776208083
398 538.2893529940114 582.8574080420493
399 538.2893529940114 583.5001805810032
400 538.4480147925135 611.542331976773
401 538.2777932427207 568.8938568690728
402 538.2777932427207 567.0746087632583
403 538.0360507723632 572.3866538349665
404 538.0360507723632 584.9008682802322
405 538.0360507723632 555.8814951520795
406 538.0360507723632 573.2876952294139
407 538.0360507723632 555.0989985728457
408 538.0360507723632 590.7355220184139
409 538.0360507723632 565.2961632849928
410 538.0360507723632 564.7707528060595
411 538.0360507723632 565.1219883652391
412 538.0360507723632 584.5089597508176
413 538.0360507723632 584.3726307628418
414 538.0360507723632 554.4713771669678
415 538.0360507723632 581.8383635208247
416 538.0360507723632 573.0941867734128
417 538.0360507723632 565.7314938330519
418 538.0360507723632 585.8876349151026
419 538.0360507723632 581.3676494421014
420 537.8983988072539 568.6411106373757
421 537.5358269442 567.5529800453362
422 537.2271943193364 568.5107892588402
423 537.2271943193364 555.6400882261594
424 537.2271943193364 582.4914091428643
425 537.2271943193364 555.1962139917355
426 537.2271943193364 604.2965587941378
427 537.2271943193364 583.3066533884245
428 537.2271943193364 563.8423996541791
429 537.2271943193364 649.2875835321313
430 537.2271943193364 592.6277571221631
431 537.2271943193364 569.6568301183389
432 537.2271943193364 573.1167564472557
433 537.5893825257901 584.2436209932118
434 537.5893825257901 585.4265378709586
435 537.5893825257901 586.06502302906
436 537.5893825257901 613.9773368462817
437 537.5893825257901 580.0968703574046
438 537.5893825257901 560.4298017691677
439 537.5493181822679 567.6988826845912
440 537.3388689277222 567.6507756830674
441 537.3087583486746 604.0945970391267
442 537.3087583486746 621.9210343140232
443 537.3087583486746 585.7733793292631
444 537.2328549358677 587.6118711759376
445 537.0054043535337 576.1437310022261
446 537.0054043535337 583.479365250212
447 537.0054043535337 590.0361327038753
448 537.0054043535337 570.1124512520255
449 537.0012665369779 568.5688113561705
450 536.9333981387476 571.7311383314818
451 536.9333981387476 570.2825469957585
452 536.9333981387476 618.2591986848832
453 536.9333981387476 633.6805299591788
454 536.9333981387476 565.2421103919316
455 536.6306105546955 591.3331149912977
456 536.6306105546955 595.9884972636945
457 536.6306105546955 589.6249148093742
458 536.6306105546955 573.2521549671378
459 536.6306105546955 613.4969148655844
460 536.6053716121655 663.0596768828162
461 536.6053716121655 579.9627613348908
462 536.2978244298873 576.9744859940138
463 536.2978244298873 570.4665183351169
464 536.2978244298873 581.6053754799036
465 536.2978244298873 585.9390978431652
466 536.2978244298873 584.8239545640513
467 535.9534461492095 638.9087991375754
468 535.0647716879845 622.8993403732552
469 535.0647716879845 579.9236335865985
470 535.0647716879845 610.8556606095286
471 535.0647716879845 572.31779757174
472 535.0647716879845 620.6816832066298
473 535.0647716879845 571.9834298116066
474 535.0647716879845 570.6776048063729
475 535.0647716879845 581.595808192763
476 532.6709375593979 548.1024993048626
477 532.6709375593979 551.986805948688
478 532.6709375593979 552.1578443104786
479 532.6709375593979 553.0471857386938
480 535.5823884916709 574.2353298377863
481 535.5823884916709 589.4539549041626
482 535.5823884916709 588.8397735623885
483 535.5823884916709 571.943493140411
484 535.5823884916709 555.4923490467255
485 535.5823884916709 573.2568438947067
486 535.1580119150242 544.7755471381932
487 535.1580119150242 563.4009347584774
488 535.1580119150242 543.5549219507099
489 532.9077462705374 560.8598291175708
490 532.9077462705374 594.075684774162
491 532.9077462705374 584.3851046755876
492 532.9077462705374 566.170733181915
493 532.9077462705374 542.0573391064723
494 532.9077462705374 584.5703514041128
495 532.9077462705374 561.0866744985706
496 532.8520257730444 560.6841130379855
497 532.8263584575814 570.0722017531156
498 532.8263584575814 571.1436607246468
499 532.8263584575814 575.4536918715747
500 532.8263584575814 561.3375801508483
501 532.8263584575814 578.6702233841962
502 532.8263584575814 553.9042072343306
503 532.8263584575814 573.917968052111
504 532.8095899108415 572.7040905368061
505 532.8095899108415 560.0001465560472
506 532.8095899108415 596.6699524818209
507 532.8095899108415 610.195835623105
508 532.8095899108415 553.0929391349396
509 532.8095899108415 550.1350427246748
510 532.5802208949979 568.4501146373241
511 532.1934744742456 570.2036414955285
512 532.1934744742456 560.3758956661281
513 532.1934744742456 560.9713087325813
514 532.1934744742456 556.8933989507427
515 531.9930475599681 545.7223674053118
516 531.9930475599681 584.67631567687
517 531.9930475599681 591.9612213946516
518 531.9930475599681 588.6632667847946
519 531.9930475599681 561.9048004974306
520 531.9930475599681 578.1091876207335
521 531.9798012018715 591.245988856803
522 531.9798012018715 575.4941455681397
523 531.9798012018715 587.6347377289843
524 531.9798012018715 584.4524936768562
525 531.9120654479913 673.3881748659124
526 531.9120654479913 644.7242147825988
527 531.9120654479913 645.3329737374171
528 531.9120654479913 583.8302341937597
529 531.9120654479913 635.9163320498542
530 531.8777406553925 594.4493403391465
531 531.8754664641933 567.85839204296
532 531.8754664641933 630.9522407055802
533 531.6181096557448 571.023235087973
534 531.6181096557448 584.397733033446
535 531.6181096557448 581.2205123216162
536 531.6181096557448 566.2030313500854
537 531.6181096557448 579.26849669197
538 531.6181096557448 562.1922220660877
539 531.5594737796919 566.805761806216
540 531.5594737796919 555.722829312811
541 531.5594737796919 579.4443140650069
542 531.5594737796919 563.0420796167875
543 531.5594737796919 571.9829892367138
544 531.5594737796919 590.5776828193475
545 531.5594737796919 622.3321453052648
546 531.5594359946132 621.9423412292996
547 531.5594359946132 574.5124411170439
548 531.5594359946132 563.8014135831268
549 531.5594359946132 551.6807281437048
550 531.5594359946132 560.7888413137618
551 531.5594359946132 556.5582540807869
552 531.5594359946132 581.595504401676
553 531.5594359946132 554.444478573765
554 531.5558295578722 586.2907236954751
555 531.5558295578722 584.3716231968765
556 531.5558295578722 596.9899568301049
557 531.5558295578722 563.8655584934556
558 531.5558295578722 574.9020016846065
559 531.5558295578722 561.6979299385653
560 531.5558295578722 591.3190212578287
561 531.5558295578722 604.2987386812788
562 531.5558295578722 600.5956600854089
563 531.5558295578722 585.5182983957279
564 531.5558295578722 579.2838266219461
565 531.5558295578722 571.2017645044599
566 531.5558295578722 586.4253329174547
567 531.5558295578722 594.2758642826582
568 531.55579185142 579.2146818692624
569 531.55579185142 618.9361935065349
570 531.55579185142 562.062590428723
571 531.55579185142 562.3433337672623
572 531.55579185142 562.51035429539
573 531.55579185142 570.7961803285926
574 531.55579185142 572.1794120346636
575 531.55579185142 560.8572397345856
576 531.55579185142 572.028085861779
577 531.55579185142 555.6614207889534
578 531.55579185142 558.5926664331638
579 531.55579185142 564.3221908596657
580 531.55579185142 551.6561481427942
581 531.55579185142 558.0899377707665
582 531.55579185142 567.5636326996381
583 531.55579185142 587.2009276805845
584 531.55579185142 541.8054239090633
585 531.55579185142 549.5263683355072
586 531.55579185142 588.3659499067148
587 531.55579185142 578.0465611659774
588 531.55579185142 564.2448836948489
589 531.55579185142 549.6126777935259
590 531.55579185142 557.7995564867056
591 531.55579185142 574.1344978099885
592 531.55579185142 621.3819214193504
593 531.55579185142 582.5776167414172
594 531.55579185142 612.1449423481957
595 531.55579185142 580.7487509895165
596 531.55579185142 584.3883761253793
597 531.55579185142 604.0978192188858
598 531.55579185142 561.3445157411205
599 531.55579185142 569.4061282913231
600 531.55579185142 549.9804470127825
601 531.555173928608 559.08249928986
602 531.555173928608 598.0864108096252
603 531.555173928608 580.9633093067505
604 531.4745542614199 568.6619624099328
605 531.4745542614199 547.9423737856154
606 531.4745542614199 564.4961330130358
607 531.4745542614199 585.001492708212
608 531.4745542614199 611.6609275198543
609 531.4745542614199 586.239569675324
610 531.4745542614199 579.5140996371892
611 531.4745542614199 561.2493172502702
612 531.4745542614199 551.2846385427115
613 531.4745542614199 553.8529729640253
614 531.4745542614199 577.1831401992451
615 531.4745542614199 574.500611046385
616 531.4745542614199 580.7623449692001
617 531.4745542614199 580.5967831681342
618 531.4745542614199 572.2623765417028
619 531.4745542614199 552.856422275832
620 531.4636823846606 561.4553281188121
621 531.4636823846606 544.3590721073977
622 531.4316413056251 538.1039191726289
623 531.4316413056251 572.9850769574706
624 531.4316413056251 556.3565252857848
625 531.4316413056251 546.0112522449712
626 531.4316413056251 537.864284863583
627 531.4316413056251 555.8156326068377
628 531.4316413056251 565.3795275296648
629 531.4316413056251 555.4821046688509
630 531.4316413056251 555.1094565406066
631 531.4316413056251 576.0284393707717
632 531.4316413056251 536.1376552840662
633 531.426092702248 554.2456815144849
634 531.426092702248 590.1509489069034
635 531.426092702248 569.4087599805362
636 531.426092702248 583.3007308220967
637 531.426092702248 567.3500474706384
638 531.426092702248 574.4799879225867
639 531.426092702248 592.6825407540163
640 531.426092702248 574.9270522911468
641 531.426092702248 569.1066160268592
642 531.426092702248 583.360430555462
643 531.426092702248 569.3716822670564
644 531.426092702248 574.3295592705507
645 531.420216575144 582.5102224853849
646 530.6231188791064 581.8843530446334
647 530.6231188791064 551.0945987962787
648 530.6231188791064 557.2043339812836
649 530.6231188791064 583.7071347858559
650 530.6231188791064 606.1630764309226
651 530.6231188791064 539.3858972619579
652 530.6231188791064 535.8274580414637
653 530.6231188791064 546.0807082707162
654 530.6231188791064 587.9201633397568
655 530.6231188791064 575.380910578682
656 530.6231188791064 577.3110337102601
657 530.6231188791064 619.7754094447976
658 530.6231188791064 591.7409934209659
659 530.6231188791064 562.6621450062413
660 530.6231188791064 573.6319379897924
661 530.6231188791064 576.9505900403126
662 528.6734682163938 575.5399341355877
663 528.6734682163938 554.0935212335215
664 528.6734682163938 560.4424460364924
665 528.448891327345 587.8355823818674
666 528.2926541037705 579.892402392859
667 525.4648378278159 571.7582347377073
668 520.9519832057755 569.1110517177184
669 520.9519832057755 563.3287794851273
670 520.9038455711295 620.6562953913404
671 520.9038455711295 581.419132877933
672 520.9038455711295 538.9151216145689
673 520.9038455711295 540.6356022813233
674 520.9038455711295 574.04054939109
675 520.9038455711295 556.0702036414905
676 520.9038455711295 597.0164213672297
677 520.9038455711295 588.6514767705055
678 520.9038455711295 608.0801653869656
679 520.9038455711295 582.7631072895779
680 520.9038455711295 569.3085893453799
681 520.2144892792656 612.6867048121097
682 520.2144892792656 588.879643747818
683 520.1716885787636 590.1898807462793
684 520.1716885787636 561.8768773509979
685 520.1300592677698 579.3922945498988
686 520.1300592677698 565.7543616706471
687 520.1300592677698 581.8678967113368
688 520.1300592677698 557.2899195555852
689 520.1300592677698 582.385925334767
690 520.1300592677698 568.1946378352792
691 520.1300592677698 560.71007326975
692 520.1300592677698 552.1198538984428
693 520.1300592677698 550.9481966429862
694 520.1223617279882 547.6536346526341
695 520.1223617279882 558.0467881171417
696 520.1223617279882 596.2843290119689
697 520.1223617279882 594.4852394556656
698 520.1223617279882 551.1472367761089
699 520.1119917965135 551.3698462196007
700 520.1119917965135 550.5364158522798
701 520.1119917965135 575.8498689410943
702 520.1119917965135 547.6248954085862
703 520.111977443597 572.7786250514614
704 519.0850863528547 576.6782490528598
705 519.0850863528547 601.0397627667097
706 518.2590698217742 565.0108235347284
707 518.2590698217742 558.480517091423
708 518.2590698217742 556.2847062513863
709 518.2590698217742 543.3369230006626
710 518.2590698217742 571.0427210546618
711 518.2590698217742 569.0310852550217
712 518.2590698217742 551.802118786793
713 518.2590698217742 581.3388401470672
714 518.2590698217742 544.4552695032281
715 518.2384397393291 554.973975560686
716 518.2384397393291 553.1184601461276
717 518.2384397393291 572.9919359254467
718 518.2384397393291 580.2227446050819
719 518.2384397393291 562.6072917096656
720 518.2384397393291 613.6935097255895
721 518.2384397393291 557.0674650736886
722 518.4186262340321 567.3579525529121
723 518.4186262340321 541.1946921943965
724 518.1787076208284 540.4814543836479
725 518.1787076208284 568.1372337624836
726 518.1787076208284 558.7406883617437
727 518.1787076208284 558.8553044428015
728 518.1787076208284 541.453149689257
729 518.1785947356731 532.4800829391762
730 518.1785947356731 559.5241615589622
731 518.1785947356731 559.9491312090887
732 518.1785947356731 551.3910007185292
733 518.1785947356731 569.9516926105986
734 494.8444121452495 556.0647920021037
735 494.8444121452495 590.5659293280562
736 494.06763169402905 589.5902439070104
737 494.03542634529435 562.6354145424319
738 490.19140849741876 554.0998463717841
739 490.19140849741876 585.5281282604888
740 490.19140849741876 542.9112936937689
741 490.19140849741876 542.9037157586487
742 490.19140849741876 579.8534649182398
743 490.0777035814622 572.0334716180705
744 490.0777035814622 564.4094109219758
745 490.0777035814622 563.8524847173302
746 490.0777035814622 575.6962689450729
747 490.0777035814622 535.789017113254
748 490.0777035814622 569.3799088389682
749 490.0777035814622 559.3571170631435
750 490.0777035814622 550.4998949578047
751 490.0739849672619 559.5718268176789
752 490.0739849672619 541.4686714097043
753 490.0739673047985 560.1562904973599
754 490.0739673047985 553.0873800507841
755 490.0739673047985 561.8896438042044
756 490.0739673047985 628.2329249986522
757 489.9959287555292 565.1560711242319
758 489.9959287555292 611.3097063967249
759 490.4913283571002 548.0888479361928
760 489.5273460319401 544.5473907959873
761 489.5273460319401 568.675461641007
762 489.47073067954943 556.745310317249
763 489.47073067954943 549.225349744595
764 489.47073067954943 546.3622211891302
765 489.47073067954943 545.7174669146874
766 489.1040528970285 544.4376163724341
767 489.1040528970285 546.9000634555679
768 489.1040528970285 544.085800468953
769 489.1040528970285 538.1161708411181
770 489.1040528970285 574.8958482109633
771 489.1040528970285 576.9202352012975
772 489.1040528970285 544.1082262667255
773 489.1040528970285 554.4252246042664
774 489.1040528970285 551.482138017385
775 489.1040528970285 564.5962938840191
776 489.1040528970285 585.7555168359271
777 489.1040528970285 528.5180170174731
778 489.1040528970285 557.4885089744103
779 489.1040528970285 566.427061929867
780 489.1040528970285 543.7214847821188
781 489.1040528970285 565.2556484263881
782 489.1040528970285 582.6027791013458
783 489.1040528970285 575.1527457081305
784 489.1040528970285 624.1089638006105
785 489.1040528970285 578.8157073251305
786 489.1040528970285 610.018492333875
787 489.1040528970285 589.7415034062957
788 489.1040528970285 554.2261630198745
789 489.1040528970285 566.6226469311732
790 489.1040528970285 568.4320444858793
791 489.1040528970285 536.1090900281205
792 489.1040528970285 553.0842374554248
793 489.1040528970285 563.7231194073272
794 489.0937194739732 541.6203928586477
795 489.0937194739732 528.4826503332852
796 489.0937194739732 564.1811920230354
797 489.0937194739732 545.4170813880245
798 489.0937194739732 597.9028360177015
799 489.0937194739732 521.1381876052347
800 488.9420392641469 519.6507602731278
801 487.1793120105394 510.3185772082875
802 487.1793120105394 529.2090957349126
803 487.1793120105394 528.3312742392416
804 487.1793120105394 514.7060764322865
805 487.1793120105394 571.3547925521625
806 487.179199125384 537.1343006261054
807 487.0970750613047 606.3518795237271
808 487.08447132906537 543.1435642460444
809 487.0026222515307 561.3371717629602
810 487.0026222515307 538.1161499136192
811 487.0026222515307 528.693494034066
812 487.0026222515307 510.9569103225611
813 487.0026222515307 546.4414607922272
814 487.0026222515307 531.0596641413264
815 486.39997709796086 546.3342510120259
816 486.39997709796086 557.859126058467
817 486.39997709796086 563.4721858004076
818 486.39997709796086 534.1931067977075
819 486.39997709796086 536.4435325043611
820 486.34374672615434 549.9306577724125
821 486.34374672615434 531.7267506804944
822 486.33916821036036 543.7373234332565
823 486.33916821036036 537.3074021060497
824 486.32618933096313 548.7762738711565
825 486.32618933096313 544.3548710975963
826 486.236996853676 522.7401961452244
827 486.236996853676 503.26423005230424
828 486.236996853676 510.4974601654205
829 486.12333173538013 509.81988978054085
830 486.12333173538013 528.8350491858598
831 486.12333173538013 513.8440483869691
832 486.12333173538013 544.7652348216034
833 486.12333173538013 555.8706628540175
834 486.12333173538013 551.085819587055
835 486.12333173538013 632.5624545341038
836 486.12333173538013 517.1796297415083
837 486.12333173538013 524.0631859169024
838 486.12333173538013 556.2173058972284
839 486.12333173538013 544.7542564238157
840 486.12333173538013 530.9313389124273
841 485.64749637044616 522.3399438705146
842 485.64749637044616 503.86638907171846
843 485.6460034920918 537.6948499232974
844 485.6460034920918 593.5208260523177
845 485.6460034920918 542.3436438454409
846 485.6460034920918 546.8522784649386
847 485.6460034920918 517.4153437656847
848 485.6460034920918 518.1968229724455
849 485.6460034920918 536.9689672994106
850 485.6458362840105 538.7404484615494
851 485.6458362840105 524.9021025706636
852 485.6458362840105 509.7218384453327
853 485.6458362840105 552.0449165780469
854 485.6458362840105 518.5492989558322
855 485.6458362840105 500.53258068980983
856 485.6456722009306 525.3127946487573
857 485.640050271623 512.8042096196031
858 485.640050271623 528.8445048734184
859 485.640050271623 500.27297203048346
860 485.640050271623 513.6802498025728
861 485.640050271623 532.7138937133795
862 485.640050271623 507.1886137051786
863 485.368334253836 513.11991030555
864 485.07334059342736 550.8428667028671
865 484.9722954647614 516.3016406464999
866 484.9722954647614 529.537878319067
867 484.8853097768686 553.016798198329
868 484.59805662959144 573.6477242827624
869 484.59805662959144 498.7063044222517
870 484.59805662959144 528.5780437256218
871 484.59805662959144 533.2223023314154
872 484.59805662959144 533.1430765658108
873 484.59805662959144 553.8234987330887
874 484.57198581051955 521.2205420683945
875 484.57198581051955 532.8657906124804
876 484.57198581051955 533.141813884533
877 484.57198581051955 519.3357362889067
878 484.57198581051955 515.7431366109428
879 484.57198581051955 528.1055918333262
880 484.57198581051955 551.3838141056278
881 484.57198581051955 511.57229155377894
882 484.46586459142804 523.2009999935104
883 484.46586459142804 570.7020965024823
884 484.4638446209204 524.2010953826672
885 484.4638446209204 526.1178451975017
886 484.4638446209204 511.84896686429335
887 484.4638446209204 525.2754821045096
888 484.45981879163855 543.5106843381841
889 484.45981879163855 561.2879246030108
890 484.45981879163855 531.1295856928552
891 484.4321741647944 514.6799526163105
892 484.4321741647944 521.4906978716288
893 484.43212421765077 518.7837416163966
894 484.43212421765077 545.3181245056487
895 484.43212421765077 556.3943785958126
896 484.43212421765077 569.0711375503272
897 484.43212421765077 508.8398841226993
898 484.43212421765077 502.6416845750119
899 484.43212421765077 506.2973400385508
900 484.43212421765077 506.53106334707036
901 484.43212421765077 509.07381876897824
902 484.43212421765077 553.6560924241363
903 484.43212421765077 538.7780005041582
904 484.43212421765077 506.36854942685807
905 484.43212421765077 491.556918370184
906 484.43212421765077 489.79168504234275
907 484.43212421765077 523.1139182787659
908 484.43212421765077 539.5487687054418
909 484.43212421765077 533.4118570811947
910 484.42192644430355 515.7998610845153
911 484.42192644430355 516.5462101678838
912 484.41587936359866 531.7269463982485
913 484.41587936359866 531.8907360236071
914 484.41587936359866 540.4745586673222
915 484.41587936359866 529.6018838702337
916 484.41575845066467 520.0557196354871
917 484.41575845066467 501.75451542779797
918 484.41575845066467 522.4606524384909
919 484.2934003538604 532.5351959185505
920 484.28498800144985 527.028393703939
921 484.28498800144985 548.8298713453062
922 484.28498800144985 520.2131761705555
923 484.28498800144985 509.6542077766903
924 484.2693392127272 529.0189980249437
925 484.2693392127272 564.0107480590801
926 484.2693392127272 523.65454925239
927 484.2693392127272 513.4471129400966
928 484.2693392127272 568.9064774504991
929 484.2693392127272 521.7221577363266
930 484.2693392127272 528.1998251960739
931 484.2693392127272 523.3695885313917
932 484.2693392127272 514.1031182533078
933 484.2693392127272 496.8242237476311
934 484.2693392127272 505.59106665488275
935 484.2693392127272 499.19193491557917
936 484.2693392127272 489.96748073625946
937 484.2693392127272 530.5931292947521
938 484.2693392127272 567.5005597813347
939 484.2693392127272 548.1968823068446
940 484.2693392127272 562.157724957764
941 484.2693392127272 525.0066363618465
942 484.2693392127272 516.911878254544
943 484.2693392127272 510.3852516512323
944 484.2693392127272 516.6650144697333
945 484.2693392127272 541.8857569964606
946 484.2693392127272 511.411091642573
947 484.2693392127272 515.2510467086507
948 484.2693392127272 511.0228055527272
949 484.2693392127272 521.7371161824904
950 484.2693392127272 609.8731900022541
951 484.2693392127272 538.7778251740388
952 484.2693392127272 534.7987602116207
953 484.2693392127272 537.053784037233
954 484.2693392127272 523.9613513776353
955 484.2693392127272 535.3779010735684
956 484.2693392127272 519.3000041990448
957 484.2693392127272 528.5248959638857
958 484.25511377572315 540.0282806983311
959 484.25511377572315 573.0841244733491
960 484.0439308266706 511.93364007239535
961 484.04390297361374 506.94491641059795
962 484.04390297361374 516.9331521358923
963 484.04390297361374 491.59549720509426
964 484.04390297361374 499.0407362098789
965 484.04390297361374 489.83466035275546
966 484.04390297361374 523.0000728532673
967 484.04390297361374 516.8664360698714
968 484.04390297361374 514.0666921341935
969 484.04390297361374 523.8824692531628
970 484.04390297361374 499.91303873826024
971 484.04390297361374 523.5648871579909
972 484.04390297361374 529.2914784981226
973 484.0251417706503 498.4025372635739
974 484.0251417706503 507.48693617186944
975 484.0251417706503 496.992741873213
976 484.0251417706503 504.1000049879149
977 484.0251417706503 538.0918709029199
978 484.0251417706503 509.2164559743036
979 484.0251417706503 585.1120831476856
980 484.0251417706503 495.298086839673
981 484.0251417706503 506.2569087303003
982 484.0251417706503 495.01808514174263
983 484.0251417706503 495.9077162710041
984 484.0251417706503 519.9782263069084
985 484.0251417706503 503.3098989040128
986 484.0251417706503 520.3349459112859
987 484.0251417706503 488.92895862201823
988 484.0251417706503 496.29129773241084
989 484.0251417706503 489.3641071763297
990 484.0251417706503 497.81093687847095
991 484.0251417706503 498.7750224261446
992 484.0251417706503 508.3478525878107
993 484.0251417706503 507.0587999699993
994 484.0251417706503 510.8075628209333
995 484.0251417706503 529.0664858199408
996 484.0251417706503 502.56209301466913
997 484.0251417706503 524.7593103104218
998 484.0251417706503 503.80340230964015
999 484.0131657108843 508.3534607040432
