# iteración mejor promedio
0 33.79501898166952 89.29179817536922
1 33.79501898166952 89.29179817536922
2 33.79501898166952 89.29179817536922
3 33.79501898166952 89.29179817536922
4 33.79501898166952 89.29179817536922
5 33.79501898166952 89.29179817536922
6 33.79501898166952 89.29179817536922
7 33.79501898166952 89.29179817536922
8 33.79501898166952 89.29179817536922
9 33.79501898166952 89.29179817536922
10 33.79501898166952 89.29179817536922
11 33.79501898166952 89.29179817536922
12 33.79501898166952 89.29179817536922
13 33.79501898166952 89.29179817536922
14 33.79501898166952 89.29179817536922
15 33.79501898166952 89.29179817536922
16 33.79501898166952 89.29179817536922
17 33.79501898166952 89.29179817536922
18 33.79501898166952 89.29179817536922
19 33.79501898166952 89.29179817536922
20 33.79501898166952 89.29179817536922
21 33.79501898166952 89.29179817536922
22 33.79501898166952 89.29179817536922
23 33.79501898166952 89.29179817536922
24 33.79501898166952 89.29179817536922
25 33.79501898166952 89.29179817536922
26 33.79501898166952 89.29179817536922
27 33.7950189816695 89.29179817536922
28 33.7950189816695 89.29179817536922
29 33.7950189816695 89.29179817536922
30 33.7950189816695 89.29179817536922
31 33.7950189816695 89.29179817536922
32 33.7950189816695 89.29179817536922
33 33.7950189816695 89.29179817536922
34 33.7950189816695 89.29179817536922
35 33.7950189816695 89.29179817536922
36 33.7950189816695 89.29179817536922
37 33.7950189816695 89.29179817536922
38 33.7950189816695 89.29179817536922
39 33.7950189816695 89.29179817536922
40 33.7950189816695 89.29179817536922
41 33.7950189816695 89.29179817536922
42 33.7950189816695 89.29179817536922
43 33.7950189816695 89.29179817536922
44 33.7950189816695 89.29179817536922
45 33.7950189816695 89.29179817536922
46 33.7950189816695 89.29179817536922
47 33.7950189816695 89.29179817536922
48 33.7950189816695 89.29179817536922
49 33.7950189816695 89.29179817536922
50 33.7950189816695 89.29179817536922
51 33.7950189816695 89.29179817536922
52 33.79501898166952 89.29179817536922
53 33.79501898166952 89.29179817536922
54 33.79501898166952 89.29179817536922
55 33.79501898166952 89.29179817536922
56 33.79501898166952 89.29179817536922
57 33.79501898166952 89.29179817536922
58 33.79501898166952 89.29179817536922
59 33.79501898166952 89.29179817536922
60 33.79501898166952 89.29179817536922
61 33.79501898166952 89.29179817536922
62 33.79501898166952 89.29179817536922
63 33.79501898166952 89.29179817536922
64 33.79501898166952 89.29179817536922
65 33.79501898166952 89.29179817536922
66 33.79501898166952 89.29179817536922
67 33.79501898166952 89.29179817536922
68 33.79501898166952 89.29179817536922
69 33.79501898166952 89.29179817536922
70 33.79501898166952 89.29179817536922
71 33.79501898166952 89.29179817536922
72 33.79501898166952 89.29179817536922
73 33.79501898166952 89.29179817536922
74 33.79501898166952 89.29179817536922
75 33.79501898166952 89.29179817536922
76 33.79501898166952 89.29179817536922
77 33.79501898166952 89.29179817536922
78 33.79501898166952 89.29179817536922
79 33.79501898166952 89.29179817536922
80 33.79501898166952 89.29179817536922
81 33.79501898166952 89.29179817536922
82 33.79501898166952 89.29179817536922
83 33.79501898166952 89.29179817536922
84 33.79501898166952 89.29179817536922
85 33.79501898166952 89.29179817536922
86 33.79501898166952 89.29179817536922
87 33.79501898166952 89.29179817536922
88 33.79501898166952 89.29179817536922
89 33.79501898166952 89.29179817536922
90 33.79501898166952 89.29179817536922
91 33.79501898166952 89.29179817536922
92 33.7950189816695 89.29179817536922
93 33.7950189816695 89.29179817536922
94 33.7950189816695 89.29179817536922
95 33.7950189816695 89.29179817536922
96 33.7950189816695 89.29179817536922
97 33.7950189816695 89.29179817536922
98 33.7950189816695 89.29179817536922
99 33.7950189816695 89.29179817536922
100 33.7950189816695 89.29179817536922
101 33.7950189816695 89.29179817536922
102 33.7950189816695 89.29179817536922
103 33.7950189816695 89.29179817536922
104 33.7950189816695 89.29179817536922
105 33.7950189816695 89.29179817536922
106 33.7950189816695 89.29179817536922
107 33.7950189816695 89.29179817536922
108 33.7950189816695 89.29179817536922
109 33.7950189816695 89.29179817536922
110 33.7950189816695 89.29179817536922
111 33.7950189816695 89.29179817536922
112 33.7950189816695 89.29179817536922
113 33.7950189816695 89.29179817536922
114 33.7950189816695 89.29179817536922
115 33.7950189816695 89.29179817536922
116 33.7950189816695 89.29179817536922
117 33.7950189816695 89.29179817536922
118 33.7950189816695 89.29179817536922
119 33.7950189816695 89.29179817536922
120 33.7950189816695 89.29179817536922
121 33.7950189816695 89.29179817536922
122 33.7950189816695 89.29179817536922
123 33.7950189816695 89.29179817536922
124 33.7950189816695 89.29179817536922
125 33.7950189816695 89.29179817536922
126 33.7950189816695 89.29179817536922
127 33.7950189816695 89.29179817536922
128 33.7950189816695 89.29179817536922
129 33.7950189816695 89.29179817536922
130 33.7950189816695 89.29179817536922
131 33.7950189816695 89.29179817536922
132 33.7950189816695 89.29179817536922
133 33.7950189816695 89.29179817536922
134 33.7950189816695 89.29179817536922
135 33.7950189816695 89.29179817536922
136 33.7950189816695 89.29179817536922
137 33.7950189816695 89.29179817536922
138 33.7950189816695 89.29179817536922
139 33.7950189816695 89.29179817536922
140 33.7950189816695 89.29179817536922
141 33.7950189816695 89.29179817536922
142 33.7950189816695 89.29179817536922
143 33.7950189816695 89.29179817536922
144 33.7950189816695 89.29179817536922
145 33.7950189816695 89.29179817536922
146 33.7950189816695 89.29179817536922
147 33.7950189816695 89.29179817536922
148 33.7950189816695 89.29179817536922
149 33.7950189816695 89.29179817536922
150 33.7950189816695 89.29179817536922
151 33.7950189816695 89.29179817536922
152 33.7950189816695 89.29179817536922
153 33.7950189816695 89.29179817536922
154 33.7950189816695 89.29179817536922
155 33.7950189816695 89.29179817536922
156 33.7950189816695 89.29179817536922
157 33.7950189816695 89.29179817536922
158 33.79501898166952 89.29179817536922
159 33.79501898166952 89.29179817536922
160 33.79501898166952 89.29179817536922
161 33.79501898166952 89.29179817536922
162 33.79501898166952 89.29179817536922
163 33.79501898166952 89.29179817536922
164 33.79501898166952 89.29179817536922
165 33.79501898166952 89.29179817536922
166 33.79501898166952 89.29179817536922
167 33.79501898166952 89.29179817536922
168 33.79501898166952 89.29179817536922
169 33.79501898166952 89.29179817536922
170 33.79501898166952 89.29179817536922
171 33.79501898166952 89.29179817536922
172 33.79501898166952 89.29179817536922
173 33.79501898166952 89.29179817536922
174 33.79501898166952 89.29179817536922
175 33.79501898166952 89.29179817536922
176 33.79501898166952 89.29179817536922
177 33.79501898166952 89.29179817536922
178 33.79501898166952 89.29179817536922
179 33.79501898166952 89.29179817536922
180 33.79501898166952 89.29179817536922
181 33.79501898166952 89.29179817536922
182 33.79501898166952 89.29179817536922
183 33.79501898166952 89.29179817536922
184 33.79501898166952 89.29179817536922
185 33.79501898166952 89.29179817536922
186 33.79501898166952 89.29179817536922
187 33.79501898166952 89.29179817536922
188 33.79501898166952 89.29179817536922
189 33.79501898166952 89.29179817536922
190 33.79501898166952 89.29179817536922
191 33.79501898166952 89.29179817536922
192 33.79501898166952 89.29179817536922
193 33.79501898166952 89.29179817536922
194 33.79501898166952 89.29179817536922
195 33.79501898166952 89.29179817536922
196 33.79501898166952 89.29179817536922
197 33.79501898166952 89.29179817536922
198 33.79501898166952 89.29179817536922
199 33.79501898166952 89.29179817536922
200 33.79501898166952 89.29179817536922
201 33.79501898166952 89.29179817536922
202 33.79501898166952 89.29179817536922
203 33.79501898166952 89.29179817536922
204 33.79501898166952 89.29179817536922
205 33.79501898166952 89.29179817536922
206 33.79501898166952 89.29179817536922
207 33.79501898166952 89.29179817536922
208 33.79501898166952 89.29179817536922
209 33.79501898166952 89.29179817536922
210 33.79501898166952 89.29179817536922
211 33.79501898166952 89.29179817536922
212 33.79501898166952 89.29179817536922
213 33.79501898166952 89.29179817536922
214 33.79501898166952 89.29179817536922
215 33.79501898166952 89.29179817536922
216 33.79501898166952 89.29179817536922
217 33.79501898166952 89.29179817536922
218 33.79501898166952 89.29179817536922
219 33.79501898166952 89.29179817536922
220 33.79501898166952 89.29179817536922
221 33.79501898166952 89.29179817536922
222 33.79501898166952 89.29179817536922
223 33.79501898166952 89.29179817536922
224 33.79501898166952 89.29179817536922
225 33.79501898166952 89.29179817536922
226 33.79501898166952 89.29179817536922
227 33.79501898166952 89.29179817536922
228 33.79501898166952 89.29179817536922
229 33.79501898166952 89.29179817536922
230 33.79501898166952 89.29179817536922
231 33.79501898166952 89.29179817536922
232 33.79501898166952 89.29179817536922
233 33.79501898166952 89.29179817536922
234 33.79501898166952 89.29179817536922
235 33.79501898166952 89.29179817536922
236 33.79501898166952 89.29179817536922
237 33.79501898166952 89.29179817536922
238 33.79501898166952 89.29179817536922
239 33.79501898166952 89.29179817536922
240 33.79501898166952 89.29179817536922
241 33.79501898166952 89.29179817536922
242 33.79501898166952 89.29179817536922
243 33.79501898166952 89.29179817536922
244 33.79501898166952 89.29179817536922
245 33.79501898166952 89.29179817536922
246 33.79501898166952 89.29179817536922
247 33.79501898166952 89.29179817536922
248 33.79501898166952 89.29179817536922
249 33.79501898166952 89.29179817536922
250 33.79501898166952 89.29179817536922
251 33.79501898166952 89.29179817536922
252 33.79501898166952 89.29179817536922
253 33.79501898166952 89.29179817536922
254 33.79501898166952 89.29179817536922
255 33.79501898166952 89.29179817536922
256 33.79501898166952 89.29179817536922
257 33.79501898166952 89.29179817536922
258 33.79501898166952 89.29179817536922
259 33.79501898166952 89.29179817536922
260 33.79501898166952 89.29179817536922
261 33.79501898166952 89.29179817536922
262 33.79501898166952 89.29179817536922
263 33.79501898166952 89.29179817536922
264 33.79501898166952 89.29179817536922
265 33.79501898166952 89.29179817536922
266 33.79501898166952 89.29179817536922
267 33.79501898166952 89.29179817536922
268 33.79501898166952 89.29179817536922
269 33.79501898166952 89.29179817536922
270 33.79501898166952 89.29179817536922
271 33.79501898166952 89.29179817536922
272 33.79501898166952 89.29179817536922
273 33.79501898166952 89.29179817536922
274 33.79501898166952 89.29179817536922
275 33.79501898166952 89.29179817536922
276 33.79501898166952 89.29179817536922
277 33.79501898166952 89.29179817536922
278 33.79501898166952 89.29179817536922
279 33.79501898166952 89.29179817536922
280 33.79501898166952 89.29179817536922
281 33.79501898166952 89.29179817536922
282 33.79501898166952 89.29179817536922
283 33.79501898166952 89.29179817536922
284 33.79501898166952 89.29179817536922
285 33.79501898166952 89.29179817536922
286 33.79501898166952 89.29179817536922
287 33.79501898166952 89.29179817536922
288 33.79501898166952 89.29179817536922
289 33.79501898166952 89.29179817536922
290 33.79501898166952 89.29179817536922
291 33.79501898166952 89.29179817536922
292 33.79501898166952 89.29179817536922
293 33.79501898166952 89.29179817536922
294 33.79501898166952 89.29179817536922
295 33.79501898166952 89.29179817536922
296 33.79501898166952 89.29179817536922
297 33.79501898166952 89.29179817536922
298 33.79501898166952 89.29179817536922
299 33.79501898166952 89.29179817536922
300 33.79501898166952 89.29179817536922
301 33.79501898166952 89.29179817536922
302 33.79501898166952 89.29179817536922
303 33.79501898166952 89.29179817536922
304 33.79501898166952 89.29179817536922
305 33.79501898166952 89.29179817536922
306 33.79501898166952 89.29179817536922
307 33.79501898166952 89.29179817536922
308 33.79501898166952 89.29179817536922
309 33.79501898166952 89.29179817536922
310 33.79501898166952 89.29179817536922
311 33.79501898166952 89.29179817536922
312 33.79501898166952 89.29179817536922
313 33.79501898166952 89.29179817536922
314 33.79501898166952 89.29179817536922
315 33.79501898166952 89.29179817536922
316 33.79501898166952 89.29179817536922
317 33.79501898166952 89.29179817536922
318 33.79501898166952 89.29179817536922
319 33.79501898166952 89.29179817536922
320 33.79501898166952 89.29179817536922
321 33.79501898166952 89.29179817536922
322 33.79501898166952 89.29179817536922
323 33.79501898166952 89.29179817536922
324 33.79501898166952 89.29179817536922
325 33.79501898166952 89.29179817536922
326 33.79501898166952 89.29179817536922
327 33.79501898166952 89.29179817536922
328 33.79501898166952 89.29179817536922
329 33.79501898166952 89.29179817536922
330 33.79501898166952 89.29179817536922
331 33.79501898166952 89.29179817536922
332 33.79501898166952 89.29179817536922
333 33.79501898166952 89.29179817536922
334 33.79501898166952 89.29179817536922
335 33.79501898166952 89.29179817536922
336 33.79501898166952 89.29179817536922
337 33.79501898166952 89.29179817536922
338 33.7950189816695 89.29179817536922
339 33.7950189816695 89.29179817536922
340 33.7950189816695 89.29179817536922
341 33.7950189816695 89.29179817536922
342 33.7950189816695 89.29179817536922
343 33.7950189816695 89.29179817536922
344 33.7950189816695 89.29179817536922
345 33.7950189816695 89.29179817536922
346 33.7950189816695 89.29179817536922
347 33.7950189816695 89.29179817536922
348 33.7950189816695 89.29179817536922
349 33.7950189816695 89.29179817536922
350 33.7950189816695 89.29179817536922
351 33.7950189816695 89.29179817536922
352 33.7950189816695 89.29179817536922
353 33.7950189816695 89.29179817536922
354 33.7950189816695 89.29179817536922
355 33.7950189816695 89.29179817536922
356 33.7950189816695 89.29179817536922
357 33.7950189816695 89.29179817536922
358 33.7950189816695 89.29179817536922
359 33.7950189816695 89.29179817536922
360 33.7950189816695 89.29179817536922
361 33.7950189816695 89.29179817536922
362 33.7950189816695 89.29179817536922
363 33.7950189816695 89.29179817536922
364 33.7950189816695 89.29179817536922
365 33.7950189816695 89.29179817536922
366 33.7950189816695 89.29179817536922
367 33.7950189816695 89.29179817536922
368 33.7950189816695 89.29179817536922
369 33.7950189816695 89.29179817536922
370 33.7950189816695 89.29179817536922
371 33.7950189816695 89.29179817536922
372 33.7950189816695 89.29179817536922
373 33.7950189816695 89.29179817536922
374 33.7950189816695 89.29179817536922
375 33.7950189816695 89.29179817536922
376 33.7950189816695 89.29179817536922
377 33.7950189816695 89.29179817536922
378 33.7950189816695 89.29179817536922
379 33.7950189816695 89.29179817536922
380 33.7950189816695 89.29179817536922
381 33.7950189816695 89.29179817536922
382 33.7950189816695 89.29179817536922
383 33.7950189816695 89.29179817536922
384 33.7950189816695 89.29179817536922
385 33.7950189816695 89.29179817536922
386 33.7950189816695 89.29179817536922
387 33.7950189816695 89.29179817536922
388 33.7950189816695 89.29179817536922
389 33.7950189816695 89.29179817536922
390 33.7950189816695 89.29179817536922
391 33.7950189816695 89.29179817536922
392 33.7950189816695 89.29179817536922
393 33.7950189816695 89.29179817536922
394 33.7950189816695 89.29179817536922
395 33.7950189816695 89.29179817536922
396 33.7950189816695 89.29179817536922
397 33.7950189816695 89.29179817536922
398 33.7950189816695 89.29179817536922
399 33.7950189816695 89.29179817536922
400 33.7950189816695 89.29179817536922
401 33.7950189816695 89.29179817536922
402 33.7950189816695 89.29179817536922
403 33.7950189816695 89.29179817536922
404 33.7950189816695 89.29179817536922
405 33.7950189816695 89.29179817536922
406 33.7950189816695 89.29179817536922
407 33.7950189816695 89.29179817536922
408 33.7950189816695 89.29179817536922
409 33.7950189816695 89.29179817536922
410 33.7950189816695 89.29179817536922
411 33.7950189816695 89.29179817536922
412 33.7950189816695 89.29179817536922
413 33.7950189816695 89.29179817536922
414 33.7950189816695 89.29179817536922
415 33.7950189816695 89.29179817536922
416 33.7950189816695 89.29179817536922
417 33.7950189816695 89.29179817536922
418 33.7950189816695 89.29179817536922
419 33.7950189816695 89.29179817536922
420 33.7950189816695 89.29179817536922
421 33.7950189816695 89.29179817536922
422 33.7950189816695 89.29179817536922
423 33.7950189816695 89.29179817536922
424 33.7950189816695 89.29179817536922
425 33.7950189816695 89.29179817536922
426 33.7950189816695 89.29179817536922
427 33.7950189816695 89.29179817536922
428 33.7950189816695 89.29179817536922
429 33.7950189816695 89.29179817536922
430 33.7950189816695 89.29179817536922
431 33.7950189816695 89.29179817536922
432 33.7950189816695 89.29179817536922
433 33.7950189816695 89.29179817536922
434 33.7950189816695 89.29179817536922
435 33.7950189816695 89.29179817536922
436 33.7950189816695 89.29179817536922
437 33.7950189816695 89.29179817536922
438 33.7950189816695 89.29179817536922
439 33.7950189816695 89.29179817536922
440 33.7950189816695 89.29179817536922
441 33.7950189816695 89.29179817536922
442 33.7950189816695 89.29179817536922
443 33.7950189816695 89.29179817536922
444 33.7950189816695 89.29179817536922
445 33.7950189816695 89.29179817536922
446 33.7950189816695 89.29179817536922
447 33.7950189816695 89.29179817536922
448 33.7950189816695 89.29179817536922
449 33.7950189816695 89.29179817536922
450 33.7950189816695 89.29179817536922
451 33.7950189816695 89.29179817536922
452 33.7950189816695 89.29179817536922
453 33.7950189816695 89.29179817536922
454 33.7950189816695 89.29179817536922
455 33.7950189816695 89.29179817536922
456 33.7950189816695 89.29179817536922
457 33.7950189816695 89.29179817536922
458 33.7950189816695 89.29179817536922
459 33.7950189816695 89.29179817536922
460 33.7950189816695 89.29179817536922
461 33.7950189816695 89.29179817536922
462 33.7950189816695 89.29179817536922
463 33.7950189816695 89.29179817536922
464 33.7950189816695 89.29179817536922
465 33.7950189816695 89.29179817536922
466 33.7950189816695 89.29179817536922
467 33.7950189816695 89.29179817536922
468 33.7950189816695 89.29179817536922
469 33.7950189816695 89.29179817536922
470 33.7950189816695 89.29179817536922
471 33.7950189816695 89.29179817536922
472 33.7950189816695 89.29179817536922
473 33.7950189816695 89.29179817536922
474 33.7950189816695 89.29179817536922
475 33.7950189816695 89.29179817536922
476 33.7950189816695 89.29179817536922
477 33.7950189816695 89.29179817536922
478 33.7950189816695 89.29179817536922
479 33.7950189816695 89.29179817536922
480 33.7950189816695 89.29179817536922
481 33.7950189816695 89.29179817536922
482 33.7950189816695 89.29179817536922
483 33.7950189816695 89.29179817536922
484 33.7950189816695 89.29179817536922
485 33.7950189816695 89.29179817536922
486 33.7950189816695 89.29179817536922
487 33.7950189816695 89.29179817536922
488 33.7950189816695 89.29179817536922
489 33.7950189816695 89.29179817536922
490 33.7950189816695 89.29179817536922
491 33.7950189816695 89.29179817536922
492 33.7950189816695 89.29179817536922
493 33.7950189816695 89.29179817536922
494 33.7950189816695 89.29179817536922
495 33.7950189816695 89.29179817536922
496 33.7950189816695 89.29179817536922
497 33.7950189816695 89.29179817536922
498 33.7950189816695 89.29179817536922
499 33.7950189816695 89.29179817536922
500 33.7950189816695 89.29179817536922
501 33.7950189816695 89.29179817536922
502 33.7950189816695 89.29179817536922
503 33.7950189816695 89.29179817536922
504 33.7950189816695 89.29179817536922
505 33.7950189816695 89.29179817536922
506 33.7950189816695 89.29179817536922
507 33.7950189816695 89.29179817536922
508 33.7950189816695 89.29179817536922
509 33.7950189816695 89.29179817536922
510 33.7950189816695 89.29179817536922
511 33.7950189816695 89.29179817536922
512 33.7950189816695 89.29179817536922
513 33.7950189816695 89.29179817536922
514 33.7950189816695 89.29179817536922
515 33.7950189816695 89.29179817536922
516 33.7950189816695 89.29179817536922
517 33.7950189816695 89.29179817536922
518 33.7950189816695 89.29179817536922
519 33.7950189816695 89.29179817536922
520 33.7950189816695 89.29179817536922
521 33.7950189816695 89.29179817536922
522 33.7950189816695 89.29179817536922
523 33.7950189816695 89.29179817536922
524 33.7950189816695 89.29179817536922
525 33.7950189816695 89.29179817536922
526 33.7950189816695 89.29179817536922
527 33.7950189816695 89.29179817536922
528 33.7950189816695 89.29179817536922
529 33.7950189816695 89.29179817536922
530 33.7950189816695 89.29179817536922
531 33.7950189816695 89.29179817536922
532 33.7950189816695 89.29179817536922
533 33.7950189816695 89.29179817536922
534 33.7950189816695 89.29179817536922
535 33.7950189816695 89.29179817536922
536 33.7950189816695 89.29179817536922
537 33.7950189816695 89.29179817536922
538 33.7950189816695 89.29179817536922
539 33.7950189816695 89.29179817536922
540 33.7950189816695 89.29179817536922
541 33.7950189816695 89.29179817536922
542 33.7950189816695 89.29179817536922
543 33.7950189816695 89.29179817536922
544 33.7950189816695 89.29179817536922
545 33.7950189816695 89.29179817536922
546 33.7950189816695 89.29179817536922
547 33.7950189816695 89.29179817536922
548 33.7950189816695 89.29179817536922
549 33.7950189816695 89.29179817536922
550 33.7950189816695 89.29179817536922
551 33.7950189816695 89.29179817536922
552 33.7950189816695 89.29179817536922
553 33.7950189816695 89.29179817536922
554 33.7950189816695 89.29179817536922
555 33.7950189816695 89.29179817536922
556 33.7950189816695 89.29179817536922
557 33.7950189816695 89.29179817536922
558 33.7950189816695 89.29179817536922
559 33.7950189816695 89.29179817536922
560 33.7950189816695 89.29179817536922
561 33.7950189816695 89.29179817536922
562 33.7950189816695 89.29179817536922
563 33.7950189816695 89.29179817536922
564 33.7950189816695 89.29179817536922
565 33.7950189816695 89.29179817536922
566 33.7950189816695 89.29179817536922
567 33.7950189816695 89.29179817536922
568 33.7950189816695 89.29179817536922
569 33.7950189816695 89.29179817536922
570 33.7950189816695 89.29179817536922
571 33.7950189816695 89.29179817536922
572 33.7950189816695 89.29179817536922
573 33.79501898166952 89.29179817536922
574 33.79501898166952 89.29179817536922
575 33.79501898166952 89.29179817536922
576 33.79501898166952 89.29179817536922
577 33.79501898166952 89.29179817536922
578 33.79501898166952 89.29179817536922
579 33.79501898166952 89.29179817536922
580 33.79501898166952 89.29179817536922
581 33.79501898166952 89.29179817536922
582 33.79501898166952 89.29179817536922
583 33.79501898166952 89.29179817536922
584 33.79501898166952 89.29179817536922
585 33.79501898166952 89.29179817536922
586 33.79501898166952 89.29179817536922
587 33.79501898166952 89.29179817536922
588 33.79501898166952 89.29179817536922
589 33.79501898166952 89.29179817536922
590 33.79501898166952 89.29179817536922
591 33.79501898166952 89.29179817536922
592 33.79501898166952 89.29179817536922
593 33.79501898166952 89.29179817536922
594 33.79501898166952 89.29179817536922
595 33.7950189816695 89.29179817536922
596 33.7950189816695 89.29179817536922
597 33.7950189816695 89.29179817536922
598 33.7950189816695 89.29179817536922
599 33.7950189816695 89.29179817536922
600 33.7950189816695 89.29179817536922
601 33.7950189816695 89.29179817536922
602 33.7950189816695 89.29179817536922
603 33.7950189816695 89.29179817536922
604 33.7950189816695 89.29179817536922
605 33.7950189816695 89.29179817536922
606 33.7950189816695 89.29179817536922
607 33.7950189816695 89.29179817536922
608 33.7950189816695 89.29179817536922
609 33.7950189816695 89.29179817536922
610 33.7950189816695 89.29179817536922
611 33.7950189816695 89.29179817536922
612 33.7950189816695 89.29179817536922
613 33.7950189816695 89.29179817536922
614 33.7950189816695 89.29179817536922
615 33.7950189816695 89.29179817536922
616 33.7950189816695 89.29179817536922
617 33.7950189816695 89.29179817536922
618 33.7950189816695 89.29179817536922
619 33.7950189816695 89.29179817536922
620 33.7950189816695 89.29179817536922
621 33.7950189816695 89.29179817536922
622 33.7950189816695 89.29179817536922
623 33.7950189816695 89.29179817536922
624 33.7950189816695 89.29179817536922
625 33.7950189816695 89.29179817536922
626 33.7950189816695 89.29179817536922
627 33.7950189816695 89.29179817536922
628 33.7950189816695 89.29179817536922
629 33.7950189816695 89.29179817536922
630 33.7950189816695 89.29179817536922
631 33.7950189816695 89.29179817536922
632 33.7950189816695 89.29179817536922
633 33.7950189816695 89.29179817536922
634 33.7950189816695 89.29179817536922
635 33.7950189816695 89.29179817536922
636 33.7950189816695 89.29179817536922
637 33.7950189816695 89.29179817536922
638 33.7950189816695 89.29179817536922
639 33.7950189816695 89.29179817536922
640 33.7950189816695 89.29179817536922
641 33.7950189816695 89.29179817536922
642 33.7950189816695 89.29179817536922
643 33.7950189816695 89.29179817536922
644 33.7950189816695 89.29179817536922
645 33.7950189816695 89.29179817536922
646 33.7950189816695 89.29179817536922
647 33.7950189816695 89.29179817536922
648 33.7950189816695 89.29179817536922
649 33.7950189816695 89.29179817536922
650 33.7950189816695 89.29179817536922
651 33.7950189816695 89.29179817536922
652 33.7950189816695 89.29179817536922
653 33.7950189816695 89.29179817536922
654 33.7950189816695 89.29179817536922
655 33.7950189816695 89.29179817536922
656 33.7950189816695 89.29179817536922
657 33.7950189816695 89.29179817536922
658 33.7950189816695 89.29179817536922
659 33.7950189816695 89.29179817536922
660 33.7950189816695 89.29179817536922
661 33.7950189816695 89.29179817536922
662 33.7950189816695 89.29179817536922
663 33.7950189816695 89.29179817536922
664 33.7950189816695 89.29179817536922
665 33.7950189816695 89.29179817536922
666 33.7950189816695 89.29179817536922
667 33.7950189816695 89.29179817536922
668 33.7950189816695 89.29179817536922
669 33.7950189816695 89.29179817536922
670 33.7950189816695 89.29179817536922
671 33.7950189816695 89.29179817536922
672 33.7950189816695 89.29179817536922
673 33.7950189816695 89.29179817536922
674 33.7950189816695 89.29179817536922
675 33.7950189816695 89.29179817536922
676 33.7950189816695 89.29179817536922
677 33.7950189816695 89.29179817536922
678 33.7950189816695 89.29179817536922
679 33.7950189816695 89.29179817536922
680 33.7950189816695 89.29179817536922
681 33.7950189816695 89.29179817536922
682 33.7950189816695 89.29179817536922
683 33.7950189816695 89.29179817536922
684 33.7950189816695 89.29179817536922
685 33.7950189816695 89.29179817536922
686 33.7950189816695 89.29179817536922
687 33.7950189816695 89.29179817536922
688 33.7950189816695 89.29179817536922
689 33.7950189816695 89.29179817536922
690 33.7950189816695 89.29179817536922
691 33.7950189816695 89.29179817536922
692 33.7950189816695 89.29179817536922
693 33.79501898166952 89.29179817536922
694 33.79501898166952 89.29179817536922
695 33.79501898166952 89.29179817536922
696 33.79501898166952 89.29179817536922
697 33.79501898166952 89.29179817536922
698 33.79501898166952 89.29179817536922
699 33.79501898166952 89.29179817536922
700 33.79501898166952 89.29179817536922
701 33.79501898166952 89.29179817536922
702 33.79501898166952 89.29179817536922
703 33.79501898166952 89.29179817536922
704 33.79501898166952 89.29179817536922
705 33.79501898166952 89.29179817536922
706 33.79501898166952 89.29179817536922
707 33.79501898166952 89.29179817536922
708 33.79501898166952 89.29179817536922
709 33.79501898166952 89.29179817536922
710 33.79501898166952 89.29179817536922
711 33.79501898166952 89.29179817536922
712 33.79501898166952 89.29179817536922
713 33.79501898166952 89.29179817536922
714 33.79501898166952 89.29179817536922
715 33.79501898166952 89.29179817536922
716 33.79501898166952 89.29179817536922
717 33.79501898166952 89.29179817536922
718 33.79501898166952 89.29179817536922
719 33.79501898166952 89.29179817536922
720 33.79501898166952 89.29179817536922
721 33.79501898166952 89.29179817536922
722 33.79501898166952 89.29179817536922
723 33.79501898166952 89.29179817536922
724 33.79501898166952 89.29179817536922
725 33.79501898166952 89.29179817536922
726 33.79501898166952 89.29179817536922
727 33.79501898166952 89.29179817536922
728 33.79501898166952 89.29179817536922
729 33.79501898166952 89.29179817536922
730 33.79501898166952 89.29179817536922
731 33.79501898166952 89.29179817536922
732 33.79501898166952 89.29179817536922
733 33.79501898166952 89.29179817536922
734 33.79501898166952 89.29179817536922
735 33.79501898166952 89.29179817536922
736 33.79501898166952 89.29179817536922
737 33.79501898166952 89.29179817536922
738 33.79501898166952 89.29179817536922
739 33.79501898166952 89.29179817536922
740 33.79501898166952 89.29179817536922
741 33.79501898166952 89.29179817536922
742 33.79501898166952 89.29179817536922
743 33.79501898166952 89.29179817536922
744 33.79501898166952 89.29179817536922
745 33.79501898166952 89.29179817536922
746 33.79501898166952 89.29179817536922
747 33.79501898166952 89.29179817536922
748 33.79501898166952 89.29179817536922
749 33.79501898166952 89.29179817536922
750 33.79501898166952 89.29179817536922
751 33.79501898166952 89.29179817536922
752 33.79501898166952 89.29179817536922
753 33.79501898166952 89.29179817536922
754 33.79501898166952 89.29179817536922
755 33.79501898166952 89.29179817536922
756 33.79501898166952 89.29179817536922
757 33.79501898166952 89.29179817536922
758 33.79501898166952 89.29179817536922
759 33.79501898166952 89.29179817536922
760 33.79501898166952 89.29179817536922
761 33.79501898166952 89.29179817536922
762 33.79501898166952 89.29179817536922
763 33.79501898166952 89.29179817536922
764 33.79501898166952 89.29179817536922
765 33.79501898166952 89.29179817536922
766 33.79501898166952 89.29179817536922
767 33.79501898166952 89.29179817536922
768 33.79501898166952 89.29179817536922
769 33.79501898166952 89.29179817536922
770 33.79501898166952 89.29179817536922
771 33.79501898166952 89.29179817536922
772 33.79501898166952 89.29179817536922
773 33.79501898166952 89.29179817536922
774 33.79501898166952 89.29179817536922
775 33.79501898166952 89.29179817536922
776 33.79501898166952 89.29179817536922
777 33.79501898166952 89.29179817536922
778 33.79501898166952 89.29179817536922
779 33.79501898166952 89.29179817536922
780 33.79501898166952 89.29179817536922
781 33.79501898166952 89.29179817536922
782 33.79501898166952 89.29179817536922
783 33.79501898166952 89.29179817536922
784 33.79501898166952 89.29179817536922
785 33.79501898166952 89.29179817536922
786 33.79501898166952 89.29179817536922
787 33.79501898166952 89.29179817536922
788 33.79501898166952 89.29179817536922
789 33.79501898166952 89.29179817536922
790 33.79501898166952 89.29179817536922
791 33.79501898166952 89.29179817536922
792 33.79501898166952 89.29179817536922
793 33.79501898166952 89.29179817536922
794 33.79501898166952 89.29179817536922
795 33.79501898166952 89.29179817536922
796 33.79501898166952 89.29179817536922
797 33.79501898166952 89.29179817536922
798 33.79501898166952 89.29179817536922
799 33.79501898166952 89.29179817536922
800 33.79501898166952 89.29179817536922
801 33.79501898166952 89.29179817536922
802 33.79501898166952 89.29179817536922
803 33.79501898166952 89.29179817536922
804 33.79501898166952 89.29179817536922
805 33.79501898166952 89.29179817536922
806 33.79501898166952 89.29179817536922
807 33.79501898166952 89.29179817536922
808 33.79501898166952 89.29179817536922
809 33.79501898166952 89.29179817536922
810 33.79501898166952 89.29179817536922
811 33.79501898166952 89.29179817536922
812 33.79501898166952 89.29179817536922
813 33.79501898166952 89.29179817536922
814 33.79501898166952 89.29179817536922
815 33.79501898166952 89.29179817536922
816 33.79501898166952 89.29179817536922
817 33.79501898166952 89.29179817536922
818 33.79501898166952 89.29179817536922
819 33.79501898166952 89.29179817536922
820 33.79501898166952 89.29179817536922
821 33.79501898166952 89.29179817536922
822 33.79501898166952 89.29179817536922
823 33.79501898166952 89.29179817536922
824 33.79501898166952 89.29179817536922
825 33.79501898166952 89.29179817536922
826 33.79501898166952 89.29179817536922
827 33.79501898166952 89.29179817536922
828 33.79501898166952 89.29179817536922
829 33.79501898166952 89.29179817536922
830 33.79501898166952 89.29179817536922
831 33.79501898166952 89.29179817536922
832 33.79501898166952 89.29179817536922
833 33.79501898166952 89.29179817536922
834 33.79501898166952 89.29179817536922
835 33.79501898166952 89.29179817536922
836 33.79501898166952 89.29179817536922
837 33.79501898166952 89.29179817536922
838 33.79501898166952 89.29179817536922
839 33.79501898166952 89.29179817536922
840 33.79501898166952 89.29179817536922
841 33.79501898166952 89.29179817536922
842 33.79501898166952 89.29179817536922
843 33.79501898166952 89.29179817536922
844 33.79501898166952 89.29179817536922
845 33.79501898166952 89.29179817536922
846 33.79501898166952 89.29179817536922
847 33.79501898166952 89.29179817536922
848 33.79501898166952 89.29179817536922
849 33.79501898166952 89.29179817536922
850 33.79501898166952 89.29179817536922
851 33.79501898166952 89.29179817536922
852 33.79501898166952 89.29179817536922
853 33.79501898166952 89.29179817536922
854 33.79501898166952 89.29179817536922
855 33.79501898166952 89.29179817536922
856 33.79501898166952 89.29179817536922
857 33.79501898166952 89.29179817536922
858 33.79501898166952 89.29179817536922
859 33.79501898166952 89.29179817536922
860 33.79501898166952 89.29179817536922
861 33.79501898166952 89.29179817536922
862 33.79501898166952 89.29179817536922
863 33.79501898166952 89.29179817536922
864 33.79501898166952 89.29179817536922
865 33.79501898166952 89.29179817536922
866 33.79501898166952 89.29179817536922
867 33.79501898166952 89.29179817536922
868 33.79501898166952 89.29179817536922
869 33.79501898166952 89.29179817536922
870 33.79501898166952 89.29179817536922
871 33.79501898166952 89.29179817536922
872 33.79501898166952 89.29179817536922
873 33.79501898166952 89.29179817536922
874 33.79501898166952 89.29179817536922
875 33.79501898166952 89.29179817536922
876 33.79501898166952 89.29179817536922
877 33.79501898166952 89.29179817536922
878 33.79501898166952 89.29179817536922
879 33.79501898166952 89.29179817536922
880 33.79501898166952 89.29179817536922
881 33.79501898166952 89.29179817536922
882 33.7950189816695 89.29179817536922
883 33.7950189816695 89.29179817536922
884 33.7950189816695 89.29179817536922
885 33.7950189816695 89.29179817536922
886 33.7950189816695 89.29179817536922
887 33.7950189816695 89.29179817536922
888 33.7950189816695 89.29179817536922
889 33.7950189816695 89.29179817536922
890 33.7950189816695 89.29179817536922
891 33.7950189816695 89.29179817536922
892 33.7950189816695 89.29179817536922
893 33.7950189816695 89.29179817536922
894 33.7950189816695 89.29179817536922
895 33.7950189816695 89.29179817536922
896 33.7950189816695 89.29179817536922
897 33.7950189816695 89.29179817536922
898 33.7950189816695 89.29179817536922
899 33.7950189816695 89.29179817536922
900 33.7950189816695 89.29179817536922
901 33.7950189816695 89.29179817536922
902 33.7950189816695 89.29179817536922
903 33.7950189816695 89.29179817536922
904 33.7950189816695 89.29179817536922
905 33.7950189816695 89.29179817536922
906 33.7950189816695 89.29179817536922
907 33.7950189816695 89.29179817536922
908 33.79501898166952 89.29179817536922
909 33.79501898166952 89.29179817536922
910 33.79501898166952 89.29179817536922
911 33.79501898166952 89.29179817536922
912 33.79501898166952 89.29179817536922
913 33.79501898166952 89.29179817536922
914 33.79501898166952 89.29179817536922
915 33.79501898166952 89.29179817536922
916 33.79501898166952 89.29179817536922
917 33.79501898166952 89.29179817536922
918 33.79501898166952 89.29179817536922
919 33.79501898166952 89.29179817536922
920 33.79501898166952 89.29179817536922
921 33.79501898166952 89.29179817536922
922 33.79501898166952 89.29179817536922
923 33.79501898166952 89.29179817536922
924 33.79501898166952 89.29179817536922
925 33.79501898166952 89.29179817536922
926 33.79501898166952 89.29179817536922
927 33.79501898166952 89.29179817536922
928 33.79501898166952 89.29179817536922
929 33.79501898166952 89.29179817536922
930 33.79501898166952 89.29179817536922
931 33.79501898166952 89.29179817536922
932 33.79501898166952 89.29179817536922
933 33.79501898166952 89.29179817536922
934 33.79501898166952 89.29179817536922
935 33.79501898166952 89.29179817536922
936 33.79501898166952 89.29179817536922
937 33.79501898166952 89.29179817536922
938 33.79501898166952 89.29179817536922
939 33.79501898166952 89.29179817536922
940 33.79501898166952 89.29179817536922
941 33.79501898166952 89.29179817536922
942 33.79501898166952 89.29179817536922
943 33.79501898166952 89.29179817536922
944 33.79501898166952 89.29179817536922
945 33.79501898166952 89.29179817536922
946 33.79501898166952 89.29179817536922
947 33.79501898166952 89.29179817536922
948 33.79501898166952 89.29179817536922
949 33.79501898166952 89.29179817536922
950 33.79501898166952 89.29179817536922
951 33.79501898166952 89.29179817536922
952 33.79501898166952 89.29179817536922
953 33.79501898166952 89.29179817536922
954 33.79501898166952 89.29179817536922
955 33.79501898166952 89.29179817536922
956 33.79501898166952 89.29179817536922
957 33.79501898166952 89.29179817536922
958 33.79501898166952 89.29179817536922
959 33.79501898166952 89.29179817536922
960 33.79501898166952 89.29179817536922
961 33.79501898166952 89.29179817536922
962 33.79501898166952 89.29179817536922
963 33.79501898166952 89.29179817536922
964 33.79501898166952 89.29179817536922
965 33.79501898166952 89.29179817536922
966 33.79501898166952 89.29179817536922
967 33.79501898166952 89.29179817536922
968 33.79501898166952 89.29179817536922
969 33.79501898166952 89.29179817536922
970 33.79501898166952 89.29179817536922
971 33.79501898166952 89.29179817536922
972 33.79501898166952 89.29179817536922
973 33.79501898166952 89.29179817536922
974 33.79501898166952 89.29179817536922
975 33.79501898166952 89.29179817536922
976 33.79501898166952 89.29179817536922
977 33.79501898166952 89.29179817536922
978 33.79501898166952 89.29179817536922
979 33.79501898166952 89.29179817536922
980 33.79501898166952 89.29179817536922
981 33.79501898166952 89.29179817536922
982 33.79501898166952 89.29179817536922
983 33.79501898166952 89.29179817536922
984 33.79501898166952 89.29179817536922
985 33.79501898166952 89.29179817536922
986 33.79501898166952 89.29179817536922
987 33.79501898166952 89.29179817536922
988 33.79501898166952 89.29179817536922
989 33.79501898166952 89.29179817536922
990 33.79501898166952 89.29179817536922
991 33.79501898166952 89.29179817536922
992 33.79501898166952 89.29179817536922
993 33.79501898166952 89.29179817536922
994 33.79501898166952 89.29179817536922
995 33.79501898166952 89.29179817536922
996 33.79501898166952 89.29179817536922
997 33.79501898166952 89.29179817536922
998 33.79501898166952 89.29179817536922
999 33.79501898166952 89.29179817536922
1000 33.79501898166952 89.29179817536922
1001 33.79501898166952 89.29179817536922
1002 33.7950189816695 89.29179817536922
1003 33.7950189816695 89.29179817536922
1004 33.7950189816695 89.29179817536922
1005 33.7950189816695 89.29179817536922
1006 33.7950189816695 89.29179817536922
1007 33.7950189816695 89.29179817536922
1008 33.7950189816695 89.29179817536922
1009 33.7950189816695 89.29179817536922
1010 33.7950189816695 89.29179817536922
1011 33.7950189816695 89.29179817536922
1012 33.7950189816695 89.29179817536922
1013 33.7950189816695 89.29179817536922
1014 33.7950189816695 89.29179817536922
1015 33.7950189816695 89.29179817536922
1016 33.7950189816695 89.29179817536922
1017 33.7950189816695 89.29179817536922
1018 33.7950189816695 89.29179817536922
1019 33.7950189816695 89.29179817536922
1020 33.7950189816695 89.29179817536922
1021 33.7950189816695 89.29179817536922
1022 33.7950189816695 89.29179817536922
1023 33.7950189816695 89.29179817536922
1024 33.7950189816695 89.29179817536922
1025 33.7950189816695 89.29179817536922
1026 33.7950189816695 89.29179817536922
1027 33.7950189816695 89.29179817536922
1028 33.7950189816695 89.29179817536922
1029 33.7950189816695 89.29179817536922
1030 33.7950189816695 89.29179817536922
1031 33.7950189816695 89.29179817536922
1032 33.7950189816695 89.29179817536922
1033 33.7950189816695 89.29179817536922
1034 33.7950189816695 89.29179817536922
1035 33.7950189816695 89.29179817536922
1036 33.7950189816695 89.29179817536922
1037 33.7950189816695 89.29179817536922
1038 33.7950189816695 89.29179817536922
1039 33.7950189816695 89.29179817536922
1040 33.7950189816695 89.29179817536922
1041 33.7950189816695 89.29179817536922
1042 33.7950189816695 89.29179817536922
1043 33.7950189816695 89.29179817536922
1044 33.7950189816695 89.29179817536922
1045 33.7950189816695 89.29179817536922
1046 33.7950189816695 89.29179817536922
1047 33.7950189816695 89.29179817536922
1048 33.7950189816695 89.29179817536922
1049 33.7950189816695 89.29179817536922
1050 33.7950189816695 89.29179817536922
1051 33.7950189816695 89.29179817536922
1052 33.7950189816695 89.29179817536922
1053 33.7950189816695 89.29179817536922
1054 33.7950189816695 89.29179817536922
1055 33.7950189816695 89.29179817536922
1056 33.7950189816695 89.29179817536922
1057 33.7950189816695 89.29179817536922
1058 33.7950189816695 89.29179817536922
1059 33.7950189816695 89.29179817536922
1060 33.7950189816695 89.29179817536922
1061 33.7950189816695 89.29179817536922
1062 33.7950189816695 89.29179817536922
1063 33.7950189816695 89.29179817536922
1064 33.7950189816695 89.29179817536922
1065 33.7950189816695 89.29179817536922
1066 33.7950189816695 89.29179817536922
1067 33.7950189816695 89.29179817536922
1068 33.7950189816695 89.29179817536922
1069 33.7950189816695 89.29179817536922
1070 33.7950189816695 89.29179817536922
1071 33.7950189816695 89.29179817536922
1072 33.7950189816695 89.29179817536922
1073 33.7950189816695 89.29179817536922
1074 33.7950189816695 89.29179817536922
1075 33.7950189816695 89.29179817536922
1076 33.7950189816695 89.29179817536922
1077 33.7950189816695 89.29179817536922
1078 33.7950189816695 89.29179817536922
1079 33.7950189816695 89.29179817536922
1080 33.7950189816695 89.29179817536922
1081 33.7950189816695 89.29179817536922
1082 33.7950189816695 89.29179817536922
1083 33.7950189816695 89.29179817536922
1084 33.7950189816695 89.29179817536922
1085 33.7950189816695 89.29179817536922
1086 33.7950189816695 89.29179817536922
1087 33.7950189816695 89.29179817536922
1088 33.7950189816695 89.29179817536922
1089 33.7950189816695 89.29179817536922
1090 33.7950189816695 89.29179817536922
1091 33.7950189816695 89.29179817536922
1092 33.7950189816695 89.29179817536922
1093 33.7950189816695 89.29179817536922
1094 33.7950189816695 89.29179817536922
1095 33.7950189816695 89.29179817536922
1096 33.7950189816695 89.29179817536922
1097 33.7950189816695 89.29179817536922
1098 33.7950189816695 89.29179817536922
1099 33.7950189816695 89.29179817536922
1100 33.7950189816695 89.29179817536922
1101 33.7950189816695 89.29179817536922
1102 33.7950189816695 89.29179817536922
1103 33.7950189816695 89.29179817536922
1104 33.7950189816695 89.29179817536922
1105 33.7950189816695 89.29179817536922
1106 33.7950189816695 89.29179817536922
1107 33.7950189816695 89.29179817536922
1108 33.7950189816695 89.29179817536922
1109 33.7950189816695 89.29179817536922
1110 33.7950189816695 89.29179817536922
1111 33.7950189816695 89.29179817536922
1112 33.7950189816695 89.29179817536922
1113 33.7950189816695 89.29179817536922
1114 33.7950189816695 89.29179817536922
1115 33.7950189816695 89.29179817536922
1116 33.7950189816695 89.29179817536922
1117 33.7950189816695 89.29179817536922
1118 33.7950189816695 89.29179817536922
1119 33.7950189816695 89.29179817536922
1120 33.7950189816695 89.29179817536922
1121 33.7950189816695 89.29179817536922
1122 33.7950189816695 89.29179817536922
1123 33.7950189816695 89.29179817536922
1124 33.7950189816695 89.29179817536922
1125 33.7950189816695 89.29179817536922
1126 33.7950189816695 89.29179817536922
1127 33.7950189816695 89.29179817536922
1128 33.7950189816695 89.29179817536922
1129 33.7950189816695 89.29179817536922
1130 33.7950189816695 89.29179817536922
1131 33.7950189816695 89.29179817536922
1132 33.7950189816695 89.29179817536922
1133 33.7950189816695 89.29179817536922
1134 33.7950189816695 89.29179817536922
1135 33.7950189816695 89.29179817536922
1136 33.7950189816695 89.29179817536922
1137 33.7950189816695 89.29179817536922
1138 33.7950189816695 89.29179817536922
1139 33.7950189816695 89.29179817536922
1140 33.7950189816695 89.29179817536922
1141 33.7950189816695 89.29179817536922
1142 33.7950189816695 89.29179817536922
1143 33.7950189816695 89.29179817536922
1144 33.7950189816695 89.29179817536922
1145 33.7950189816695 89.29179817536922
1146 33.7950189816695 89.29179817536922
1147 33.7950189816695 89.29179817536922
1148 33.7950189816695 89.29179817536922
1149 33.7950189816695 89.29179817536922
1150 33.7950189816695 89.29179817536922
1151 33.7950189816695 89.29179817536922
1152 33.7950189816695 89.29179817536922
1153 33.7950189816695 89.29179817536922
1154 33.7950189816695 89.29179817536922
1155 33.7950189816695 89.29179817536922
1156 33.7950189816695 89.29179817536922
1157 33.7950189816695 89.29179817536922
1158 33.7950189816695 89.29179817536922
1159 33.7950189816695 89.29179817536922
1160 33.7950189816695 89.29179817536922
1161 33.7950189816695 89.29179817536922
1162 33.7950189816695 89.29179817536922
1163 33.7950189816695 89.29179817536922
1164 33.7950189816695 89.29179817536922
1165 33.7950189816695 89.29179817536922
1166 33.7950189816695 89.29179817536922
1167 33.7950189816695 89.29179817536922
1168 33.7950189816695 89.29179817536922
1169 33.7950189816695 89.29179817536922
1170 33.7950189816695 89.29179817536922
1171 33.7950189816695 89.29179817536922
1172 33.7950189816695 89.29179817536922
1173 33.7950189816695 89.29179817536922
1174 33.7950189816695 89.29179817536922
1175 33.7950189816695 89.29179817536922
1176 33.7950189816695 89.29179817536922
1177 33.7950189816695 89.29179817536922
1178 33.7950189816695 89.29179817536922
1179 33.7950189816695 89.29179817536922
1180 33.7950189816695 89.29179817536922
1181 33.7950189816695 89.29179817536922
1182 33.7950189816695 89.29179817536922
1183 33.7950189816695 89.29179817536922
1184 33.7950189816695 89.29179817536922
1185 33.7950189816695 89.29179817536922
1186 33.7950189816695 89.29179817536922
1187 33.7950189816695 89.29179817536922
1188 33.7950189816695 89.29179817536922
1189 33.7950189816695 89.29179817536922
1190 33.7950189816695 89.29179817536922
1191 33.7950189816695 89.29179817536922
1192 33.7950189816695 89.29179817536922
1193 33.7950189816695 89.29179817536922
1194 33.7950189816695 89.29179817536922
1195 33.7950189816695 89.29179817536922
1196 33.7950189816695 89.29179817536922
1197 33.7950189816695 89.29179817536922
1198 33.7950189816695 89.29179817536922
1199 33.7950189816695 89.29179817536922
1200 33.7950189816695 89.29179817536922
1201 33.7950189816695 89.29179817536922
1202 33.7950189816695 89.29179817536922
1203 33.7950189816695 89.29179817536922
1204 33.7950189816695 89.29179817536922
1205 33.7950189816695 89.29179817536922
1206 33.7950189816695 89.29179817536922
1207 33.7950189816695 89.29179817536922
1208 33.7950189816695 89.29179817536922
1209 33.7950189816695 89.29179817536922
1210 33.7950189816695 89.29179817536922
1211 33.7950189816695 89.29179817536922
1212 33.7950189816695 89.29179817536922
1213 33.7950189816695 89.29179817536922
1214 33.7950189816695 89.29179817536922
1215 33.7950189816695 89.29179817536922
1216 33.7950189816695 89.29179817536922
1217 33.7950189816695 89.29179817536922
1218 33.7950189816695 89.29179817536922
1219 33.7950189816695 89.29179817536922
1220 33.7950189816695 89.29179817536922
1221 33.7950189816695 89.29179817536922
1222 33.7950189816695 89.29179817536922
1223 33.7950189816695 89.29179817536922
1224 33.7950189816695 89.29179817536922
1225 33.7950189816695 89.29179817536922
1226 33.7950189816695 89.29179817536922
1227 33.7950189816695 89.29179817536922
1228 33.7950189816695 89.29179817536922
1229 33.79501898166952 89.29179817536922
1230 33.79501898166952 89.29179817536922
1231 33.79501898166952 89.29179817536922
1232 33.79501898166952 89.29179817536922
1233 33.79501898166952 89.29179817536922
1234 33.79501898166952 89.29179817536922
1235 33.79501898166952 89.29179817536922
1236 33.79501898166952 89.29179817536922
1237 33.79501898166952 89.29179817536922
1238 33.79501898166952 89.29179817536922
1239 33.79501898166952 89.29179817536922
1240 33.79501898166952 89.29179817536922
1241 33.79501898166952 89.29179817536922
1242 33.79501898166952 89.29179817536922
1243 33.79501898166952 89.29179817536922
1244 33.79501898166952 89.29179817536922
1245 33.79501898166952 89.29179817536922
1246 33.79501898166952 89.29179817536922
1247 33.79501898166952 89.29179817536922
1248 33.79501898166952 89.29179817536922
1249 33.79501898166952 89.29179817536922
1250 33.79501898166952 89.29179817536922
1251 33.79501898166952 89.29179817536922
1252 33.79501898166952 89.29179817536922
1253 33.79501898166952 89.29179817536922
1254 33.79501898166952 89.29179817536922
1255 33.79501898166952 89.29179817536922
1256 33.79501898166952 89.29179817536922
1257 33.79501898166952 89.29179817536922
1258 33.79501898166952 89.29179817536922
1259 33.79501898166952 89.29179817536922
1260 33.79501898166952 89.29179817536922
1261 33.79501898166952 89.29179817536922
1262 33.79501898166952 89.29179817536922
1263 33.79501898166952 89.29179817536922
1264 33.79501898166952 89.29179817536922
1265 33.79501898166952 89.29179817536922
1266 33.79501898166952 89.29179817536922
1267 33.79501898166952 89.29179817536922
1268 33.79501898166952 89.29179817536922
1269 33.79501898166952 89.29179817536922
1270 33.79501898166952 89.29179817536922
1271 33.79501898166952 89.29179817536922
1272 33.79501898166952 89.29179817536922
1273 33.79501898166952 89.29179817536922
1274 33.79501898166952 89.29179817536922
1275 33.79501898166952 89.29179817536922
1276 33.79501898166952 89.29179817536922
1277 33.79501898166952 89.29179817536922
1278 33.79501898166952 89.29179817536922
1279 33.79501898166952 89.29179817536922
1280 33.79501898166952 89.29179817536922
1281 33.79501898166952 89.29179817536922
1282 33.79501898166952 89.29179817536922
1283 33.79501898166952 89.29179817536922
1284 33.79501898166952 89.29179817536922
1285 33.79501898166952 89.29179817536922
1286 33.79501898166952 89.29179817536922
1287 33.79501898166952 89.29179817536922
1288 33.79501898166952 89.29179817536922
1289 33.79501898166952 89.29179817536922
1290 33.79501898166952 89.29179817536922
1291 33.79501898166952 89.29179817536922
1292 33.79501898166952 89.29179817536922
1293 33.79501898166952 89.29179817536922
1294 33.79501898166952 89.29179817536922
1295 33.79501898166952 89.29179817536922
1296 33.79501898166952 89.29179817536922
1297 33.79501898166952 89.29179817536922
1298 33.79501898166952 89.29179817536922
1299 33.7950189816695 89.29179817536922
1300 33.7950189816695 89.29179817536922
1301 33.7950189816695 89.29179817536922
1302 33.7950189816695 89.29179817536922
1303 33.7950189816695 89.29179817536922
1304 33.7950189816695 89.29179817536922
1305 33.7950189816695 89.29179817536922
1306 33.7950189816695 89.29179817536922
1307 33.7950189816695 89.29179817536922
1308 33.7950189816695 89.29179817536922
1309 33.7950189816695 89.29179817536922
1310 33.7950189816695 89.29179817536922
1311 33.7950189816695 89.29179817536922
1312 33.7950189816695 89.29179817536922
1313 33.7950189816695 89.29179817536922
1314 33.7950189816695 89.29179817536922
1315 33.7950189816695 89.29179817536922
1316 33.7950189816695 89.29179817536922
1317 33.7950189816695 89.29179817536922
1318 33.7950189816695 89.29179817536922
1319 33.7950189816695 89.29179817536922
1320 33.7950189816695 89.29179817536922
1321 33.7950189816695 89.29179817536922
1322 33.7950189816695 89.29179817536922
1323 33.7950189816695 89.29179817536922
1324 33.7950189816695 89.29179817536922
1325 33.7950189816695 89.29179817536922
1326 33.7950189816695 89.29179817536922
1327 33.7950189816695 89.29179817536922
1328 33.7950189816695 89.29179817536922
1329 33.7950189816695 89.29179817536922
1330 33.79501898166952 89.29179817536922
1331 33.79501898166952 89.29179817536922
1332 33.79501898166952 89.29179817536922
1333 33.79501898166952 89.29179817536922
1334 33.79501898166952 89.29179817536922
1335 33.79501898166952 89.29179817536922
1336 33.79501898166952 89.29179817536922
1337 33.79501898166952 89.29179817536922
1338 33.79501898166952 89.29179817536922
1339 33.79501898166952 89.29179817536922
1340 33.79501898166952 89.29179817536922
1341 33.79501898166952 89.29179817536922
1342 33.79501898166952 89.29179817536922
1343 33.79501898166952 89.29179817536922
1344 33.79501898166952 89.29179817536922
1345 33.79501898166952 89.29179817536922
1346 33.79501898166952 89.29179817536922
1347 33.79501898166952 89.29179817536922
1348 33.79501898166952 89.29179817536922
1349 33.79501898166952 89.29179817536922
1350 33.79501898166952 89.29179817536922
1351 33.7950189816695 89.29179817536922
1352 33.7950189816695 89.29179817536922
1353 33.7950189816695 89.29179817536922
1354 33.7950189816695 89.29179817536922
1355 33.7950189816695 89.29179817536922
1356 33.7950189816695 89.29179817536922
1357 33.7950189816695 89.29179817536922
1358 33.7950189816695 89.29179817536922
1359 33.7950189816695 89.29179817536922
1360 33.7950189816695 89.29179817536922
1361 33.7950189816695 89.29179817536922
1362 33.7950189816695 89.29179817536922
1363 33.7950189816695 89.29179817536922
1364 33.7950189816695 89.29179817536922
1365 33.7950189816695 89.29179817536922
1366 33.7950189816695 89.29179817536922
1367 33.7950189816695 89.29179817536922
1368 33.7950189816695 89.29179817536922
1369 33.7950189816695 89.29179817536922
1370 33.7950189816695 89.29179817536922
1371 33.7950189816695 89.29179817536922
1372 33.7950189816695 89.29179817536922
1373 33.7950189816695 89.29179817536922
1374 33.7950189816695 89.29179817536922
1375 33.7950189816695 89.29179817536922
1376 33.7950189816695 89.29179817536922
1377 33.7950189816695 89.29179817536922
1378 33.7950189816695 89.29179817536922
1379 33.7950189816695 89.29179817536922
1380 33.7950189816695 89.29179817536922
1381 33.7950189816695 89.29179817536922
1382 33.7950189816695 89.29179817536922
1383 33.7950189816695 89.29179817536922
1384 33.7950189816695 89.29179817536922
1385 33.7950189816695 89.29179817536922
1386 33.7950189816695 89.29179817536922
1387 33.7950189816695 89.29179817536922
1388 33.7950189816695 89.29179817536922
1389 33.7950189816695 89.29179817536922
1390 33.7950189816695 89.29179817536922
1391 33.7950189816695 89.29179817536922
1392 33.7950189816695 89.29179817536922
1393 33.7950189816695 89.29179817536922
1394 33.7950189816695 89.29179817536922
1395 33.7950189816695 89.29179817536922
1396 33.7950189816695 89.29179817536922
1397 33.7950189816695 89.29179817536922
1398 33.7950189816695 89.29179817536922
1399 33.7950189816695 89.29179817536922
1400 33.7950189816695 89.29179817536922
1401 33.7950189816695 89.29179817536922
1402 33.7950189816695 89.29179817536922
1403 33.7950189816695 89.29179817536922
1404 33.7950189816695 89.29179817536922
1405 33.7950189816695 89.29179817536922
1406 33.7950189816695 89.29179817536922
1407 33.7950189816695 89.29179817536922
1408 33.7950189816695 89.29179817536922
1409 33.7950189816695 89.29179817536922
1410 33.7950189816695 89.29179817536922
1411 33.7950189816695 89.29179817536922
1412 33.7950189816695 89.29179817536922
1413 33.7950189816695 89.29179817536922
1414 33.7950189816695 89.29179817536922
1415 33.7950189816695 89.29179817536922
1416 33.7950189816695 89.29179817536922
1417 33.7950189816695 89.29179817536922
1418 33.7950189816695 89.29179817536922
1419 33.7950189816695 89.29179817536922
1420 33.7950189816695 89.29179817536922
1421 33.7950189816695 89.29179817536922
1422 33.7950189816695 89.29179817536922
1423 33.7950189816695 89.29179817536922
1424 33.7950189816695 89.29179817536922
1425 33.7950189816695 89.29179817536922
1426 33.7950189816695 89.29179817536922
1427 33.7950189816695 89.29179817536922
1428 33.7950189816695 89.29179817536922
1429 33.7950189816695 89.29179817536922
1430 33.7950189816695 89.29179817536922
1431 33.7950189816695 89.29179817536922
1432 33.7950189816695 89.29179817536922
1433 33.7950189816695 89.29179817536922
1434 33.7950189816695 89.29179817536922
1435 33.7950189816695 89.29179817536922
1436 33.7950189816695 89.29179817536922
1437 33.7950189816695 89.29179817536922
1438 33.7950189816695 89.29179817536922
1439 33.7950189816695 89.29179817536922
1440 33.7950189816695 89.29179817536922
1441 33.7950189816695 89.29179817536922
1442 33.7950189816695 89.29179817536922
1443 33.7950189816695 89.29179817536922
1444 33.7950189816695 89.29179817536922
1445 33.7950189816695 89.29179817536922
1446 33.7950189816695 89.29179817536922
1447 33.7950189816695 89.29179817536922
1448 33.7950189816695 89.29179817536922
1449 33.7950189816695 89.29179817536922
1450 33.7950189816695 89.29179817536922
1451 33.7950189816695 89.29179817536922
1452 33.7950189816695 89.29179817536922
1453 33.7950189816695 89.29179817536922
1454 33.7950189816695 89.29179817536922
1455 33.7950189816695 89.29179817536922
1456 33.7950189816695 89.29179817536922
1457 33.7950189816695 89.29179817536922
1458 33.7950189816695 89.29179817536922
1459 33.7950189816695 89.29179817536922
1460 33.7950189816695 89.29179817536922
1461 33.7950189816695 89.29179817536922
1462 33.7950189816695 89.29179817536922
1463 33.7950189816695 89.29179817536922
1464 33.7950189816695 89.29179817536922
1465 33.7950189816695 89.29179817536922
1466 33.7950189816695 89.29179817536922
1467 33.7950189816695 89.29179817536922
1468 33.7950189816695 89.29179817536922
1469 33.7950189816695 89.29179817536922
1470 33.7950189816695 89.29179817536922
1471 33.7950189816695 89.29179817536922
1472 33.7950189816695 89.29179817536922
1473 33.7950189816695 89.29179817536922
1474 33.7950189816695 89.29179817536922
1475 33.7950189816695 89.29179817536922
1476 33.7950189816695 89.29179817536922
1477 33.7950189816695 89.29179817536922
1478 33.7950189816695 89.29179817536922
1479 33.7950189816695 89.29179817536922
1480 33.7950189816695 89.29179817536922
1481 33.7950189816695 89.29179817536922
1482 33.7950189816695 89.29179817536922
1483 33.7950189816695 89.29179817536922
1484 33.7950189816695 89.29179817536922
1485 33.7950189816695 89.29179817536922
1486 33.7950189816695 89.29179817536922
1487 33.7950189816695 89.29179817536922
1488 33.7950189816695 89.29179817536922
1489 33.7950189816695 89.29179817536922
1490 33.7950189816695 89.29179817536922
1491 33.7950189816695 89.29179817536922
1492 33.7950189816695 89.29179817536922
1493 33.7950189816695 89.29179817536922
1494 33.7950189816695 89.29179817536922
1495 33.7950189816695 89.29179817536922
1496 33.7950189816695 89.29179817536922
1497 33.7950189816695 89.29179817536922
1498 33.7950189816695 89.29179817536922
1499 33.7950189816695 89.29179817536922
1500 33.7950189816695 89.29179817536922
1501 33.7950189816695 89.29179817536922
1502 33.7950189816695 89.29179817536922
1503 33.7950189816695 89.29179817536922
1504 33.7950189816695 89.29179817536922
1505 33.7950189816695 89.29179817536922
1506 33.7950189816695 89.29179817536922
1507 33.7950189816695 89.29179817536922
1508 33.7950189816695 89.29179817536922
1509 33.7950189816695 89.29179817536922
1510 33.7950189816695 89.29179817536922
1511 33.7950189816695 89.29179817536922
1512 33.7950189816695 89.29179817536922
1513 33.7950189816695 89.29179817536922
1514 33.7950189816695 89.29179817536922
1515 33.7950189816695 89.29179817536922
1516 33.7950189816695 89.29179817536922
1517 33.7950189816695 89.29179817536922
1518 33.7950189816695 89.29179817536922
1519 33.7950189816695 89.29179817536922
1520 33.7950189816695 89.29179817536922
1521 33.7950189816695 89.29179817536922
1522 33.7950189816695 89.29179817536922
1523 33.7950189816695 89.29179817536922
1524 33.7950189816695 89.29179817536922
1525 33.7950189816695 89.29179817536922
1526 33.7950189816695 89.29179817536922
1527 33.7950189816695 89.29179817536922
1528 33.7950189816695 89.29179817536922
1529 33.7950189816695 89.29179817536922
1530 33.7950189816695 89.29179817536922
1531 33.7950189816695 89.29179817536922
1532 33.7950189816695 89.29179817536922
1533 33.7950189816695 89.29179817536922
1534 33.7950189816695 89.29179817536922
1535 33.7950189816695 89.29179817536922
1536 33.7950189816695 89.29179817536922
1537 33.7950189816695 89.29179817536922
1538 33.7950189816695 89.29179817536922
1539 33.7950189816695 89.29179817536922
1540 33.7950189816695 89.29179817536922
1541 33.7950189816695 89.29179817536922
1542 33.7950189816695 89.29179817536922
1543 33.7950189816695 89.29179817536922
1544 33.7950189816695 89.29179817536922
1545 33.7950189816695 89.29179817536922
1546 33.7950189816695 89.29179817536922
1547 33.7950189816695 89.29179817536922
1548 33.7950189816695 89.29179817536922
1549 33.7950189816695 89.29179817536922
1550 33.7950189816695 89.29179817536922
1551 33.7950189816695 89.29179817536922
1552 33.7950189816695 89.29179817536922
1553 33.7950189816695 89.29179817536922
1554 33.7950189816695 89.29179817536922
1555 33.7950189816695 89.29179817536922
1556 33.7950189816695 89.29179817536922
1557 33.7950189816695 89.29179817536922
1558 33.7950189816695 89.29179817536922
1559 33.7950189816695 89.29179817536922
1560 33.7950189816695 89.29179817536922
1561 33.7950189816695 89.29179817536922
1562 33.7950189816695 89.29179817536922
1563 33.7950189816695 89.29179817536922
1564 33.7950189816695 89.29179817536922
1565 33.7950189816695 89.29179817536922
1566 33.7950189816695 89.29179817536922
1567 33.7950189816695 89.29179817536922
1568 33.7950189816695 89.29179817536922
1569 33.7950189816695 89.29179817536922
1570 33.7950189816695 89.29179817536922
1571 33.7950189816695 89.29179817536922
1572 33.7950189816695 89.29179817536922
1573 33.7950189816695 89.29179817536922
1574 33.7950189816695 89.29179817536922
1575 33.7950189816695 89.29179817536922
1576 33.7950189816695 89.29179817536922
1577 33.7950189816695 89.29179817536922
1578 33.7950189816695 89.29179817536922
1579 33.7950189816695 89.29179817536922
1580 33.7950189816695 89.29179817536922
1581 33.79501898166952 89.29179817536922
1582 33.79501898166952 89.29179817536922
1583 33.79501898166952 89.29179817536922
1584 33.79501898166952 89.29179817536922
1585 33.79501898166952 89.29179817536922
1586 33.79501898166952 89.29179817536922
1587 33.79501898166952 89.29179817536922
1588 33.79501898166952 89.29179817536922
1589 33.79501898166952 89.29179817536922
1590 33.79501898166952 89.29179817536922
1591 33.79501898166952 89.29179817536922
1592 33.79501898166952 89.29179817536922
1593 33.79501898166952 89.29179817536922
1594 33.79501898166952 89.29179817536922
1595 33.79501898166952 89.29179817536922
1596 33.79501898166952 89.29179817536922
1597 33.79501898166952 89.29179817536922
1598 33.79501898166952 89.29179817536922
1599 33.79501898166952 89.29179817536922
1600 33.79501898166952 89.29179817536922
1601 33.79501898166952 89.29179817536922
1602 33.79501898166952 89.29179817536922
1603 33.79501898166952 89.29179817536922
1604 33.79501898166952 89.29179817536922
1605 33.79501898166952 89.29179817536922
1606 33.79501898166952 89.29179817536922
1607 33.79501898166952 89.29179817536922
1608 33.79501898166952 89.29179817536922
1609 33.79501898166952 89.29179817536922
1610 33.79501898166952 89.29179817536922
1611 33.79501898166952 89.29179817536922
1612 33.79501898166952 89.29179817536922
1613 33.79501898166952 89.29179817536922
1614 33.79501898166952 89.29179817536922
1615 33.79501898166952 89.29179817536922
1616 33.79501898166952 89.29179817536922
1617 33.79501898166952 89.29179817536922
1618 33.79501898166952 89.29179817536922
1619 33.79501898166952 89.29179817536922
1620 33.79501898166952 89.29179817536922
1621 33.79501898166952 89.29179817536922
1622 33.79501898166952 89.29179817536922
1623 33.79501898166952 89.29179817536922
1624 33.79501898166952 89.29179817536922
1625 33.79501898166952 89.29179817536922
1626 33.79501898166952 89.29179817536922
1627 33.79501898166952 89.29179817536922
1628 33.79501898166952 89.29179817536922
1629 33.79501898166952 89.29179817536922
1630 33.79501898166952 89.29179817536922
1631 33.79501898166952 89.29179817536922
1632 33.79501898166952 89.29179817536922
1633 33.79501898166952 89.29179817536922
1634 33.79501898166952 89.29179817536922
1635 33.79501898166952 89.29179817536922
1636 33.79501898166952 89.29179817536922
1637 33.79501898166952 89.29179817536922
1638 33.7950189816695 89.29179817536922
1639 33.7950189816695 89.29179817536922
1640 33.7950189816695 89.29179817536922
1641 33.7950189816695 89.29179817536922
1642 33.7950189816695 89.29179817536922
1643 33.7950189816695 89.29179817536922
1644 33.7950189816695 89.29179817536922
1645 33.7950189816695 89.29179817536922
1646 33.7950189816695 89.29179817536922
1647 33.7950189816695 89.29179817536922
1648 33.7950189816695 89.29179817536922
1649 33.7950189816695 89.29179817536922
1650 33.7950189816695 89.29179817536922
1651 33.7950189816695 89.29179817536922
1652 33.7950189816695 89.29179817536922
1653 33.7950189816695 89.29179817536922
1654 33.7950189816695 89.29179817536922
1655 33.7950189816695 89.29179817536922
1656 33.7950189816695 89.29179817536922
1657 33.7950189816695 89.29179817536922
1658 33.7950189816695 89.29179817536922
1659 33.7950189816695 89.29179817536922
1660 33.7950189816695 89.29179817536922
1661 33.7950189816695 89.29179817536922
1662 33.7950189816695 89.29179817536922
1663 33.7950189816695 89.29179817536922
1664 33.7950189816695 89.29179817536922
1665 33.7950189816695 89.29179817536922
1666 33.7950189816695 89.29179817536922
1667 33.7950189816695 89.29179817536922
1668 33.7950189816695 89.29179817536922
1669 33.7950189816695 89.29179817536922
1670 33.7950189816695 89.29179817536922
1671 33.7950189816695 89.29179817536922
1672 33.7950189816695 89.29179817536922
1673 33.7950189816695 89.29179817536922
1674 33.7950189816695 89.29179817536922
1675 33.7950189816695 89.29179817536922
1676 33.7950189816695 89.29179817536922
1677 33.7950189816695 89.29179817536922
1678 33.7950189816695 89.29179817536922
1679 33.7950189816695 89.29179817536922
1680 33.7950189816695 89.29179817536922
1681 33.7950189816695 89.29179817536922
1682 33.7950189816695 89.29179817536922
1683 33.7950189816695 89.29179817536922
1684 33.7950189816695 89.29179817536922
1685 33.7950189816695 89.29179817536922
1686 33.7950189816695 89.29179817536922
1687 33.7950189816695 89.29179817536922
1688 33.7950189816695 89.29179817536922
1689 33.7950189816695 89.29179817536922
1690 33.7950189816695 89.29179817536922
1691 33.7950189816695 89.29179817536922
1692 33.7950189816695 89.29179817536922
1693 33.7950189816695 89.29179817536922
1694 33.7950189816695 89.29179817536922
1695 33.7950189816695 89.29179817536922
1696 33.7950189816695 89.29179817536922
1697 33.7950189816695 89.29179817536922
1698 33.7950189816695 89.29179817536922
1699 33.7950189816695 89.29179817536922
1700 33.7950189816695 89.29179817536922
1701 33.7950189816695 89.29179817536922
1702 33.7950189816695 89.29179817536922
1703 33.7950189816695 89.29179817536922
1704 33.7950189816695 89.29179817536922
1705 33.7950189816695 89.29179817536922
1706 33.7950189816695 89.29179817536922
1707 33.7950189816695 89.29179817536922
1708 33.7950189816695 89.29179817536922
1709 33.7950189816695 89.29179817536922
1710 33.7950189816695 89.29179817536922
1711 33.7950189816695 89.29179817536922
1712 33.7950189816695 89.29179817536922
1713 33.7950189816695 89.29179817536922
1714 33.7950189816695 89.29179817536922
1715 33.7950189816695 89.29179817536922
1716 33.7950189816695 89.29179817536922
1717 33.7950189816695 89.29179817536922
1718 33.7950189816695 89.29179817536922
1719 33.7950189816695 89.29179817536922
1720 33.79501898166952 89.29179817536922
1721 33.79501898166952 89.29179817536922
1722 33.79501898166952 89.29179817536922
1723 33.79501898166952 89.29179817536922
1724 33.79501898166952 89.29179817536922
1725 33.79501898166952 89.29179817536922
1726 33.79501898166952 89.29179817536922
1727 33.79501898166952 89.29179817536922
1728 33.79501898166952 89.29179817536922
1729 33.79501898166952 89.29179817536922
1730 33.79501898166952 89.29179817536922
1731 33.79501898166952 89.29179817536922
1732 33.79501898166952 89.29179817536922
1733 33.79501898166952 89.29179817536922
1734 33.79501898166952 89.29179817536922
1735 33.79501898166952 89.29179817536922
1736 33.79501898166952 89.29179817536922
1737 33.79501898166952 89.29179817536922
1738 33.79501898166952 89.29179817536922
1739 33.79501898166952 89.29179817536922
1740 33.79501898166952 89.29179817536922
1741 33.79501898166952 89.29179817536922
1742 33.79501898166952 89.29179817536922
1743 33.79501898166952 89.29179817536922
1744 33.79501898166952 89.29179817536922
1745 33.79501898166952 89.29179817536922
1746 33.79501898166952 89.29179817536922
1747 33.79501898166952 89.29179817536922
1748 33.79501898166952 89.29179817536922
1749 33.79501898166952 89.29179817536922
1750 33.79501898166952 89.29179817536922
1751 33.79501898166952 89.29179817536922
1752 33.79501898166952 89.29179817536922
1753 33.79501898166952 89.29179817536922
1754 33.79501898166952 89.29179817536922
1755 33.79501898166952 89.29179817536922
1756 33.79501898166952 89.29179817536922
1757 33.79501898166952 89.29179817536922
1758 33.79501898166952 89.29179817536922
1759 33.79501898166952 89.29179817536922
1760 33.79501898166952 89.29179817536922
1761 33.79501898166952 89.29179817536922
1762 33.79501898166952 89.29179817536922
1763 33.79501898166952 89.29179817536922
1764 33.79501898166952 89.29179817536922
1765 33.79501898166952 89.29179817536922
1766 33.79501898166952 89.29179817536922
1767 33.79501898166952 89.29179817536922
1768 33.79501898166952 89.29179817536922
1769 33.79501898166952 89.29179817536922
1770 33.79501898166952 89.29179817536922
1771 33.79501898166952 89.29179817536922
1772 33.79501898166952 89.29179817536922
1773 33.79501898166952 89.29179817536922
1774 33.79501898166952 89.29179817536922
1775 33.79501898166952 89.29179817536922
1776 33.79501898166952 89.29179817536922
1777 33.79501898166952 89.29179817536922
1778 33.79501898166952 89.29179817536922
1779 33.79501898166952 89.29179817536922
1780 33.79501898166952 89.29179817536922
1781 33.79501898166952 89.29179817536922
1782 33.79501898166952 89.29179817536922
1783 33.79501898166952 89.29179817536922
1784 33.79501898166952 89.29179817536922
1785 33.79501898166952 89.29179817536922
1786 33.79501898166952 89.29179817536922
1787 33.79501898166952 89.29179817536922
1788 33.79501898166952 89.29179817536922
1789 33.79501898166952 89.29179817536922
1790 33.79501898166952 89.29179817536922
1791 33.79501898166952 89.29179817536922
1792 33.79501898166952 89.29179817536922
1793 33.79501898166952 89.29179817536922
1794 33.79501898166952 89.29179817536922
1795 33.79501898166952 89.29179817536922
1796 33.79501898166952 89.29179817536922
1797 33.79501898166952 89.29179817536922
1798 33.79501898166952 89.29179817536922
1799 33.79501898166952 89.29179817536922
1800 33.79501898166952 89.29179817536922
1801 33.79501898166952 89.29179817536922
1802 33.79501898166952 89.29179817536922
1803 33.79501898166952 89.29179817536922
1804 33.79501898166952 89.29179817536922
1805 33.79501898166952 89.29179817536922
1806 33.79501898166952 89.29179817536922
1807 33.79501898166952 89.29179817536922
1808 33.79501898166952 89.29179817536922
1809 33.79501898166952 89.29179817536922
1810 33.79501898166952 89.29179817536922
1811 33.79501898166952 89.29179817536922
1812 33.79501898166952 89.29179817536922
1813 33.79501898166952 89.29179817536922
1814 33.79501898166952 89.29179817536922
1815 33.79501898166952 89.29179817536922
1816 33.79501898166952 89.29179817536922
1817 33.79501898166952 89.29179817536922
1818 33.79501898166952 89.29179817536922
1819 33.79501898166952 89.29179817536922
1820 33.79501898166952 89.29179817536922
1821 33.79501898166952 89.29179817536922
1822 33.79501898166952 89.29179817536922
1823 33.79501898166952 89.29179817536922
1824 33.79501898166952 89.29179817536922
1825 33.79501898166952 89.29179817536922
1826 33.79501898166952 89.29179817536922
1827 33.79501898166952 89.29179817536922
1828 33.79501898166952 89.29179817536922
1829 33.79501898166952 89.29179817536922
1830 33.79501898166952 89.29179817536922
1831 33.79501898166952 89.29179817536922
1832 33.79501898166952 89.29179817536922
1833 33.79501898166952 89.29179817536922
1834 33.7950189816695 89.29179817536922
1835 33.7950189816695 89.29179817536922
1836 33.7950189816695 89.29179817536922
1837 33.7950189816695 89.29179817536922
1838 33.7950189816695 89.29179817536922
1839 33.7950189816695 89.29179817536922
1840 33.7950189816695 89.29179817536922
1841 33.7950189816695 89.29179817536922
1842 33.7950189816695 89.29179817536922
1843 33.7950189816695 89.29179817536922
1844 33.7950189816695 89.29179817536922
1845 33.7950189816695 89.29179817536922
1846 33.7950189816695 89.29179817536922
1847 33.7950189816695 89.29179817536922
1848 33.7950189816695 89.29179817536922
1849 33.7950189816695 89.29179817536922
1850 33.7950189816695 89.29179817536922
1851 33.7950189816695 89.29179817536922
1852 33.7950189816695 89.29179817536922
1853 33.7950189816695 89.29179817536922
1854 33.7950189816695 89.29179817536922
1855 33.7950189816695 89.29179817536922
1856 33.7950189816695 89.29179817536922
1857 33.7950189816695 89.29179817536922
1858 33.7950189816695 89.29179817536922
1859 33.7950189816695 89.29179817536922
1860 33.7950189816695 89.29179817536922
1861 33.7950189816695 89.29179817536922
1862 33.7950189816695 89.29179817536922
1863 33.7950189816695 89.29179817536922
1864 33.7950189816695 89.29179817536922
1865 33.7950189816695 89.29179817536922
1866 33.7950189816695 89.29179817536922
1867 33.7950189816695 89.29179817536922
1868 33.7950189816695 89.29179817536922
1869 33.7950189816695 89.29179817536922
1870 33.7950189816695 89.29179817536922
1871 33.7950189816695 89.29179817536922
1872 33.7950189816695 89.29179817536922
1873 33.7950189816695 89.29179817536922
1874 33.7950189816695 89.29179817536922
1875 33.7950189816695 89.29179817536922
1876 33.7950189816695 89.29179817536922
1877 33.7950189816695 89.29179817536922
1878 33.7950189816695 89.29179817536922
1879 33.7950189816695 89.29179817536922
1880 33.7950189816695 89.29179817536922
1881 33.7950189816695 89.29179817536922
1882 33.7950189816695 89.29179817536922
1883 33.7950189816695 89.29179817536922
1884 33.7950189816695 89.29179817536922
1885 33.7950189816695 89.29179817536922
1886 33.7950189816695 89.29179817536922
1887 33.7950189816695 89.29179817536922
1888 33.7950189816695 89.29179817536922
1889 33.7950189816695 89.29179817536922
1890 33.7950189816695 89.29179817536922
1891 33.7950189816695 89.29179817536922
1892 33.7950189816695 89.29179817536922
1893 33.7950189816695 89.29179817536922
1894 33.7950189816695 89.29179817536922
1895 33.7950189816695 89.29179817536922
1896 33.7950189816695 89.29179817536922
1897 33.7950189816695 89.29179817536922
1898 33.7950189816695 89.29179817536922
1899 33.7950189816695 89.29179817536922
1900 33.7950189816695 89.29179817536922
1901 33.7950189816695 89.29179817536922
1902 33.7950189816695 89.29179817536922
1903 33.7950189816695 89.29179817536922
1904 33.7950189816695 89.29179817536922
1905 33.7950189816695 89.29179817536922
1906 33.7950189816695 89.29179817536922
1907 33.7950189816695 89.29179817536922
1908 33.79501898166952 89.29179817536922
1909 33.79501898166952 89.29179817536922
1910 33.79501898166952 89.29179817536922
1911 33.7950189816695 89.29179817536922
1912 33.7950189816695 89.29179817536922
1913 33.7950189816695 89.29179817536922
1914 33.7950189816695 89.29179817536922
1915 33.7950189816695 89.29179817536922
1916 33.7950189816695 89.29179817536922
1917 33.7950189816695 89.29179817536922
1918 33.7950189816695 89.29179817536922
1919 33.7950189816695 89.29179817536922
1920 33.7950189816695 89.29179817536922
1921 33.7950189816695 89.29179817536922
1922 33.7950189816695 89.29179817536922
1923 33.7950189816695 89.29179817536922
1924 33.7950189816695 89.29179817536922
1925 33.7950189816695 89.29179817536922
1926 33.7950189816695 89.29179817536922
1927 33.7950189816695 89.29179817536922
1928 33.7950189816695 89.29179817536922
1929 33.7950189816695 89.29179817536922
1930 33.7950189816695 89.29179817536922
1931 33.7950189816695 89.29179817536922
1932 33.7950189816695 89.29179817536922
1933 33.7950189816695 89.29179817536922
1934 33.7950189816695 89.29179817536922
1935 33.7950189816695 89.29179817536922
1936 33.7950189816695 89.29179817536922
1937 33.7950189816695 89.29179817536922
1938 33.7950189816695 89.29179817536922
1939 33.7950189816695 89.29179817536922
1940 33.7950189816695 89.29179817536922
1941 33.7950189816695 89.29179817536922
1942 33.7950189816695 89.29179817536922
1943 33.7950189816695 89.29179817536922
1944 33.7950189816695 89.29179817536922
1945 33.7950189816695 89.29179817536922
1946 33.7950189816695 89.29179817536922
1947 33.7950189816695 89.29179817536922
1948 33.7950189816695 89.29179817536922
1949 33.7950189816695 89.29179817536922
1950 33.7950189816695 89.29179817536922
1951 33.7950189816695 89.29179817536922
1952 33.7950189816695 89.29179817536922
1953 33.7950189816695 89.29179817536922
1954 33.7950189816695 89.29179817536922
1955 33.7950189816695 89.29179817536922
1956 33.7950189816695 89.29179817536922
1957 33.7950189816695 89.29179817536922
1958 33.7950189816695 89.29179817536922
1959 33.7950189816695 89.29179817536922
1960 33.79501898166952 89.29179817536922
1961 33.79501898166952 89.29179817536922
1962 33.79501898166952 89.29179817536922
1963 33.79501898166952 89.29179817536922
1964 33.79501898166952 89.29179817536922
1965 33.79501898166952 89.29179817536922
1966 33.79501898166952 89.29179817536922
1967 33.79501898166952 89.29179817536922
1968 33.79501898166952 89.29179817536922
1969 33.79501898166952 89.29179817536922
1970 33.79501898166952 89.29179817536922
1971 33.79501898166952 89.29179817536922
1972 33.79501898166952 89.29179817536922
1973 33.79501898166952 89.29179817536922
1974 33.79501898166952 89.29179817536922
1975 33.79501898166952 89.29179817536922
1976 33.79501898166952 89.29179817536922
1977 33.79501898166952 89.29179817536922
1978 33.79501898166952 89.29179817536922
1979 33.79501898166952 89.29179817536922
1980 33.79501898166952 89.29179817536922
1981 33.79501898166952 89.29179817536922
1982 33.79501898166952 89.29179817536922
1983 33.79501898166952 89.29179817536922
1984 33.79501898166952 89.29179817536922
1985 33.79501898166952 89.29179817536922
1986 33.79501898166952 89.29179817536922
1987 33.79501898166952 89.29179817536922
1988 33.79501898166952 89.29179817536922
1989 33.79501898166952 89.29179817536922
1990 33.79501898166952 89.29179817536922
1991 33.79501898166952 89.29179817536922
1992 33.79501898166952 89.29179817536922
1993 33.79501898166952 89.29179817536922
1994 33.79501898166952 89.29179817536922
1995 33.79501898166952 89.29179817536922
1996 33.79501898166952 89.29179817536922
1997 33.79501898166952 89.29179817536922
1998 33.79501898166952 89.29179817536922
1999 33.79501898166952 89.29179817536922
2000 33.79501898166952 89.29179817536922
2001 33.79501898166952 89.29179817536922
2002 33.79501898166952 89.29179817536922
2003 33.79501898166952 89.29179817536922
2004 33.79501898166952 89.29179817536922
2005 33.79501898166952 89.29179817536922
2006 33.79501898166952 89.29179817536922
2007 33.79501898166952 89.29179817536922
2008 33.79501898166952 89.29179817536922
2009 33.79501898166952 89.29179817536922
2010 33.7950189816695 89.29179817536922
2011 33.7950189816695 89.29179817536922
2012 33.7950189816695 89.29179817536922
2013 33.7950189816695 89.29179817536922
2014 33.7950189816695 89.29179817536922
2015 33.7950189816695 89.29179817536922
2016 33.7950189816695 89.29179817536922
2017 33.7950189816695 89.29179817536922
2018 33.7950189816695 89.29179817536922
2019 33.7950189816695 89.29179817536922
2020 33.7950189816695 89.29179817536922
2021 33.7950189816695 89.29179817536922
2022 33.7950189816695 89.29179817536922
2023 33.7950189816695 89.29179817536922
2024 33.7950189816695 89.29179817536922
2025 33.7950189816695 89.29179817536922
2026 33.7950189816695 89.29179817536922
2027 33.7950189816695 89.29179817536922
2028 33.7950189816695 89.29179817536922
2029 33.7950189816695 89.29179817536922
2030 33.7950189816695 89.29179817536922
2031 33.7950189816695 89.29179817536922
2032 33.7950189816695 89.29179817536922
2033 33.7950189816695 89.29179817536922
2034 33.7950189816695 89.29179817536922
2035 33.7950189816695 89.29179817536922
2036 33.7950189816695 89.29179817536922
2037 33.7950189816695 89.29179817536922
2038 33.7950189816695 89.29179817536922
2039 33.7950189816695 89.29179817536922
2040 33.7950189816695 89.29179817536922
2041 33.7950189816695 89.29179817536922
2042 33.7950189816695 89.29179817536922
2043 33.7950189816695 89.29179817536922
2044 33.7950189816695 89.29179817536922
2045 33.7950189816695 89.29179817536922
2046 33.7950189816695 89.29179817536922
2047 33.7950189816695 89.29179817536922
2048 33.7950189816695 89.29179817536922
2049 33.7950189816695 89.29179817536922
2050 33.7950189816695 89.29179817536922
2051 33.7950189816695 89.29179817536922
2052 33.7950189816695 89.29179817536922
2053 33.7950189816695 89.29179817536922
2054 33.7950189816695 89.29179817536922
2055 33.7950189816695 89.29179817536922
2056 33.7950189816695 89.29179817536922
2057 33.7950189816695 89.29179817536922
2058 33.7950189816695 89.29179817536922
2059 33.7950189816695 89.29179817536922
2060 33.7950189816695 89.29179817536922
2061 33.7950189816695 89.29179817536922
2062 33.7950189816695 89.29179817536922
2063 33.7950189816695 89.29179817536922
2064 33.7950189816695 89.29179817536922
2065 33.7950189816695 89.29179817536922
2066 33.7950189816695 89.29179817536922
2067 33.7950189816695 89.29179817536922
2068 33.7950189816695 89.29179817536922
2069 33.7950189816695 89.29179817536922
2070 33.7950189816695 89.29179817536922
2071 33.7950189816695 89.29179817536922
2072 33.7950189816695 89.29179817536922
2073 33.7950189816695 89.29179817536922
2074 33.7950189816695 89.29179817536922
2075 33.7950189816695 89.29179817536922
2076 33.7950189816695 89.29179817536922
2077 33.7950189816695 89.29179817536922
2078 33.7950189816695 89.29179817536922
2079 33.7950189816695 89.29179817536922
2080 33.7950189816695 89.29179817536922
2081 33.7950189816695 89.29179817536922
2082 33.7950189816695 89.29179817536922
2083 33.7950189816695 89.29179817536922
2084 33.7950189816695 89.29179817536922
2085 33.7950189816695 89.29179817536922
2086 33.7950189816695 89.29179817536922
2087 33.7950189816695 89.29179817536922
2088 33.7950189816695 89.29179817536922
2089 33.7950189816695 89.29179817536922
2090 33.7950189816695 89.29179817536922
2091 33.7950189816695 89.29179817536922
2092 33.7950189816695 89.29179817536922
2093 33.7950189816695 89.29179817536922
2094 33.7950189816695 89.29179817536922
2095 33.7950189816695 89.29179817536922
2096 33.7950189816695 89.29179817536922
2097 33.7950189816695 89.29179817536922
2098 33.7950189816695 89.29179817536922
2099 33.7950189816695 89.29179817536922
2100 33.7950189816695 89.29179817536922
2101 33.7950189816695 89.29179817536922
2102 33.7950189816695 89.29179817536922
2103 33.7950189816695 89.29179817536922
2104 33.7950189816695 89.29179817536922
2105 33.7950189816695 89.29179817536922
2106 33.7950189816695 89.29179817536922
2107 33.7950189816695 89.29179817536922
2108 33.7950189816695 89.29179817536922
2109 33.7950189816695 89.29179817536922
2110 33.7950189816695 89.29179817536922
2111 33.7950189816695 89.29179817536922
2112 33.7950189816695 89.29179817536922
2113 33.7950189816695 89.29179817536922
2114 33.7950189816695 89.29179817536922
2115 33.7950189816695 89.29179817536922
2116 33.7950189816695 89.29179817536922
2117 33.7950189816695 89.29179817536922
2118 33.7950189816695 89.29179817536922
2119 33.7950189816695 89.29179817536922
2120 33.7950189816695 89.29179817536922
2121 33.7950189816695 89.29179817536922
2122 33.7950189816695 89.29179817536922
2123 33.7950189816695 89.29179817536922
2124 33.7950189816695 89.29179817536922
2125 33.7950189816695 89.29179817536922
2126 33.7950189816695 89.29179817536922
2127 33.7950189816695 89.29179817536922
2128 33.7950189816695 89.29179817536922
2129 33.7950189816695 89.29179817536922
2130 33.7950189816695 89.29179817536922
2131 33.7950189816695 89.29179817536922
2132 33.7950189816695 89.29179817536922
2133 33.7950189816695 89.29179817536922
2134 33.7950189816695 89.29179817536922
2135 33.7950189816695 89.29179817536922
2136 33.7950189816695 89.29179817536922
2137 33.7950189816695 89.29179817536922
2138 33.7950189816695 89.29179817536922
2139 33.7950189816695 89.29179817536922
2140 33.7950189816695 89.29179817536922
2141 33.7950189816695 89.29179817536922
2142 33.7950189816695 89.29179817536922
2143 33.7950189816695 89.29179817536922
2144 33.7950189816695 89.29179817536922
2145 33.7950189816695 89.29179817536922
2146 33.7950189816695 89.29179817536922
2147 33.7950189816695 89.29179817536922
2148 33.7950189816695 89.29179817536922
2149 33.7950189816695 89.29179817536922
2150 33.7950189816695 89.29179817536922
2151 33.7950189816695 89.29179817536922
2152 33.7950189816695 89.29179817536922
2153 33.7950189816695 89.29179817536922
2154 33.7950189816695 89.29179817536922
2155 33.7950189816695 89.29179817536922
2156 33.7950189816695 89.29179817536922
2157 33.7950189816695 89.29179817536922
2158 33.7950189816695 89.29179817536922
2159 33.7950189816695 89.29179817536922
2160 33.7950189816695 89.29179817536922
2161 33.7950189816695 89.29179817536922
2162 33.7950189816695 89.29179817536922
2163 33.7950189816695 89.29179817536922
2164 33.7950189816695 89.29179817536922
2165 33.7950189816695 89.29179817536922
2166 33.7950189816695 89.29179817536922
2167 33.7950189816695 89.29179817536922
2168 33.7950189816695 89.29179817536922
2169 33.7950189816695 89.29179817536922
2170 33.7950189816695 89.29179817536922
2171 33.7950189816695 89.29179817536922
2172 33.7950189816695 89.29179817536922
2173 33.7950189816695 89.29179817536922
2174 33.7950189816695 89.29179817536922
2175 33.7950189816695 89.29179817536922
2176 33.7950189816695 89.29179817536922
2177 33.7950189816695 89.29179817536922
2178 33.7950189816695 89.29179817536922
2179 33.7950189816695 89.29179817536922
2180 33.7950189816695 89.29179817536922
2181 33.7950189816695 89.29179817536922
2182 33.7950189816695 89.29179817536922
2183 33.7950189816695 89.29179817536922
2184 33.7950189816695 89.29179817536922
2185 33.7950189816695 89.29179817536922
2186 33.7950189816695 89.29179817536922
2187 33.7950189816695 89.29179817536922
2188 33.7950189816695 89.29179817536922
2189 33.7950189816695 89.29179817536922
2190 33.7950189816695 89.29179817536922
2191 33.7950189816695 89.29179817536922
2192 33.7950189816695 89.29179817536922
2193 33.7950189816695 89.29179817536922
2194 33.7950189816695 89.29179817536922
2195 33.7950189816695 89.29179817536922
2196 33.7950189816695 89.29179817536922
2197 33.7950189816695 89.29179817536922
2198 33.7950189816695 89.29179817536922
2199 33.7950189816695 89.29179817536922
2200 33.7950189816695 89.29179817536922
2201 33.7950189816695 89.29179817536922
2202 33.7950189816695 89.29179817536922
2203 33.7950189816695 89.29179817536922
2204 33.7950189816695 89.29179817536922
2205 33.7950189816695 89.29179817536922
2206 33.7950189816695 89.29179817536922
2207 33.7950189816695 89.29179817536922
2208 33.7950189816695 89.29179817536922
2209 33.7950189816695 89.29179817536922
2210 33.7950189816695 89.29179817536922
2211 33.7950189816695 89.29179817536922
2212 33.7950189816695 89.29179817536922
2213 33.7950189816695 89.29179817536922
2214 33.7950189816695 89.29179817536922
2215 33.7950189816695 89.29179817536922
2216 33.7950189816695 89.29179817536922
2217 33.7950189816695 89.29179817536922
2218 33.7950189816695 89.29179817536922
2219 33.7950189816695 89.29179817536922
2220 33.7950189816695 89.29179817536922
2221 33.7950189816695 89.29179817536922
2222 33.7950189816695 89.29179817536922
2223 33.7950189816695 89.29179817536922
2224 33.7950189816695 89.29179817536922
2225 33.7950189816695 89.29179817536922
2226 33.7950189816695 89.29179817536922
2227 33.7950189816695 89.29179817536922
2228 33.7950189816695 89.29179817536922
2229 33.7950189816695 89.29179817536922
2230 33.7950189816695 89.29179817536922
2231 33.7950189816695 89.29179817536922
2232 33.7950189816695 89.29179817536922
2233 33.7950189816695 89.29179817536922
2234 33.7950189816695 89.29179817536922
2235 33.7950189816695 89.29179817536922
2236 33.7950189816695 89.29179817536922
2237 33.7950189816695 89.29179817536922
2238 33.7950189816695 89.29179817536922
2239 33.7950189816695 89.29179817536922
2240 33.7950189816695 89.29179817536922
2241 33.7950189816695 89.29179817536922
2242 33.7950189816695 89.29179817536922
2243 33.7950189816695 89.29179817536922
2244 33.7950189816695 89.29179817536922
2245 33.7950189816695 89.29179817536922
2246 33.7950189816695 89.29179817536922
2247 33.7950189816695 89.29179817536922
2248 33.7950189816695 89.29179817536922
2249 33.7950189816695 89.29179817536922
2250 33.7950189816695 89.29179817536922
2251 33.7950189816695 89.29179817536922
2252 33.7950189816695 89.29179817536922
2253 33.7950189816695 89.29179817536922
2254 33.7950189816695 89.29179817536922
2255 33.7950189816695 89.29179817536922
2256 33.7950189816695 89.29179817536922
2257 33.7950189816695 89.29179817536922
2258 33.7950189816695 89.29179817536922
2259 33.7950189816695 89.29179817536922
2260 33.7950189816695 89.29179817536922
2261 33.7950189816695 89.29179817536922
2262 33.7950189816695 89.29179817536922
2263 33.7950189816695 89.29179817536922
2264 33.7950189816695 89.29179817536922
2265 33.7950189816695 89.29179817536922
2266 33.7950189816695 89.29179817536922
2267 33.7950189816695 89.29179817536922
2268 33.7950189816695 89.29179817536922
2269 33.7950189816695 89.29179817536922
2270 33.7950189816695 89.29179817536922
2271 33.7950189816695 89.29179817536922
2272 33.7950189816695 89.29179817536922
2273 33.7950189816695 89.29179817536922
2274 33.7950189816695 89.29179817536922
2275 33.7950189816695 89.29179817536922
2276 33.7950189816695 89.29179817536922
2277 33.7950189816695 89.29179817536922
2278 33.7950189816695 89.29179817536922
2279 33.7950189816695 89.29179817536922
2280 33.7950189816695 89.29179817536922
2281 33.7950189816695 89.29179817536922
2282 33.7950189816695 89.29179817536922
2283 33.7950189816695 89.29179817536922
2284 33.7950189816695 89.29179817536922
2285 33.7950189816695 89.29179817536922
2286 33.7950189816695 89.29179817536922
2287 33.7950189816695 89.29179817536922
2288 33.7950189816695 89.29179817536922
2289 33.79501898166952 89.29179817536922
2290 33.79501898166952 89.29179817536922
2291 33.79501898166952 89.29179817536922
2292 33.79501898166952 89.29179817536922
2293 33.79501898166952 89.29179817536922
2294 33.79501898166952 89.29179817536922
2295 33.79501898166952 89.29179817536922
2296 33.79501898166952 89.29179817536922
2297 33.79501898166952 89.29179817536922
2298 33.79501898166952 89.29179817536922
2299 33.79501898166952 89.29179817536922
2300 33.79501898166952 89.29179817536922
2301 33.79501898166952 89.29179817536922
2302 33.7950189816695 89.29179817536922
2303 33.7950189816695 89.29179817536922
2304 33.7950189816695 89.29179817536922
2305 33.7950189816695 89.29179817536922
2306 33.7950189816695 89.29179817536922
2307 33.7950189816695 89.29179817536922
2308 33.7950189816695 89.29179817536922
2309 33.7950189816695 89.29179817536922
2310 33.7950189816695 89.29179817536922
2311 33.7950189816695 89.29179817536922
2312 33.7950189816695 89.29179817536922
2313 33.7950189816695 89.29179817536922
2314 33.7950189816695 89.29179817536922
2315 33.7950189816695 89.29179817536922
2316 33.7950189816695 89.29179817536922
2317 33.7950189816695 89.29179817536922
2318 33.7950189816695 89.29179817536922
2319 33.7950189816695 89.29179817536922
2320 33.7950189816695 89.29179817536922
2321 33.7950189816695 89.29179817536922
2322 33.7950189816695 89.29179817536922
2323 33.7950189816695 89.29179817536922
2324 33.7950189816695 89.29179817536922
2325 33.7950189816695 89.29179817536922
2326 33.7950189816695 89.29179817536922
2327 33.7950189816695 89.29179817536922
2328 33.7950189816695 89.29179817536922
2329 33.7950189816695 89.29179817536922
2330 33.7950189816695 89.29179817536922
2331 33.7950189816695 89.29179817536922
2332 33.7950189816695 89.29179817536922
2333 33.7950189816695 89.29179817536922
2334 33.7950189816695 89.29179817536922
2335 33.7950189816695 89.29179817536922
2336 33.7950189816695 89.29179817536922
2337 33.7950189816695 89.29179817536922
2338 33.7950189816695 89.29179817536922
2339 33.7950189816695 89.29179817536922
2340 33.7950189816695 89.29179817536922
2341 33.7950189816695 89.29179817536922
2342 33.7950189816695 89.29179817536922
2343 33.7950189816695 89.29179817536922
2344 33.7950189816695 89.29179817536922
2345 33.7950189816695 89.29179817536922
2346 33.7950189816695 89.29179817536922
2347 33.7950189816695 89.29179817536922
2348 33.7950189816695 89.29179817536922
2349 33.7950189816695 89.29179817536922
2350 33.7950189816695 89.29179817536922
2351 33.7950189816695 89.29179817536922
2352 33.7950189816695 89.29179817536922
2353 33.7950189816695 89.29179817536922
2354 33.7950189816695 89.29179817536922
2355 33.7950189816695 89.29179817536922
2356 33.7950189816695 89.29179817536922
2357 33.7950189816695 89.29179817536922
2358 33.7950189816695 89.29179817536922
2359 33.7950189816695 89.29179817536922
2360 33.7950189816695 89.29179817536922
2361 33.7950189816695 89.29179817536922
2362 33.7950189816695 89.29179817536922
2363 33.7950189816695 89.29179817536922
2364 33.7950189816695 89.29179817536922
2365 33.7950189816695 89.29179817536922
2366 33.7950189816695 89.29179817536922
2367 33.7950189816695 89.29179817536922
2368 33.7950189816695 89.29179817536922
2369 33.7950189816695 89.29179817536922
2370 33.7950189816695 89.29179817536922
2371 33.7950189816695 89.29179817536922
2372 33.7950189816695 89.29179817536922
2373 33.7950189816695 89.29179817536922
2374 33.7950189816695 89.29179817536922
2375 33.7950189816695 89.29179817536922
2376 33.7950189816695 89.29179817536922
2377 33.7950189816695 89.29179817536922
2378 33.7950189816695 89.29179817536922
2379 33.7950189816695 89.29179817536922
2380 33.7950189816695 89.29179817536922
2381 33.7950189816695 89.29179817536922
2382 33.7950189816695 89.29179817536922
2383 33.7950189816695 89.29179817536922
2384 33.7950189816695 89.29179817536922
2385 33.7950189816695 89.29179817536922
2386 33.7950189816695 89.29179817536922
2387 33.7950189816695 89.29179817536922
2388 33.7950189816695 89.29179817536922
2389 33.7950189816695 89.29179817536922
2390 33.7950189816695 89.29179817536922
2391 33.7950189816695 89.29179817536922
2392 33.7950189816695 89.29179817536922
2393 33.7950189816695 89.29179817536922
2394 33.7950189816695 89.29179817536922
2395 33.7950189816695 89.29179817536922
2396 33.7950189816695 89.29179817536922
2397 33.7950189816695 89.29179817536922
2398 33.7950189816695 89.29179817536922
2399 33.7950189816695 89.29179817536922
2400 33.7950189816695 89.29179817536922
2401 33.7950189816695 89.29179817536922
2402 33.7950189816695 89.29179817536922
2403 33.7950189816695 89.29179817536922
2404 33.7950189816695 89.29179817536922
2405 33.7950189816695 89.29179817536922
2406 33.7950189816695 89.29179817536922
2407 33.7950189816695 89.29179817536922
2408 33.7950189816695 89.29179817536922
2409 33.7950189816695 89.29179817536922
2410 33.7950189816695 89.29179817536922
2411 33.7950189816695 89.29179817536922
2412 33.7950189816695 89.29179817536922
2413 33.7950189816695 89.29179817536922
2414 33.7950189816695 89.29179817536922
2415 33.7950189816695 89.29179817536922
2416 33.7950189816695 89.29179817536922
2417 33.7950189816695 89.29179817536922
2418 33.7950189816695 89.29179817536922
2419 33.7950189816695 89.29179817536922
2420 33.7950189816695 89.29179817536922
2421 33.7950189816695 89.29179817536922
2422 33.7950189816695 89.29179817536922
2423 33.7950189816695 89.29179817536922
2424 33.7950189816695 89.29179817536922
2425 33.7950189816695 89.29179817536922
2426 33.7950189816695 89.29179817536922
2427 33.7950189816695 89.29179817536922
2428 33.7950189816695 89.29179817536922
2429 33.7950189816695 89.29179817536922
2430 33.7950189816695 89.29179817536922
2431 33.7950189816695 89.29179817536922
2432 33.7950189816695 89.29179817536922
2433 33.7950189816695 89.29179817536922
2434 33.7950189816695 89.29179817536922
2435 33.7950189816695 89.29179817536922
2436 33.7950189816695 89.29179817536922
2437 33.7950189816695 89.29179817536922
2438 33.7950189816695 89.29179817536922
2439 33.7950189816695 89.29179817536922
2440 33.7950189816695 89.29179817536922
2441 33.7950189816695 89.29179817536922
2442 33.7950189816695 89.29179817536922
2443 33.7950189816695 89.29179817536922
2444 33.7950189816695 89.29179817536922
2445 33.7950189816695 89.29179817536922
2446 33.7950189816695 89.29179817536922
2447 33.7950189816695 89.29179817536922
2448 33.7950189816695 89.29179817536922
2449 33.7950189816695 89.29179817536922
2450 33.7950189816695 89.29179817536922
2451 33.7950189816695 89.29179817536922
2452 33.7950189816695 89.29179817536922
2453 33.7950189816695 89.29179817536922
2454 33.7950189816695 89.29179817536922
2455 33.7950189816695 89.29179817536922
2456 33.7950189816695 89.29179817536922
2457 33.7950189816695 89.29179817536922
2458 33.7950189816695 89.29179817536922
2459 33.7950189816695 89.29179817536922
2460 33.7950189816695 89.29179817536922
2461 33.7950189816695 89.29179817536922
2462 33.7950189816695 89.29179817536922
2463 33.7950189816695 89.29179817536922
2464 33.7950189816695 89.29179817536922
2465 33.7950189816695 89.29179817536922
2466 33.7950189816695 89.29179817536922
2467 33.7950189816695 89.29179817536922
2468 33.7950189816695 89.29179817536922
2469 33.7950189816695 89.29179817536922
2470 33.7950189816695 89.29179817536922
2471 33.7950189816695 89.29179817536922
2472 33.7950189816695 89.29179817536922
2473 33.7950189816695 89.29179817536922
2474 33.7950189816695 89.29179817536922
2475 33.7950189816695 89.29179817536922
2476 33.7950189816695 89.29179817536922
2477 33.7950189816695 89.29179817536922
2478 33.7950189816695 89.29179817536922
2479 33.7950189816695 89.29179817536922
2480 33.7950189816695 89.29179817536922
2481 33.7950189816695 89.29179817536922
2482 33.7950189816695 89.29179817536922
2483 33.7950189816695 89.29179817536922
2484 33.7950189816695 89.29179817536922
2485 33.7950189816695 89.29179817536922
2486 33.7950189816695 89.29179817536922
2487 33.7950189816695 89.29179817536922
2488 33.7950189816695 89.29179817536922
2489 33.7950189816695 89.29179817536922
2490 33.7950189816695 89.29179817536922
2491 33.7950189816695 89.29179817536922
2492 33.7950189816695 89.29179817536922
2493 33.7950189816695 89.29179817536922
2494 33.7950189816695 89.29179817536922
2495 33.7950189816695 89.29179817536922
2496 33.7950189816695 89.29179817536922
2497 33.7950189816695 89.29179817536922
2498 33.7950189816695 89.29179817536922
2499 33.7950189816695 89.29179817536922
