# iteración mejor promedio
0 706.519691480704 4505.2325758145835
1 706.519691480704 4496.719892475318
2 706.519691480704 4496.719892475318
3 706.519691480704 4512.136009292503
4 706.519691480704 4526.875278314521
5 706.519691480704 4536.250202243969
6 706.519691480704 4530.325189783682
7 706.519691480704 4552.277329120071
8 706.519691480704 4539.190231332021
9 706.519691480704 4556.865679642439
10 706.519691480704 4557.966892659985
11 706.519691480704 4558.515966309437
12 706.519691480704 4565.848146776119
13 706.519691480704 4567.318833968364
14 706.519691480704 4587.762025855696
15 706.519691480704 4553.473402267691
16 706.519691480704 4546.467336314402
17 706.519691480704 4536.997252309361
18 706.519691480704 4536.714919244545
19 706.519691480704 4513.056698972151
20 706.519691480704 4532.945705164637
21 706.519691480704 4560.108361188676
22 706.519691480704 4563.507215653562
23 706.519691480704 4557.277910266362
24 706.519691480704 4552.792111623546
25 720.0588798443304 4566.983257642683
26 720.0588798443304 4555.212926619925
27 720.0588798443304 4541.751485941771
28 720.0588798443304 4537.156527256578
29 720.0588798443304 4577.583781591766
30 720.0588798443304 4584.639445257272
31 720.0588798443304 4579.971443852826
32 720.0588798443304 4579.971443852826
33 720.0588798443304 4584.967762114203
34 720.0588798443304 4577.239458698613
35 720.0588798443304 4570.965301823699
36 720.0588798443304 4574.1104921260885
37 720.0588798443304 4574.169476650615
38 720.0588798443304 4595.57189915406
39 720.0588798443304 4528.4538817300645
40 720.0588798443304 4509.67900684823
41 720.0588798443304 4499.81153329913
42 720.0588798443304 4484.88603777453
43 720.0588798443304 4484.88603777453
44 720.0588798443304 4489.075390067819
45 720.0588798443304 4492.811416291097
46 720.0588798443304 4530.353817251275
47 720.0588798443304 4530.353817251275
48 720.0588798443304 4530.528630075981
49 720.0588798443304 4518.151791246182
50 720.0588798443304 4520.807193545059
51 720.0588798443304 4541.32076024228
52 720.0588798443304 4560.553155281341
53 720.0588798443304 4542.914158223793
54 720.0588798443304 4547.365956758961
55 720.0588798443304 4554.512941355215
56 882.2505863290281 4561.642778749909
57 882.2505863290281 4561.642778749909
58 882.2505863290281 4557.493259041227
59 882.2505863290281 4542.0792775679165
60 882.2505863290281 4501.827596099184
61 882.2505863290281 4570.099080001939
62 882.2505863290281 4602.0975898396955
63 882.2505863290281 4602.0975898396955
64 882.2505863290281 4593.844034833916
65 882.2505863290281 4590.422512387571
66 882.2505863290281 4603.7843959173915
67 882.2505863290281 4590.053116258306
68 882.2505863290281 4595.069693866631
69 882.2505863290281 4537.975618235641
70 882.2505863290281 4533.898006191825
71 882.2505863290281 4508.4087407108545
72 882.2505863290281 4491.996609627577
73 882.2505863290281 4470.444065390756
74 882.2505863290281 4478.920711923342
75 882.2505863290281 4478.638378858526
76 882.2505863290281 4490.673244155786
77 882.2505863290281 4516.9178462462605
78 882.2505863290281 4518.853349616152
79 882.2505863290281 4459.5783734018005
80 882.2505863290281 4475.981901488459
81 882.2505863290281 4477.548843998471
82 882.2505863290281 4477.548843998471
83 882.2505863290281 4479.449939642437
84 882.2505863290281 4504.202291277009
85 882.2505863290281 4514.604978312901
86 882.2505863290281 4500.629297206234
87 882.2505863290281 4494.908641330577
88 882.2505863290281 4500.400990803254
89 882.2505863290281 4507.31089455844
90 882.2505863290281 4506.590758630088
91 882.2505863290281 4515.691211081555
92 882.2505863290281 4475.7236218441585
93 882.2505863290281 4485.041525540163
94 882.2505863290281 4485.041525540163
95 882.2505863290281 4519.936222752777
96 882.2505863290281 4519.936222752777
97 882.2505863290281 4520.3919316031115
98 882.2505863290281 4528.374677681322
99 720.0588798443304 4504.374734384704
100 720.0588798443304 4504.374734384704
101 720.0588798443304 4547.017961013189
102 720.0588798443304 4571.035374476508
103 720.0588798443304 4565.2426514561075
104 720.0588798443304 4568.420300735744
105 720.0588798443304 4566.508595263105
106 720.0588798443304 4567.683094935567
107 720.0588798443304 4552.45336540511
108 720.0588798443304 4545.394073422422
109 720.0588798443304 4526.502360192566
110 720.0588798443304 4526.502360192566
111 720.0588798443304 4533.836145631459
112 720.0588798443304 4538.504147035903
113 720.0588798443304 4590.505937200454
114 720.0588798443304 4570.950918141836
115 720.0588798443304 4575.686156581954
116 720.0588798443304 4585.842912649098
117 720.0588798443304 4559.605668994714
118 720.0588798443304 4539.797391669443
119 720.0588798443304 4554.732907854034
120 720.0588798443304 4558.330149905913
121 720.0588798443304 4545.056867625558
122 720.0588798443304 4542.572559043564
123 720.0588798443304 4548.527326135247
124 720.0588798443304 4553.132526478123
125 720.0588798443304 4558.843850956283
126 882.2505863290281 4569.026985082663
127 882.2505863290281 4607.968933612988
128 882.2505863290281 4578.328490114944
129 882.2505863290281 4575.275193383257
130 882.2505863290281 4583.106069039652
131 882.2505863290281 4583.106069039652
132 882.2505863290281 4573.70283560241
133 882.2505863290281 4626.191710890524
134 882.2505863290281 4621.960670592784
135 882.2505863290281 4605.175060621254
136 882.2505863290281 4604.168180596812
137 882.2505863290281 4604.168180596812
138 882.2505863290281 4543.284805857569
139 814.8472003866517 4541.71807042595
140 814.8472003866517 4537.691289642586
141 814.8472003866517 4537.691289642586
142 814.8472003866517 4537.4302098213275
143 814.8472003866517 4511.470270744001
144 814.8472003866517 4521.533200515918
145 814.8472003866517 4534.056649508621
146 814.8472003866517 4518.761405442829
147 814.8472003866517 4487.470996395516
148 814.8472003866517 4474.843246596945
149 814.8472003866517 4463.646943476206
150 814.8472003866517 4477.14772558379
151 814.8472003866517 4506.068585896148
152 814.8472003866517 4531.555258161259
153 814.8472003866517 4506.997980564684
154 814.8472003866517 4501.528355121718
155 814.8472003866517 4478.421677116346
156 814.8472003866517 4527.121454710938
157 814.8472003866517 4531.641057979484
158 814.8472003866517 4535.377084202761
159 814.8472003866517 4572.157816885017
160 814.8472003866517 4588.152915183938
161 814.8472003866517 4616.1317152268575
162 814.8472003866517 4602.803825877367
163 814.8472003866517 4606.100536888399
164 814.8472003866517 4590.388830972745
165 814.8472003866517 4594.153422958028
166 814.8472003866517 4502.210055208022
167 814.8472003866517 4492.775378153307
168 814.8472003866517 4498.568101173708
169 814.8472003866517 4499.3625516100965
170 814.8472003866517 4498.8723116417905
171 814.8472003866517 4517.067099195748
172 814.8472003866517 4558.8711507222315
173 814.8472003866517 4526.712375935753
174 814.8472003866517 4585.391452314535
175 814.8472003866517 4574.317877708875
176 814.8472003866517 4582.735650099622
177 814.8472003866517 4562.212724364858
178 814.8472003866517 4562.212724364858
179 814.8472003866517 4562.212724364858
180 814.8472003866517 4515.563045245437
181 814.8472003866517 4509.700837268327
182 814.8472003866517 4546.665620579521
183 814.8472003866517 4546.665620579521
184 814.8472003866517 4554.212020645494
185 814.8472003866517 4541.732979758758
186 814.8472003866517 4541.732979758758
187 814.8472003866517 4542.03450206661
188 814.8472003866517 4553.256218448876
189 814.8472003866517 4512.810573054368
190 882.2505863290281 4501.661942321673
191 882.2505863290281 4496.483886073253
192 882.2505863290281 4492.733463408807
193 900.6967304563514 4518.9200286332
194 900.6967304563514 4519.845880149634
195 900.6967304563514 4519.114982736465
196 900.6967304563514 4525.15657437676
197 900.6967304563514 4545.599766264092
198 900.6967304563514 4563.900105180824
199 900.6967304563514 4551.870707921463
200 900.6967304563514 4570.141702588623
201 882.2505863290281 4552.01112154161
202 882.2505863290281 4525.691668693378
203 882.2505863290281 4527.561318048456
204 882.2505863290281 4513.982902890074
205 882.2505863290281 4511.193717991509
206 882.2505863290281 4511.193717991509
207 882.2505863290281 4473.178519928303
208 882.2505863290281 4457.918898969236
209 882.2505863290281 4502.189973782016
210 882.2505863290281 4497.521972377571
211 882.2505863290281 4542.545998446348
212 882.2505863290281 4549.330267517746
213 882.2505863290281 4559.539791837049
214 882.2505863290281 4577.368547688402
215 882.2505863290281 4577.368547688402
216 882.2505863290281 4562.433031503811
217 882.2505863290281 4559.34284282909
218 882.2505863290281 4555.476452595702
219 882.2505863290281 4551.597401091994
220 882.2505863290281 4538.138022013068
221 882.2505863290281 4527.074504516864
222 882.2505863290281 4562.950166588276
223 882.2505863290281 4574.01368408448
224 882.2505863290281 4591.169831153934
225 882.2505863290281 4648.172569979837
226 882.2505863290281 4660.510058904525
227 882.2505863290281 4675.445575089117
228 882.2505863290281 4593.514993987718
229 882.2505863290281 4536.063956700979
230 882.2505863290281 4536.7833345530535
231 848.3069309739044 4534.733245720813
232 706.519691480704 4538.057817269761
233 706.519691480704 4541.02261672906
234 706.519691480704 4542.731874967214
235 706.519691480704 4559.603917232937
236 706.519691480704 4546.242033703117
237 706.519691480704 4541.808933669881
238 706.519691480704 4550.879633704172
239 706.519691480704 4517.168877884167
240 706.519691480704 4525.645524416754
241 706.519691480704 4576.251368553971
242 706.519691480704 4580.953234977114
243 706.519691480704 4580.953234977114
244 706.519691480704 4581.245427780323
245 706.519691480704 4571.552767055929
246 706.519691480704 4604.766035554956
247 706.519691480704 4604.766035554956
248 706.519691480704 4622.798875298703
249 706.519691480704 4622.798875298703
250 706.519691480704 4596.675041547483
251 706.519691480704 4596.350901784718
252 706.519691480704 4625.931935277432
253 706.519691480704 4636.317573663702
254 706.519691480704 4654.9278542269085
255 706.519691480704 4667.160420874592
256 706.519691480704 4646.839510458158
257 706.519691480704 4597.160853628478
258 706.519691480704 4593.568985558795
259 706.519691480704 4592.09284845313
260 706.519691480704 4614.271269268641
261 706.519691480704 4626.13789327929
262 706.519691480704 4646.404830116096
263 706.519691480704 4608.462305444392
264 706.519691480704 4622.571649982335
265 706.519691480704 4633.375053261347
266 706.519691480704 4609.182826973321
267 706.519691480704 4618.270187278911
268 706.519691480704 4604.046312102207
269 706.519691480704 4614.81687751465
270 706.519691480704 4620.585300720206
271 706.519691480704 4631.793444028422
272 706.519691480704 4632.967943700884
273 706.519691480704 4630.637265441747
274 706.519691480704 4635.755413166447
275 706.519691480704 4617.145132603241
276 706.519691480704 4637.52848041572
277 706.519691480704 4633.644951390985
278 706.519691480704 4611.473771500609
279 706.519691480704 4605.221829688179
280 706.519691480704 4588.501934637971
281 706.519691480704 4588.501934637971
282 706.519691480704 4584.600299530783
283 706.519691480704 4583.162541151471
284 706.519691480704 4536.100427543762
285 706.519691480704 4537.144767872296
286 706.519691480704 4541.951740812626
287 706.519691480704 4541.549729815208
288 706.519691480704 4521.004932193373
289 706.519691480704 4532.702284096933
290 706.519691480704 4553.215850794154
291 706.519691480704 4542.868792157608
292 706.519691480704 4542.868792157608
293 706.519691480704 4545.603169432999
294 706.519691480704 4557.148498706852
295 706.519691480704 4570.854622653055
296 706.519691480704 4585.959488635491
297 706.519691480704 4577.168319537648
298 706.519691480704 4577.168319537648
299 706.519691480704 4559.239805841472
300 706.519691480704 4576.581481261571
301 706.519691480704 4567.192478309302
302 706.519691480704 4549.566698464732
303 706.519691480704 4549.8490315295485
304 706.519691480704 4555.207298767893
305 706.519691480704 4555.207298767893
306 706.519691480704 4559.740468250884
307 706.519691480704 4580.736980644259
308 706.519691480704 4580.736980644259
309 706.519691480704 4567.833133838176
310 706.519691480704 4568.130825897523
311 706.519691480704 4579.701515418337
312 706.519691480704 4586.7075813716265
313 706.519691480704 4549.156094268027
314 706.519691480704 4558.007296292193
315 706.519691480704 4558.007296292193
316 706.519691480704 4527.697663911733
317 706.519691480704 4507.571557908106
318 706.519691480704 4504.220786907013
319 706.519691480704 4498.134438548981
320 706.519691480704 4537.402791661839
321 706.519691480704 4491.652570520426
322 706.519691480704 4491.652570520426
323 706.519691480704 4530.09424377663
324 706.519691480704 4513.364709873277
325 706.519691480704 4514.330866996383
326 706.519691480704 4535.817619358064
327 706.519691480704 4538.025822918903
328 706.519691480704 4539.898713993367
329 706.519691480704 4539.898713993367
330 706.519691480704 4539.898713993367
331 706.519691480704 4546.880465202545
332 720.0588798443304 4537.241970545948
333 720.0588798443304 4520.453181235376
334 720.0588798443304 4512.948856600804
335 720.0588798443304 4528.244100666597
336 720.0588798443304 4537.3314609721865
337 720.0588798443304 4531.6108050965295
338 720.0588798443304 4539.1958575271165
339 720.0588798443304 4538.2197761471025
340 720.0588798443304 4525.882287222415
341 720.0588798443304 4530.9060431185535
342 720.0588798443304 4551.349235005886
343 720.0588798443304 4564.968742663331
344 720.0588798443304 4623.908898863373
345 720.0588798443304 4601.743642187524
346 720.0588798443304 4601.194568538072
347 720.0588798443304 4575.389388915403
348 720.0588798443304 4560.376445580315
349 720.0588798443304 4566.70152057239
350 720.0588798443304 4566.70152057239
351 720.0588798443304 4580.411834231682
352 720.0588798443304 4595.036131009911
353 720.0588798443304 4595.036131009911
354 720.0588798443304 4615.953050176188
355 814.8472003866517 4599.428553660984
356 814.8472003866517 4634.648064676038
357 814.8472003866517 4591.656153894523
358 814.8472003866517 4581.140293841211
359 814.8472003866517 4581.140293841211
360 814.8472003866517 4559.212867702967
361 814.8472003866517 4563.823124002164
362 814.8472003866517 4565.624408343766
363 814.8472003866517 4557.6700334263105
364 814.8472003866517 4544.4756790502015
365 814.8472003866517 4538.26648119746
366 814.8472003866517 4539.310599917545
367 814.8472003866517 4519.4490740880865
368 814.8472003866517 4535.675832937357
369 814.8472003866517 4542.7351249200465
370 814.8472003866517 4555.072613844734
371 814.8472003866517 4533.585861483053
372 814.8472003866517 4533.585861483053
373 814.8472003866517 4504.352880281387
374 814.8472003866517 4510.398289027443
375 814.8472003866517 4510.137209206184
376 814.8472003866517 4515.90563241174
377 814.8472003866517 4532.671291841821
378 814.8472003866517 4524.194645309235
379 814.8472003866517 4519.863633182049
380 814.8472003866517 4487.355553669703
381 814.8472003866517 4485.3374472776595
382 814.8472003866517 4478.505486674295
383 814.8472003866517 4478.985236275714
384 814.8472003866517 4491.169950452294
385 814.8472003866517 4473.016994421066
386 814.8472003866517 4459.743712140712
387 814.8472003866517 4459.743712140712
388 814.8472003866517 4467.020217760826
389 814.8472003866517 4476.2930882777455
390 814.8472003866517 4435.342006779716
391 720.0588798443304 4423.54228873974
392 720.0588798443304 4423.54228873974
393 720.0588798443304 4422.578612270085
394 720.0588798443304 4441.315768020896
395 720.0588798443304 4419.21454673548
396 720.0588798443304 4419.21454673548
397 720.0588798443304 4407.185149476119
398 720.0588798443304 4411.066837323512
399 720.0588798443304 4433.755014110305
400 720.0588798443304 4426.001892644906
401 720.0588798443304 4414.255468672707
402 720.0588798443304 4463.685998215811
403 720.0588798443304 4467.752035783516
404 720.0588798443304 4501.92808302506
405 720.0588798443304 4501.92808302506
406 720.0588798443304 4485.023963827614
407 720.0588798443304 4484.792269448816
408 720.0588798443304 4493.024735104008
409 720.0588798443304 4499.899607132729
410 720.0588798443304 4493.555566551685
411 720.0588798443304 4512.549504707696
412 720.0588798443304 4532.833756771521
413 720.0588798443304 4534.802069882139
414 720.0588798443304 4539.925120383257
415 720.0588798443304 4548.830969156199
416 720.0588798443304 4535.02479491755
417 720.0588798443304 4542.575855511562
418 720.0588798443304 4537.386885639702
419 720.0588798443304 4541.197794812806
420 720.0588798443304 4543.360973880513
421 720.0588798443304 4534.346425464068
422 720.0588798443304 4515.668106494591
423 720.0588798443304 4524.802575258666
424 720.0588798443304 4537.921680859451
425 720.0588798443304 4547.8924050975675
426 720.0588798443304 4510.787777998702
427 720.0588798443304 4500.498995362832
428 720.0588798443304 4486.6381274301
429 720.0588798443304 4477.592828213969
430 720.0588798443304 4486.943899778742
431 720.0588798443304 4470.663593458906
432 720.0588798443304 4479.790584429712
433 720.0588798443304 4479.790584429712
434 720.0588798443304 4487.548058977316
435 720.0588798443304 4449.804695258836
436 720.0588798443304 4424.2999268737385
437 720.0588798443304 4445.387035507456
438 720.0588798443304 4453.865804652953
439 720.0588798443304 4453.865804652953
440 720.0588798443304 4477.6379313859425
441 720.0588798443304 4462.084079655022
442 720.0588798443304 4462.084079655022
443 720.0588798443304 4471.776740379416
444 720.0588798443304 4493.990282718279
445 720.0588798443304 4509.5881181553195
446 720.0588798443304 4516.165298124692
447 720.0588798443304 4502.205782819739
448 720.0588798443304 4502.205782819739
449 720.0588798443304 4489.401018096505
450 720.0588798443304 4512.439410619673
451 720.0588798443304 4512.439410619673
452 720.0588798443304 4525.526508407723
453 720.0588798443304 4525.526508407723
454 720.0588798443304 4519.742539554542
455 720.0588798443304 4499.206024592631
456 720.0588798443304 4510.990761628736
457 720.0588798443304 4542.144113139491
458 720.0588798443304 4542.144113139491
459 720.0588798443304 4527.399542558546
460 720.0588798443304 4523.449159405166
461 720.0588798443304 4523.449159405166
462 720.0588798443304 4529.651182853949
463 720.0588798443304 4506.905387380661
464 720.0588798443304 4514.38751768245
465 720.0588798443304 4518.68362353269
466 720.0588798443304 4508.200745407129
467 720.0588798443304 4486.8586599603295
468 720.0588798443304 4491.1437598330585
469 720.0588798443304 4499.126505911269
470 720.0588798443304 4457.196669481201
471 720.0588798443304 4458.046763611148
472 720.0588798443304 4448.770393672261
473 720.0588798443304 4435.40851014244
474 720.0588798443304 4432.355213410753
475 720.0588798443304 4432.355213410753
476 720.0588798443304 4431.505119280805
477 720.0588798443304 4428.571656669515
478 720.0588798443304 4474.870279090133
479 720.0588798443304 4475.167971149481
480 720.0588798443304 4475.167971149481
481 720.0588798443304 4475.167971149481
482 720.0588798443304 4519.452474247549
483 720.0588798443304 4525.885151807274
484 720.0588798443304 4521.527586494518
485 706.519691480704 4514.931115610435
486 706.519691480704 4459.558910123321
487 706.519691480704 4482.2470869101135
488 706.519691480704 4467.743213344618
489 706.519691480704 4497.273699413708
490 706.519691480704 4523.09575467488
491 706.519691480704 4596.984300914816
492 706.519691480704 4612.279544980609
493 706.519691480704 4619.409382375304
494 706.519691480704 4636.897148357232
495 706.519691480704 4645.361748856851
496 706.519691480704 4626.804309913271
497 706.519691480704 4624.346402933797
498 706.519691480704 4607.562021114958
499 706.519691480704 4606.76757067857
500 706.519691480704 4635.103155779563
501 706.519691480704 4636.5789460213155
502 706.519691480704 4596.291613263857
503 706.519691480704 4596.291613263857
504 706.519691480704 4582.410466905304
505 706.519691480704 4570.640822927137
506 706.519691480704 4560.612576815314
507 706.519691480704 4560.612576815314
508 706.519691480704 4560.314884755966
509 706.519691480704 4559.881679402146
510 706.519691480704 4551.494088483147
511 706.519691480704 4564.2317023413025
512 706.519691480704 4564.2317023413025
513 706.519691480704 4554.195746021378
514 706.519691480704 4542.500703059849
515 706.519691480704 4542.55093292343
516 706.519691480704 4519.465457829266
517 706.519691480704 4525.727737780396
518 706.519691480704 4488.8685132593555
519 706.519691480704 4469.370149690408
520 706.519691480704 4505.272215010375
521 706.519691480704 4505.272215010375
522 706.519691480704 4463.175613076647
523 706.519691480704 4491.314040929458
524 706.519691480704 4494.0445158126495
525 706.519691480704 4508.268390989354
526 706.519691480704 4521.322776376951
527 706.519691480704 4521.322776376951
528 706.519691480704 4521.322776376951
529 706.519691480704 4522.704327696457
530 706.519691480704 4522.704327696457
531 706.519691480704 4517.464350001694
532 706.519691480704 4482.451102695337
533 706.519691480704 4468.659483821762
534 706.519691480704 4468.659483821762
535 706.519691480704 4424.635045457597
536 706.519691480704 4471.284724577019
537 706.519691480704 4436.749501919925
538 706.519691480704 4429.917541316561
539 706.519691480704 4434.592733752197
540 706.519691480704 4416.216499704017
541 706.519691480704 4461.240525772793
542 706.519691480704 4467.05089222884
543 706.519691480704 4467.05249720105
544 706.519691480704 4478.116014697253
545 706.519691480704 4441.466246007305
546 706.519691480704 4424.976363758034
547 706.519691480704 4416.181595398605
548 706.519691480704 4446.835097847417
549 706.519691480704 4445.813125990538
550 706.519691480704 4452.18369523468
551 706.519691480704 4484.039744251456
552 706.519691480704 4467.080618669756
553 706.519691480704 4467.080618669756
554 706.519691480704 4467.080618669756
555 706.519691480704 4463.930621060833
556 706.519691480704 4463.930621060833
557 706.519691480704 4440.827948140302
558 706.519691480704 4451.001609576928
559 706.519691480704 4445.301389062464
560 706.519691480704 4439.532965856909
561 706.519691480704 4437.966230425289
562 706.519691480704 4437.966230425289
563 706.519691480704 4434.520517134241
564 706.519691480704 4440.416187044913
565 706.519691480704 4449.270360992891
566 706.519691480704 4476.67529811337
567 706.519691480704 4476.280780136673
568 706.519691480704 4465.847114593002
569 706.519691480704 4445.490849992676
570 706.519691480704 4440.957680509684
571 706.519691480704 4416.6827359779245
572 706.519691480704 4416.6827359779245
573 706.519691480704 4413.00698445211
574 706.519691480704 4413.00698445211
575 706.519691480704 4423.915719853338
576 706.519691480704 4430.002915066718
577 706.519691480704 4439.240600115665
578 706.519691480704 4433.723481530666
579 706.519691480704 4423.53490820753
580 706.519691480704 4468.572442207535
581 706.519691480704 4475.578508160823
582 706.519691480704 4458.757435035682
583 706.519691480704 4458.757435035682
584 706.519691480704 4474.413087148624
585 706.519691480704 4496.04568396291
586 706.519691480704 4481.110167778319
587 706.519691480704 4484.163464510006
588 706.519691480704 4514.534080492097
589 706.519691480704 4514.534080492097
590 706.519691480704 4506.958025787922
591 706.519691480704 4525.281707755884
592 706.519691480704 4525.281707755884
593 706.519691480704 4525.579399815231
594 706.519691480704 4527.119453907936
595 706.519691480704 4535.816958150843
596 706.519691480704 4537.383693582462
597 706.519691480704 4546.289542355404
598 706.519691480704 4522.178474980217
599 706.519691480704 4546.596509819938
600 706.519691480704 4538.448540658672
601 706.519691480704 4517.556450920612
602 706.519691480704 4529.617764061125
603 706.519691480704 4529.617764061125
604 706.519691480704 4530.718977078672
605 706.519691480704 4488.448618922298
606 706.519691480704 4498.572844907691
607 706.519691480704 4488.209804486824
608 706.519691480704 4488.236299756535
609 706.519691480704 4483.731053684452
610 706.519691480704 4490.730248100463
611 706.519691480704 4485.198799841157
612 706.519691480704 4485.172304571446
613 706.519691480704 4479.65825942102
614 706.519691480704 4464.545675948116
615 706.519691480704 4462.371065858544
616 706.519691480704 4474.830464778362
617 706.519691480704 4489.382671522934
618 706.519691480704 4494.130087379365
619 706.519691480704 4506.159484638727
620 706.519691480704 4511.927907844282
621 706.519691480704 4498.845996022534
622 706.519691480704 4497.879838899428
623 706.519691480704 4494.429986164164
624 706.519691480704 4454.484926091985
625 706.519691480704 4454.484926091985
626 706.519691480704 4437.135882712378
627 706.519691480704 4454.401048818082
628 706.519691480704 4472.329562514258
629 706.519691480704 4472.329562514258
630 706.519691480704 4441.773299019511
631 706.519691480704 4457.889458007809
632 706.519691480704 4445.551969083122
633 706.519691480704 4426.680080647074
634 706.519691480704 4412.582514281053
635 706.519691480704 4416.522606984624
636 706.519691480704 4427.630339366559
637 706.519691480704 4423.5527273227435
638 706.519691480704 4424.4785788391755
639 706.519691480704 4426.822437935963
640 706.519691480704 4468.120084044617
641 706.519691480704 4504.553914511006
642 706.519691480704 4528.757911368467
643 706.519691480704 4563.311047837872
644 706.519691480704 4544.079253773314
645 706.519691480704 4516.5105301564445
646 706.519691480704 4526.934186393954
647 706.519691480704 4521.080238479667
648 706.519691480704 4521.080238479667
649 706.519691480704 4533.284448563734
650 706.519691480704 4545.00003146288
651 706.519691480704 4552.1298688575735
652 706.519691480704 4542.932064504197
653 706.519691480704 4542.932064504197
654 706.519691480704 4571.576232869275
655 706.519691480704 4571.576232869275
656 706.519691480704 4576.599941214887
657 706.519691480704 4563.958506799308
658 706.519691480704 4563.958506799308
659 706.519691480704 4537.877348098901
660 706.519691480704 4552.729610372179
661 706.519691480704 4552.729610372179
662 706.519691480704 4552.728005399968
663 706.519691480704 4548.775039979927
664 706.519691480704 4531.531529911466
665 706.519691480704 4529.156799177529
666 706.519691480704 4529.156799177529
667 706.519691480704 4542.395737325724
668 706.519691480704 4562.838929213057
669 706.519691480704 4576.772789033195
670 706.519691480704 4602.594844294368
671 706.519691480704 4638.372046525854
672 706.519691480704 4638.372046525854
673 706.519691480704 4670.434541485284
674 706.519691480704 4673.631035323382
675 706.519691480704 4669.197935290146
676 706.519691480704 4666.067430785485
677 720.0588798443304 4666.093576866964
678 720.0588798443304 4666.093576866964
679 720.0588798443304 4661.944057158283
680 720.0588798443304 4627.521692268127
681 720.0588798443304 4621.543143736086
682 720.0588798443304 4602.983045017799
683 720.0588798443304 4627.540322614373
684 720.0588798443304 4631.493288034416
685 720.0588798443304 4658.20823368547
686 720.0588798443304 4691.849680673115
687 720.0588798443304 4678.795295285517
688 720.0588798443304 4707.816159079287
689 720.0588798443304 4707.816159079287
690 720.0588798443304 4702.322952327957
691 720.0588798443304 4726.095079060947
692 720.0588798443304 4678.754371521927
693 720.0588798443304 4706.4401857677885
694 720.0588798443304 4705.2656860953275
695 720.0588798443304 4699.305820684054
696 720.0588798443304 4693.762679668342
697 720.0588798443304 4703.006414846635
698 720.0588798443304 4710.994830337667
699 720.0588798443304 4660.917800286804
700 720.0588798443304 4660.917800286804
701 720.0588798443304 4676.300666405059
702 720.0588798443304 4676.300666405059
703 720.0588798443304 4667.773385172379
704 720.0588798443304 4657.1417628548525
705 720.0588798443304 4683.035647012032
706 720.0588798443304 4642.631223718683
707 720.0588798443304 4642.631223718683
708 720.0588798443304 4642.631223718683
709 720.0588798443304 4660.559737414859
710 720.0588798443304 4674.805575233279
711 720.0588798443304 4678.568096726268
712 720.0588798443304 4664.344221549563
713 720.0588798443304 4645.355099699625
714 720.0588798443304 4658.398531425112
715 720.0588798443304 4663.003731767988
716 720.0588798443304 4677.557870564616
717 720.0588798443304 4655.959891513338
718 720.0588798443304 4645.53423443675
719 720.0588798443304 4641.067064352121
720 720.0588798443304 4651.0748454057475
721 720.0588798443304 4668.579220840945
722 720.0588798443304 4660.0930859379105
723 720.0588798443304 4672.731395663494
724 706.519691480704 4681.600367735859
725 706.519691480704 4677.924616210045
726 706.519691480704 4631.005274528815
727 706.519691480704 4658.464241516891
728 706.519691480704 4633.079677028173
729 706.519691480704 4624.991827067755
730 706.519691480704 4643.744862851808
731 706.519691480704 4633.789862835064
732 706.519691480704 4589.89733096071
733 706.519691480704 4593.12664842866
734 706.519691480704 4579.667269349733
735 706.519691480704 4592.721654737331
736 706.519691480704 4575.592134464863
737 706.519691480704 4574.979232812246
738 706.519691480704 4557.606743975459
739 706.519691480704 4569.970579579814
740 706.519691480704 4569.347153339792
741 706.519691480704 4588.8650983308435
742 706.519691480704 4584.359852258759
743 706.519691480704 4588.336706097394
744 706.519691480704 4567.823139400174
745 706.519691480704 4591.080364534646
746 706.519691480704 4591.009613089394
747 706.519691480704 4595.087225133211
748 706.519691480704 4587.2868153564805
749 706.519691480704 4587.2868153564805
750 706.519691480704 4608.360310878772
751 706.519691480704 4613.457195084669
752 706.519691480704 4613.457195084669
753 706.519691480704 4597.194537189328
754 706.519691480704 4643.667465848537
755 706.519691480704 4680.4797743792105
756 706.519691480704 4649.793972143309
757 706.519691480704 4636.390927458499
758 706.519691480704 4643.8952520930725
759 706.519691480704 4647.638022517828
760 706.519691480704 4646.8532305480385
761 706.519691480704 4646.8532305480385
762 706.519691480704 4655.194151880425
763 706.519691480704 4643.288057505553
764 706.519691480704 4656.467592353722
765 706.519691480704 4652.461918010568
766 706.519691480704 4650.894975500556
767 706.519691480704 4669.322073459475
768 720.0588798443304 4677.322575860427
769 720.0588798443304 4646.330577130007
770 720.0588798443304 4658.973813303157
771 720.0588798443304 4631.8111572791195
772 720.0588798443304 4643.526740178265
773 720.0588798443304 4643.526740178265
774 720.0588798443304 4643.291497948558
775 720.0588798443304 4631.3011062794285
776 720.0588798443304 4631.3011062794285
777 720.0588798443304 4678.700086388104
778 720.0588798443304 4683.30528673098
779 720.0588798443304 4695.642775655669
780 720.0588798443304 4704.693824333628
781 720.0588798443304 4697.207300221002
782 720.0588798443304 4697.207300221002
783 720.0588798443304 4701.835207977396
784 720.0588798443304 4697.114732915503
785 720.0588798443304 4703.507864756567
786 720.0588798443304 4683.028547328697
787 720.0588798443304 4683.028547328697
788 720.0588798443304 4694.156483709297
789 720.0588798443304 4694.156483709297
790 720.0588798443304 4666.15956956921
791 720.0588798443304 4672.782943040291
792 720.0588798443304 4635.138567655666
793 720.0588798443304 4627.109499834663
794 720.0588798443304 4617.612535328065
795 720.0588798443304 4604.600707658388
796 720.0588798443304 4604.600707658388
797 720.0588798443304 4610.393430678789
798 720.0588798443304 4610.393430678789
799 720.0588798443304 4591.064902954936
800 720.0588798443304 4607.978558239786
801 720.0588798443304 4598.492933778399
802 720.0588798443304 4568.323777545911
803 720.0588798443304 4568.323777545911
804 720.0588798443304 4583.614620230399
805 720.0588798443304 4583.614620230399
806 720.0588798443304 4574.804583671555
807 720.0588798443304 4575.234103602054
808 720.0588798443304 4588.560076818482
809 720.0588798443304 4587.418173610505
810 720.0588798443304 4594.166330586852
811 720.0588798443304 4594.715404236304
812 720.0588798443304 4636.091958539538
813 720.0588798443304 4636.091958539538
814 720.0588798443304 4605.466672580489
815 720.0588798443304 4536.447429072279
816 720.0588798443304 4554.197968014224
817 720.0588798443304 4558.3935970791035
818 720.0588798443304 4597.979153321441
819 720.0588798443304 4607.241186852223
820 720.0588798443304 4602.789388317053
821 720.0588798443304 4637.531956010302
822 720.0588798443304 4637.531956010302
823 720.0588798443304 4637.531956010302
824 720.0588798443304 4632.508200114163
825 720.0588798443304 4641.635191084968
826 720.0588798443304 4641.635191084968
827 720.0588798443304 4650.107037107545
828 720.0588798443304 4673.7697476564
829 720.0588798443304 4665.281018288789
830 720.0588798443304 4662.832436562603
831 720.0588798443304 4662.832436562603
832 720.0588798443304 4662.832436562603
833 720.0588798443304 4662.832436562603
834 706.519691480704 4723.814351921443
835 706.519691480704 4755.897176623172
836 706.519691480704 4754.857939040207
837 706.519691480704 4753.769985084127
838 706.519691480704 4764.938485588647
839 706.519691480704 4754.486353156535
840 706.519691480704 4729.136334955604
841 706.519691480704 4719.087533846432
842 706.519691480704 4719.087533846432
843 706.519691480704 4698.3038489653345
844 706.519691480704 4704.562512139196
845 706.519691480704 4682.7351983993885
846 706.519691480704 4682.7351983993885
847 706.519691480704 4706.507325132378
848 720.0588798443304 4724.129347613158
849 720.0588798443304 4749.509748710358
850 720.0588798443304 4759.91243574625
851 720.0588798443304 4759.91243574625
852 720.0588798443304 4742.425008302082
853 720.0588798443304 4741.283105094105
854 720.0588798443304 4733.985182307896
855 720.0588798443304 4715.5327947611295
856 720.0588798443304 4699.402475224977
857 720.0588798443304 4640.693715063053
858 720.0588798443304 4657.8232353355215
859 720.0588798443304 4676.356838784097
860 720.0588798443304 4654.18837989921
861 720.0588798443304 4662.666048324236
862 720.0588798443304 4662.666048324236
863 720.0588798443304 4621.239264307337
864 720.0588798443304 4580.00714392185
865 720.0588798443304 4586.006979386706
866 720.0588798443304 4594.260534392484
867 720.0588798443304 4565.178850381981
868 720.0588798443304 4519.298693846791
869 720.0588798443304 4501.686870498774
870 720.0588798443304 4486.089035061734
871 720.0588798443304 4486.089035061734
872 720.0588798443304 4482.507071629418
873 720.0588798443304 4467.9596385123195
874 720.0588798443304 4467.9596385123195
875 720.0588798443304 4467.9596385123195
876 720.0588798443304 4482.523985164944
877 720.0588798443304 4450.029555988886
878 720.0588798443304 4484.103695864047
879 720.0588798443304 4497.045312484497
880 720.0588798443304 4502.510677559438
881 720.0588798443304 4502.510677559438
882 720.0588798443304 4506.394206584173
883 720.0588798443304 4462.029721557509
884 720.0588798443304 4486.306677134508
885 720.0588798443304 4472.738918591864
886 720.0588798443304 4467.851785951715
887 720.0588798443304 4465.9528098645205
888 720.0588798443304 4434.130418083059
889 720.0588798443304 4464.707560419948
890 720.0588798443304 4472.658551333811
891 720.0588798443304 4481.0125635041795
892 720.0588798443304 4481.0125635041795
893 720.0588798443304 4492.635024807016
894 720.0588798443304 4497.753172531716
895 720.0588798443304 4538.997899906856
896 720.0588798443304 4550.6867692681335
897 720.0588798443304 4557.057338512276
898 720.0588798443304 4531.168653678719
899 720.0588798443304 4510.715183785318
900 720.0588798443304 4510.715183785318
901 720.0588798443304 4510.715183785318
902 720.0588798443304 4502.809001595134
903 720.0588798443304 4495.749709612445
904 720.0588798443304 4485.229907216464
905 720.0588798443304 4514.033486731166
906 720.0588798443304 4515.929619360974
907 720.0588798443304 4520.918898829128
908 720.0588798443304 4516.4136527570445
909 720.0588798443304 4475.213436189128
910 720.0588798443304 4478.271781934137
911 720.0588798443304 4463.370077944633
912 720.0588798443304 4464.458031900713
913 720.0588798443304 4473.228366885867
914 720.0588798443304 4466.222300932579
915 720.0588798443304 4466.222300932579
916 720.0588798443304 4503.365072885222
917 720.0588798443304 4479.592946152233
918 720.0588798443304 4497.130441474201
919 720.0588798443304 4510.589820553127
920 720.0588798443304 4542.692805858961
921 706.519691480704 4510.504979946402
922 706.519691480704 4529.736774010961
923 706.519691480704 4511.802468947236
924 706.519691480704 4485.5553872931805
925 706.519691480704 4462.944540484052
926 706.519691480704 4410.765799588648
927 706.519691480704 4396.00726182368
928 706.519691480704 4396.00726182368
929 706.519691480704 4396.00726182368
930 706.519691480704 4427.987065590547
931 706.519691480704 4391.4922408627845
932 706.519691480704 4391.317428038078
933 706.519691480704 4414.75943905756
934 706.519691480704 4414.75943905756
935 706.519691480704 4422.673490959493
936 706.519691480704 4455.2731283866215
937 706.519691480704 4462.166515748161
938 706.519691480704 4504.438357133487
939 706.519691480704 4499.70311869337
940 706.519691480704 4526.005393964803
941 706.519691480704 4523.8063522444145
942 706.519691480704 4516.175629098582
943 706.519691480704 4525.317807420583
944 706.519691480704 4551.021768126002
945 706.519691480704 4544.81974467722
946 706.519691480704 4553.671633058623
947 706.519691480704 4567.021268600664
948 706.519691480704 4579.537215157095
949 706.519691480704 4568.264121731456
950 706.519691480704 4578.666808767347
951 706.519691480704 4579.5135744761465
952 706.519691480704 4600.975489831074
953 706.519691480704 4607.177513279856
954 706.519691480704 4603.146990402658
955 706.519691480704 4609.175201091512
956 706.519691480704 4603.653945972998
957 706.519691480704 4591.840235510823
958 706.519691480704 4586.9180875208585
959 706.519691480704 4586.9180875208585
960 706.519691480704 4568.275573499925
961 706.519691480704 4571.209036111215
962 706.519691480704 4579.83776520933
963 706.519691480704 4570.931916436388
964 706.519691480704 4586.228229565578
965 706.519691480704 4579.396268962213
966 706.519691480704 4554.93774172389
967 706.519691480704 4650.543104585633
968 706.519691480704 4664.8838548047925
969 706.519691480704 4664.032155702635
970 706.519691480704 4664.032155702635
971 706.519691480704 4652.203716276516
972 706.519691480704 4661.40209907353
973 706.519691480704 4661.1044070141825
974 706.519691480704 4650.954010857619
975 706.519691480704 4683.7821320720805
976 706.519691480704 4693.010698457323
977 706.519691480704 4692.290562528971
978 706.519691480704 4685.606503379142
979 706.519691480704 4698.1739364725745
980 706.519691480704 4722.505332786344
981 706.519691480704 4711.431758180684
982 706.519691480704 4711.431758180684
983 706.519691480704 4708.908783731796
984 706.519691480704 4704.298527432598
985 706.519691480704 4679.5461757980265
986 706.519691480704 4641.465574927129
987 706.519691480704 4610.992533981626
988 706.519691480704 4619.43386126935
989 706.519691480704 4619.43386126935
990 706.519691480704 4618.41188941247
991 706.519691480704 4649.240031616986
992 706.519691480704 4617.697320480158
993 706.519691480704 4619.942994578624
994 706.519691480704 4619.942994578624
995 706.519691480704 4624.468067203413
996 706.519691480704 4623.710548506662
997 706.519691480704 4624.200788474969
998 706.519691480704 4605.754180792672
999 706.519691480704 4604.987538673951
1000 706.519691480704 4630.715971688537
1001 706.519691480704 4612.2507633501455
1002 706.519691480704 4579.771447648411
1003 706.519691480704 4579.771447648411
1004 706.519691480704 4579.771447648411
1005 706.519691480704 4639.615481143942
1006 706.519691480704 4656.348094112174
1007 706.519691480704 4644.199698069154
1008 706.519691480704 4644.199698069154
1009 706.519691480704 4651.309504727028
1010 706.519691480704 4655.84267421002
1011 706.519691480704 4658.743838961378
1012 706.519691480704 4647.615902580777
1013 706.519691480704 4654.8486584196735
1014 706.519691480704 4658.801623839716
1015 706.519691480704 4665.860915822405
1016 706.519691480704 4705.790073263162
1017 706.519691480704 4673.213873278444
1018 706.519691480704 4646.169502607636
1019 706.519691480704 4667.729100060952
1020 706.519691480704 4705.703166063008
1021 706.519691480704 4710.103495719126
1022 706.519691480704 4668.919302240549
1023 706.519691480704 4679.792263613757
1024 706.519691480704 4681.312137311857
1025 706.519691480704 4682.413350329403
1026 706.519691480704 4682.413350329403
1027 706.519691480704 4663.181556264844
1028 706.519691480704 4653.128713777606
1029 706.519691480704 4643.079912668433
1030 706.519691480704 4647.814331219755
1031 706.519691480704 4684.071809418546
1032 706.519691480704 4743.136991758499
1033 706.519691480704 4743.136991758499
1034 706.519691480704 4725.921593447944
1035 706.519691480704 4722.03806442321
1036 706.519691480704 4665.460965807299
1037 706.519691480704 4684.627892197413
1038 706.519691480704 4687.978663198506
1039 706.519691480704 4664.928340118458
1040 706.519691480704 4661.963540659159
1041 706.519691480704 4642.956264106232
1042 706.519691480704 4636.309416311537
1043 706.519691480704 4583.820541023424
1044 706.519691480704 4572.746966417764
1045 706.519691480704 4573.477863830933
1046 706.519691480704 4562.93808308716
1047 706.519691480704 4537.964737449327
1048 706.519691480704 4502.478953219173
1049 706.519691480704 4502.478953219173
1050 706.519691480704 4494.007107196596
1051 706.519691480704 4526.24213538014
1052 706.519691480704 4526.24213538014
1053 706.519691480704 4526.24213538014
1054 706.519691480704 4494.6715878243185
1055 706.519691480704 4513.379645993149
1056 706.519691480704 4530.351512230745
1057 706.519691480704 4522.749261746174
1058 706.519691480704 4530.210012691732
1059 706.519691480704 4521.7323442667075
1060 706.519691480704 4551.732677200262
1061 706.519691480704 4549.38913429361
1062 706.519691480704 4538.028037226698
1063 706.519691480704 4521.2846824984845
1064 706.519691480704 4521.567015563301
1065 706.519691480704 4561.153174791142
1066 706.519691480704 4561.153174791142
1067 706.519691480704 4565.586742682313
1068 706.519691480704 4558.040323008254
1069 706.519691480704 4560.898627415864
1070 706.519691480704 4563.686641252091
1071 706.519691480704 4563.686641252091
1072 706.519691480704 4587.392615820366
1073 706.519691480704 4617.707834330711
1074 706.519691480704 4628.781408936372
1075 706.519691480704 4672.36773631117
1076 706.519691480704 4672.36773631117
1077 706.519691480704 4661.60823616839
1078 706.519691480704 4679.777597753284
1079 706.519691480704 4685.185935948577
1080 706.519691480704 4647.820024358066
1081 706.519691480704 4596.290596432485
1082 706.519691480704 4596.612275334394
1083 706.519691480704 4589.606209381105
1084 706.519691480704 4577.1865005841455
1085 706.519691480704 4579.631452856908
1086 706.519691480704 4583.421873604522
1087 706.519691480704 4577.393662915669
1088 706.519691480704 4584.225808251014
1089 706.519691480704 4567.008935254045
1090 706.519691480704 4556.602376203836
1091 706.519691480704 4553.871901320645
1092 706.519691480704 4565.618325292843
1093 706.519691480704 4566.328351604341
1094 706.519691480704 4566.328351604341
1095 706.519691480704 4590.270042233981
1096 706.519691480704 4563.189587700558
1097 706.519691480704 4584.186100093933
1098 706.519691480704 4577.597148307102
1099 706.519691480704 4590.113094863532
1100 706.519691480704 4590.113094863532
1101 706.519691480704 4581.641248840955
1102 848.3069309739044 4598.517903820889
1103 848.3069309739044 4594.520797776353
1104 848.3069309739044 4597.251272659544
1105 848.3069309739044 4600.1847352708355
1106 848.3069309739044 4588.194343601706
1107 848.3069309739044 4588.194343601706
1108 848.3069309739044 4575.139958214108
1109 848.3069309739044 4568.005056223481
1110 848.3069309739044 4546.466785280118
1111 848.3069309739044 4579.7596289418725
1112 848.3069309739044 4579.7596289418725
1113 848.3069309739044 4590.397379536665
1114 848.3069309739044 4593.748150537757
1115 848.3069309739044 4519.528998970881
1116 848.3069309739044 4478.987006637341
1117 848.3069309739044 4542.775946671234
1118 848.3069309739044 4539.178704619357
1119 848.3069309739044 4557.725966040485
1120 848.3069309739044 4557.725966040485
1121 848.3069309739044 4549.99679074952
1122 848.3069309739044 4515.466038920173
1123 848.3069309739044 4527.3721332950445
1124 848.3069309739044 4514.1777789189355
1125 848.3069309739044 4518.130613302243
1126 848.3069309739044 4501.105125240046
1127 848.3069309739044 4518.85566418199
1128 848.3069309739044 4518.89760743248
1129 848.3069309739044 4494.145255797908
1130 848.3069309739044 4486.545634463773
1131 848.3069309739044 4460.7235792026
1132 848.3069309739044 4484.5951407543525
1133 848.3069309739044 4486.162083264365
1134 848.3069309739044 4478.827735409926
1135 848.3069309739044 4478.954444893072
1136 848.3069309739044 4464.282775113443
1137 848.3069309739044 4527.83516789776
1138 848.3069309739044 4527.83516789776
1139 848.3069309739044 4527.83516789776
1140 848.3069309739044 4561.763797759341
1141 848.3069309739044 4548.401914229521
1142 706.519691480704 4564.817971391221
1143 706.519691480704 4598.27402785896
1144 706.519691480704 4599.476734773286
1145 706.519691480704 4599.476734773286
1146 706.519691480704 4625.555363819523
1147 706.519691480704 4625.555363819523
1148 706.519691480704 4625.555363819523
1149 706.519691480704 4625.555363819523
1150 706.519691480704 4638.60974920712
1151 706.519691480704 4654.207584644161
1152 706.519691480704 4672.767683362447
1153 706.519691480704 4671.470105675997
1154 706.519691480704 4665.770140827347
1155 706.519691480704 4613.281265539234
1156 706.519691480704 4620.734524916842
1157 706.519691480704 4625.077567925665
1158 706.519691480704 4625.077567925665
1159 706.519691480704 4631.940604883448
1160 706.519691480704 4676.9586917709785
1161 706.519691480704 4681.904355369177
1162 706.519691480704 4698.667204683043
1163 706.519691480704 4686.951621783897
1164 706.519691480704 4695.092434770896
1165 706.519691480704 4653.17232651055
1166 706.519691480704 4659.749506479923
1167 706.519691480704 4669.33922840692
1168 706.519691480704 4668.414123217389
1169 706.519691480704 4663.746121812944
1170 706.519691480704 4690.908777836982
1171 706.519691480704 4698.891523915193
1172 706.519691480704 4681.433986065163
1173 706.519691480704 4689.757044728493
1174 706.519691480704 4688.615141520517
1175 706.519691480704 4708.636991093249
1176 706.519691480704 4656.148115805136
1177 706.519691480704 4621.084289402603
1178 706.519691480704 4623.283331122992
1179 706.519691480704 4618.935665628511
1180 706.519691480704 4630.403758210869
1181 706.519691480704 4642.518339144638
1182 706.519691480704 4652.370098978648
1183 706.519691480704 4652.910664966638
1184 706.519691480704 4649.7365895605935
1185 706.519691480704 4653.647101557549
1186 706.519691480704 4659.71228884028
1187 706.519691480704 4661.465863706977
1188 706.519691480704 4657.831024024641
1189 706.519691480704 4658.807105404656
1190 706.519691480704 4657.936699014907
1191 706.519691480704 4661.430193186052
1192 706.519691480704 4671.478994295225
1193 706.519691480704 4685.935020804685
1194 706.519691480704 4694.282775782115
1195 706.519691480704 4683.3006830487475
1196 706.519691480704 4683.3006830487475
1197 706.519691480704 4670.24629766115
1198 706.519691480704 4644.01760622365
1199 706.519691480704 4644.01760622365
1200 706.519691480704 4620.747838440159
1201 706.519691480704 4615.380945389796
1202 706.519691480704 4619.723988398619
1203 706.519691480704 4672.212863686733
1204 706.519691480704 4662.776872614805
1205 706.519691480704 4617.595523241685
1206 706.519691480704 4632.683095127987
1207 706.519691480704 4632.683095127987
1208 706.519691480704 4642.833491284549
1209 706.519691480704 4645.716550474116
1210 706.519691480704 4604.595970693894
1211 706.519691480704 4614.288631418288
1212 706.519691480704 4614.778871386594
1213 706.519691480704 4589.907695945366
1214 706.519691480704 4589.907695945366
1215 706.519691480704 4589.907695945366
1216 706.519691480704 4582.916657146201
1217 706.519691480704 4585.457562437889
1218 706.519691480704 4544.910979313772
1219 706.519691480704 4569.277751215314
1220 706.519691480704 4600.782608456294
1221 706.519691480704 4579.786096062919
1222 706.519691480704 4557.598475686585
1223 706.519691480704 4553.255432677762
1224 706.519691480704 4565.272537884759
1225 706.519691480704 4558.377745762628
1226 706.519691480704 4558.377745762628
1227 706.519691480704 4515.95531414334
1228 706.519691480704 4567.217698833392
1229 706.519691480704 4567.217698833392
1230 706.519691480704 4555.227307164264
1231 706.519691480704 4537.986233111936
1232 706.519691480704 4496.628007239005
1233 706.519691480704 4478.067908520718
1234 706.519691480704 4478.61698217017
1235 706.519691480704 4490.960121828467
1236 706.519691480704 4511.956634221842
1237 706.519691480704 4525.416013300769
1238 706.519691480704 4534.261240137315
1239 706.519691480704 4517.351092917652
1240 706.519691480704 4517.74561089435
1241 706.519691480704 4513.402567885526
1242 706.519691480704 4513.402567885526
1243 706.519691480704 4480.136226930233
1244 706.519691480704 4492.126618599362
1245 706.519691480704 4551.871348305923
1246 706.519691480704 4538.735750746142
1247 706.519691480704 4524.159101195505
1248 706.519691480704 4524.159101195505
1249 706.519691480704 4481.976381112713
1250 706.519691480704 4477.826861404032
1251 706.519691480704 4477.826861404032
1252 706.519691480704 4468.03584974178
1253 706.519691480704 4468.03584974178
1254 706.519691480704 4449.277448095835
1255 706.519691480704 4455.384788370833
1256 706.519691480704 4492.436224333132
1257 706.519691480704 4495.065713736354
1258 706.519691480704 4493.764179852734
1259 706.519691480704 4486.240927576389
1260 706.519691480704 4522.137866528743
1261 706.519691480704 4531.043715301686
1262 706.519691480704 4529.476772791673
1263 706.519691480704 4510.866492228467
1264 706.519691480704 4495.2376101870395
1265 706.519691480704 4495.2376101870395
1266 706.519691480704 4489.44488716664
1267 706.519691480704 4484.667487492661
1268 706.519691480704 4491.942046166671
1269 706.519691480704 4511.6079443712
1270 706.519691480704 4511.6079443712
1271 706.519691480704 4526.012818685001
1272 706.519691480704 4526.664481924671
1273 706.519691480704 4536.905512094114
1274 706.519691480704 4583.69617712695
1275 706.519691480704 4586.527629993205
1276 706.519691480704 4586.527629993205
1277 706.519691480704 4607.760465256842
1278 706.519691480704 4641.626163637769
1279 706.519691480704 4630.498227257169
1280 706.519691480704 4577.229821052784
1281 706.519691480704 4604.471345153123
1282 706.519691480704 4609.243009203994
1283 706.519691480704 4622.330106992044
1284 706.519691480704 4622.330106992044
1285 706.519691480704 4601.39739504661
1286 706.519691480704 4538.997115274385
1287 706.519691480704 4547.78919801637
1288 706.519691480704 4547.78919801637
1289 706.519691480704 4545.192572330887
1290 706.519691480704 4542.1342265858775
1291 706.519691480704 4506.383071034021
1292 706.519691480704 4506.383071034021
1293 706.519691480704 4490.900042291705
1294 706.519691480704 4471.122803245389
1295 706.519691480704 4456.958251455378
1296 706.519691480704 4449.416374899653
1297 706.519691480704 4462.87575397858
1298 706.519691480704 4476.751411365233
1299 706.519691480704 4485.229032152288
1300 706.519691480704 4485.229032152288
1301 706.519691480704 4489.734278224372
1302 706.519691480704 4481.340415869885
1303 706.519691480704 4540.031314606781
1304 706.519691480704 4599.246358694569
1305 706.519691480704 4599.246358694569
1306 706.519691480704 4599.246358694569
1307 706.519691480704 4594.9057371205345
1308 706.519691480704 4571.524917656242
1309 706.519691480704 4558.452395014087
1310 706.519691480704 4577.229069063376
1311 706.519691480704 4580.096321830448
1312 706.519691480704 4597.318364181285
1313 706.519691480704 4599.5076745674905
1314 706.519691480704 4592.223667717604
1315 706.519691480704 4600.137719619537
1316 706.519691480704 4594.56941204556
1317 706.519691480704 4574.126220158228
1318 706.519691480704 4614.689744262926
1319 706.519691480704 4624.8992685822295
1320 706.519691480704 4630.467576156207
1321 706.519691480704 4630.467576156207
1322 706.519691480704 4630.467576156207
1323 706.519691480704 4647.434494127541
1324 706.519691480704 4658.422073265384
1325 706.519691480704 4665.231371284971
1326 706.519691480704 4666.827542816219
1327 706.519691480704 4666.827542816219
1328 706.519691480704 4662.3474386251
1329 706.519691480704 4663.007837607187
1330 706.519691480704 4677.782307787286
1331 706.519691480704 4636.793333950832
1332 706.519691480704 4636.793333950832
1333 706.519691480704 4651.00966018382
1334 706.519691480704 4645.199293727774
1335 706.519691480704 4637.67604145143
1336 706.519691480704 4651.713097529894
1337 706.519691480704 4674.370507481848
1338 706.519691480704 4682.78430210982
1339 706.519691480704 4651.273521969569
1340 706.519691480704 4645.881145393095
1341 706.519691480704 4645.881145393095
1342 706.519691480704 4627.1337373191545
1343 706.519691480704 4622.681938783984
1344 706.519691480704 4643.7219551425405
1345 706.519691480704 4635.417749875913
1346 706.519691480704 4582.380184058311
1347 706.519691480704 4590.014457299343
1348 706.519691480704 4622.751785568721
1349 706.519691480704 4631.005340574499
1350 706.519691480704 4631.005340574499
1351 706.519691480704 4630.257113127645
1352 706.519691480704 4610.266458866273
1353 706.519691480704 4572.440307885804
1354 706.519691480704 4548.104311970748
1355 706.519691480704 4567.272372172985
1356 706.519691480704 4582.207888357577
1357 814.8472003866517 4604.7033056344335
1358 814.8472003866517 4619.510564760663
1359 814.8472003866517 4630.416194947853
1360 814.8472003866517 4630.416194947853
1361 814.8472003866517 4631.147092361021
1362 814.8472003866517 4624.9450689122405
1363 814.8472003866517 4624.9450689122405
1364 814.8472003866517 4619.586117362571
1365 814.8472003866517 4612.705338689813
1366 814.8472003866517 4613.588712468863
1367 814.8472003866517 4629.363213752745
1368 814.8472003866517 4635.506986092822
1369 814.8472003866517 4670.4822110524265
1370 814.8472003866517 4648.403855032589
1371 814.8472003866517 4648.403855032589
1372 814.8472003866517 4656.030966714428
1373 814.8472003866517 4649.818363547496
1374 814.8472003866517 4672.880950541078
1375 814.8472003866517 4672.880950541078
1376 814.8472003866517 4698.230968742009
1377 814.8472003866517 4672.426582433633
1378 814.8472003866517 4659.910635877202
1379 814.8472003866517 4659.910635877202
1380 814.8472003866517 4659.910635877202
1381 814.8472003866517 4650.783644906398
1382 814.8472003866517 4651.70949642283
1383 814.8472003866517 4642.943415246856
1384 814.8472003866517 4640.267538631781
1385 814.8472003866517 4640.662056608478
1386 814.8472003866517 4617.769945387022
1387 814.8472003866517 4617.769945387022
1388 814.8472003866517 4617.769945387022
1389 814.8472003866517 4617.769945387022
1390 814.8472003866517 4617.769945387022
1391 814.8472003866517 4588.388408118916
1392 814.8472003866517 4604.219072461962
1393 814.8472003866517 4592.761036989061
1394 814.8472003866517 4604.751428658189
1395 720.0588798443304 4591.1507467972615
1396 720.0588798443304 4601.057011692203
1397 720.0588798443304 4598.867701305997
1398 720.0588798443304 4644.577570355687
1399 720.0588798443304 4557.158198941406
1400 720.0588798443304 4560.240757971702
1401 720.0588798443304 4576.882781405437
1402 720.0588798443304 4570.050820802073
1403 720.0588798443304 4576.138016015453
1404 720.0588798443304 4555.965897543569
1405 720.0588798443304 4555.965897543569
1406 720.0588798443304 4538.586765369396
1407 720.0588798443304 4557.818559433955
1408 720.0588798443304 4546.102976534809
1409 720.0588798443304 4548.15467033926
1410 720.0588798443304 4543.190308239125
1411 720.0588798443304 4530.11778559697
1412 720.0588798443304 4505.688597912141
1413 720.0588798443304 4514.166266337165
1414 720.0588798443304 4523.858927061559
1415 720.0588798443304 4530.7726025644715
1416 720.0588798443304 4530.7726025644715
1417 720.0588798443304 4530.7726025644715
1418 720.0588798443304 4530.7726025644715
1419 720.0588798443304 4530.7726025644715
1420 720.0588798443304 4549.382883127678
1421 720.0588798443304 4505.295498767757
1422 720.0588798443304 4557.027856829011
1423 720.0588798443304 4559.599088467037
1424 720.0588798443304 4578.2502771239815
1425 720.0588798443304 4599.769187904862
1426 720.0588798443304 4625.119206105792
1427 720.0588798443304 4629.787207510237
1428 720.0588798443304 4634.869611935434
1429 720.0588798443304 4634.869611935434
1430 720.0588798443304 4602.129037451681
1431 720.0588798443304 4590.105130286096
1432 720.0588798443304 4608.594335215997
1433 720.0588798443304 4629.037527103329
1434 720.0588798443304 4634.126631163659
1435 720.0588798443304 4644.336155482963
1436 720.0588798443304 4648.841401555046
1437 720.0588798443304 4648.841401555046
1438 720.0588798443304 4693.865427623823
1439 720.0588798443304 4686.596700094627
1440 893.2140650848021 4689.221291417236
1441 893.2140650848021 4682.037007996394
1442 893.2140650848021 4712.930087499228
1443 893.2140650848021 4726.109622347397
1444 893.2140650848021 4734.4401410947
1445 893.2140650848021 4700.569224998092
1446 893.2140650848021 4692.238706250787
1447 893.2140650848021 4741.552102935668
1448 893.2140650848021 4728.203629709624
1449 893.2140650848021 4725.697564616657
1450 893.2140650848021 4722.70583651923
1451 893.2140650848021 4699.938904988533
1452 893.2140650848021 4688.862657315537
1453 893.2140650848021 4679.192827194564
1454 893.2140650848021 4692.275671721954
1455 893.2140650848021 4692.275671721954
1456 893.2140650848021 4690.394245543266
1457 893.2140650848021 4638.587316937438
1458 893.2140650848021 4625.498291492744
1459 900.6967304563514 4642.442325899345
1460 900.6967304563514 4641.744411311057
1461 900.6967304563514 4629.131905036064
1462 900.6967304563514 4663.45370990091
1463 900.6967304563514 4668.063966200109
1464 900.6967304563514 4669.8728245471375
1465 900.6967304563514 4653.995955542521
1466 893.2140650848021 4637.525124588955
1467 893.2140650848021 4643.077772950065
1468 893.2140650848021 4646.4287617411
1469 893.2140650848021 4680.794587578263
1470 893.2140650848021 4680.794587578263
1471 893.2140650848021 4670.6441914217
1472 893.2140650848021 4676.672402110553
1473 893.2140650848021 4681.124200645723
1474 893.2140650848021 4710.922173278755
1475 893.2140650848021 4719.730948970059
1476 893.2140650848021 4719.730948970059
1477 893.2140650848021 4655.1855806700705
1478 893.2140650848021 4645.749589598144
1479 893.2140650848021 4622.4072228390105
1480 893.2140650848021 4632.914277100359
1481 893.2140650848021 4617.316441663319
1482 893.2140650848021 4670.51225245399
1483 893.2140650848021 4674.24593697456
1484 893.2140650848021 4663.449828568729
1485 893.2140650848021 4676.81171209855
1486 893.2140650848021 4676.81171209855
1487 893.2140650848021 4693.139308201558
1488 893.2140650848021 4741.770990844817
1489 893.2140650848021 4735.683795631437
1490 893.2140650848021 4735.923034990994
1491 893.2140650848021 4735.923034990994
1492 893.2140650848021 4778.202385959804
1493 893.2140650848021 4765.165477285104
1494 893.2140650848021 4777.142566404733
1495 882.2505863290281 4757.910772340175
1496 882.2505863290281 4742.746417566712
1497 882.2505863290281 4742.746417566712
1498 882.2505863290281 4722.368600559404
1499 882.2505863290281 4722.368600559404
1500 882.2505863290281 4649.876167567724
1501 882.2505863290281 4649.876167567724
1502 882.2505863290281 4646.817821822715
1503 882.2505863290281 4636.667789188462
1504 882.2505863290281 4670.360890733853
1505 882.2505863290281 4672.370480226988
1506 882.2505863290281 4672.370480226988
1507 882.2505863290281 4684.93740304777
1508 882.2505863290281 4684.93740304777
1509 882.2505863290281 4674.186107526831
1510 882.2505863290281 4694.764266045191
1511 882.2505863290281 4685.328274973263
1512 882.2505863290281 4685.328274973263
1513 706.519691480704 4691.53818337902
1514 706.519691480704 4706.34544250525
1515 706.519691480704 4661.321416436473
1516 706.519691480704 4620.328604737701
1517 706.519691480704 4625.063843177819
1518 706.519691480704 4632.627434994913
1519 706.519691480704 4639.162747103252
1520 882.2505863290281 4643.915604806298
1521 882.2505863290281 4640.321955469738
1522 882.2505863290281 4630.82499096314
1523 882.2505863290281 4606.2672164331525
1524 882.2505863290281 4601.42701117064
1525 882.2505863290281 4589.27861512762
1526 882.2505863290281 4539.5639755561415
1527 882.2505863290281 4548.797418495431
1528 882.2505863290281 4575.3966035395915
1529 882.2505863290281 4575.886843507898
1530 882.2505863290281 4565.095238346995
1531 882.2505863290281 4565.095238346995
1532 882.2505863290281 4577.001332721867
1533 882.2505863290281 4568.180566601865
1534 882.2505863290281 4590.824815745878
1535 882.2505863290281 4605.399209747578
1536 882.2505863290281 4642.048978437526
1537 882.2505863290281 4632.382812982843
1538 900.6967304563514 4660.70196735299
1539 900.6967304563514 4683.134302524935
1540 900.6967304563514 4683.134302524935
1541 900.6967304563514 4672.297780217955
1542 900.6967304563514 4664.613996682849
1543 900.6967304563514 4664.613996682849
1544 900.6967304563514 4648.593436283508
1545 900.6967304563514 4635.4139014353395
1546 900.6967304563514 4635.4139014353395
1547 900.6967304563514 4625.298915569423
1548 900.6967304563514 4629.494544634304
1549 900.6967304563514 4621.87615450693
1550 900.6967304563514 4592.547933950799
1551 900.6967304563514 4564.858923223124
1552 900.6967304563514 4564.858923223124
1553 900.6967304563514 4579.603493804069
1554 900.6967304563514 4585.974063048213
1555 900.6967304563514 4615.051807713371
1556 900.6967304563514 4625.979963146047
1557 706.519691480704 4577.24728256318
1558 706.519691480704 4566.584899988163
1559 706.519691480704 4566.584899988163
1560 706.519691480704 4566.584899988163
1561 706.519691480704 4592.142769311217
1562 706.519691480704 4606.25211384916
1563 706.519691480704 4559.332772167931
1564 706.519691480704 4572.387157555528
1565 706.519691480704 4514.347864330182
1566 706.519691480704 4525.670161906849
1567 706.519691480704 4497.439584424146
1568 706.519691480704 4495.2502740379405
1569 706.519691480704 4491.812677315845
1570 706.519691480704 4467.060325681272
1571 706.519691480704 4493.3085237615005
1572 706.519691480704 4495.223668624397
1573 706.519691480704 4488.093831229703
1574 706.519691480704 4488.093831229703
1575 706.519691480704 4490.143920061944
1576 706.519691480704 4444.512439242965
1577 706.519691480704 4484.686662693614
1578 706.519691480704 4465.454868629056
1579 706.519691480704 4495.676779334286
1580 706.519691480704 4480.741263149695
1581 706.519691480704 4503.765776869702
1582 706.519691480704 4522.201244608202
1583 706.519691480704 4508.668966387612
1584 706.519691480704 4497.693108132934
1585 706.519691480704 4516.294969357517
1586 706.519691480704 4513.361506746226
1587 706.519691480704 4513.361506746226
1588 706.519691480704 4513.361506746226
1589 706.519691480704 4521.922382986142
1590 706.519691480704 4562.563484135046
1591 706.519691480704 4554.649432233113
1592 706.519691480704 4563.179329878475
1593 706.519691480704 4571.9464726034985
1594 706.519691480704 4561.8976714943265
1595 706.519691480704 4529.485140817708
1596 706.519691480704 4508.689374354461
1597 706.519691480704 4540.410711016122
1598 706.519691480704 4540.410711016122
1599 706.519691480704 4523.160696563645
1600 706.519691480704 4523.160696563645
1601 706.519691480704 4509.721422085359
1602 706.519691480704 4506.366622799266
1603 706.519691480704 4484.050638510675
1604 706.519691480704 4469.939522308947
1605 706.519691480704 4450.014115458017
1606 706.519691480704 4444.176099530513
1607 706.519691480704 4481.022210480433
1608 706.519691480704 4490.34366030182
1609 706.519691480704 4498.756218043023
1610 706.519691480704 4482.0198434621025
1611 706.519691480704 4491.386642367066
1612 706.519691480704 4483.441703352791
1613 706.519691480704 4448.877626480852
1614 706.519691480704 4457.3219855839425
1615 706.519691480704 4457.039652519127
1616 706.519691480704 4468.414749432638
1617 706.519691480704 4468.414749432638
1618 706.519691480704 4496.078496771324
1619 706.519691480704 4496.078496771324
1620 706.519691480704 4509.440380301145
1621 706.519691480704 4535.688913932666
1622 706.519691480704 4543.6029658346
1623 706.519691480704 4522.606453441224
1624 706.519691480704 4511.524313074652
1625 706.519691480704 4504.25637028967
1626 706.519691480704 4518.098550722744
1627 706.519691480704 4496.018003487622
1628 706.519691480704 4498.280457116165
1629 706.519691480704 4516.840555834451
1630 706.519691480704 4520.516307360267
1631 706.519691480704 4526.997716305526
1632 706.519691480704 4523.321964779711
1633 706.519691480704 4537.2474819828985
1634 706.519691480704 4541.382034573477
1635 706.519691480704 4541.382034573477
1636 706.519691480704 4536.930236038307
1637 706.519691480704 4517.117998917067
1638 706.519691480704 4521.524647856049
1639 706.519691480704 4540.949078768073
1640 706.519691480704 4538.700020739335
1641 706.519691480704 4538.700020739335
1642 706.519691480704 4530.778837176894
1643 706.519691480704 4530.778837176894
1644 706.519691480704 4523.227776582882
1645 706.519691480704 4492.583303772926
1646 706.519691480704 4475.339793704466
1647 706.519691480704 4485.7942283464545
1648 706.519691480704 4520.039853218367
1649 706.519691480704 4534.975369402958
1650 706.519691480704 4528.03956187919
1651 706.519691480704 4515.8714792363535
1652 706.519691480704 4515.8714792363535
1653 706.519691480704 4551.671153796354
1654 706.519691480704 4521.928378485533
1655 706.519691480704 4532.991895981736
1656 706.519691480704 4532.413749006314
1657 706.519691480704 4532.413749006314
1658 706.519691480704 4503.804849178855
1659 706.519691480704 4493.576995404587
1660 706.519691480704 4460.748874190126
1661 706.519691480704 4417.262645318522
1662 706.519691480704 4430.5525480947945
1663 706.519691480704 4430.5525480947945
1664 706.519691480704 4430.5525480947945
1665 706.519691480704 4419.424611714195
1666 706.519691480704 4417.4980550511755
1667 706.519691480704 4376.675080930081
1668 706.519691480704 4369.615788947392
1669 706.519691480704 4336.563698564568
1670 706.519691480704 4336.563698564568
1671 706.519691480704 4353.8072086330285
1672 706.519691480704 4345.4620598594665
1673 706.519691480704 4350.18264549474
1674 706.519691480704 4354.790752370275
1675 706.519691480704 4369.498509123276
1676 706.519691480704 4362.739311010172
1677 706.519691480704 4369.721062219349
1678 706.519691480704 4370.691590600713
1679 706.519691480704 4372.880900986918
1680 706.519691480704 4345.8519348392765
1681 706.519691480704 4391.175711602393
1682 706.519691480704 4383.04276959525
1683 706.519691480704 4397.842313314732
1684 706.519691480704 4416.402412033019
1685 706.519691480704 4416.402412033019
1686 706.519691480704 4411.90834050847
1687 706.519691480704 4417.954473935355
1688 706.519691480704 4406.5894341313
1689 706.519691480704 4406.5894341313
1690 706.519691480704 4387.429071182457
1691 706.519691480704 4367.045552633831
1692 706.519691480704 4419.636259430843
1693 706.519691480704 4434.931503496636
1694 706.519691480704 4434.931503496636
1695 706.519691480704 4434.931503496636
1696 706.519691480704 4454.209984523173
1697 706.519691480704 4440.497139508588
1698 706.519691480704 4434.3923359805285
1699 706.519691480704 4450.505552876291
1700 706.519691480704 4462.653948919312
1701 706.519691480704 4509.5732906005405
1702 706.519691480704 4517.044079001124
1703 706.519691480704 4526.736739725518
1704 706.519691480704 4529.245549717865
1705 706.519691480704 4543.249676135521
1706 706.519691480704 4543.54736819487
1707 706.519691480704 4540.101727962342
1708 706.519691480704 4539.080732301693
1709 706.519691480704 4532.3504294347495
1710 706.519691480704 4442.005287080331
1711 706.519691480704 4454.151030213358
1712 706.519691480704 4474.664596910579
1713 706.519691480704 4459.428353158073
1714 706.519691480704 4461.494771153582
1715 706.519691480704 4449.799728192053
1716 706.519691480704 4404.466595071049
1717 706.519691480704 4381.160774480561
1718 706.519691480704 4381.160774480561
1719 706.519691480704 4383.870851941107
1720 706.519691480704 4383.870851941107
1721 706.519691480704 4387.6612726887215
1722 706.519691480704 4387.659667716511
1723 706.519691480704 4379.745615814578
1724 706.519691480704 4403.075546819308
1725 706.519691480704 4459.829684825064
1726 706.519691480704 4492.518615555775
1727 706.519691480704 4492.257686596232
1728 706.519691480704 4492.257686596232
1729 706.519691480704 4482.048162276928
1730 706.519691480704 4463.488063558641
1731 706.519691480704 4463.488063558641
1732 706.519691480704 4466.1724743108
1733 706.519691480704 4457.266625537858
1734 706.519691480704 4456.7324063576825
1735 706.519691480704 4454.533001114983
1736 706.519691480704 4455.243924200721
1737 706.519691480704 4446.422204263478
1738 706.519691480704 4421.8261046619955
1739 706.519691480704 4449.215102433181
1740 706.519691480704 4479.285700098097
1741 706.519691480704 4465.22891993469
1742 706.519691480704 4465.22891993469
1743 706.519691480704 4424.436610794658
1744 706.519691480704 4485.204988641564
1745 706.519691480704 4500.012247767793
1746 706.519691480704 4494.082185998594
1747 706.519691480704 4494.082185998594
1748 706.519691480704 4502.064932076804
1749 706.519691480704 4515.160272058084
1750 706.519691480704 4515.160272058084
1751 706.519691480704 4534.830839905639
1752 706.519691480704 4579.583161061562
1753 706.519691480704 4581.82883516003
1754 706.519691480704 4570.288883495512
1755 706.519691480704 4564.203293254342
1756 706.519691480704 4579.89785562329
1757 706.519691480704 4555.912643732725
1758 706.519691480704 4587.418342765586
1759 706.519691480704 4574.238807917418
1760 706.519691480704 4569.643849232225
1761 706.519691480704 4554.7083330476335
1762 706.519691480704 4535.4765389830745
1763 706.519691480704 4499.712782963816
1764 706.519691480704 4507.23603524016
1765 706.519691480704 4510.586806241254
1766 706.519691480704 4494.152184247472
1767 706.519691480704 4525.278411367109
1768 706.519691480704 4489.049735012166
1769 706.519691480704 4489.049735012166
1770 706.519691480704 4489.289472374132
1771 706.519691480704 4490.330622994575
1772 706.519691480704 4490.330622994575
1773 706.519691480704 4490.879696644027
1774 706.519691480704 4461.268319951853
1775 706.519691480704 4465.697934473588
1776 706.519691480704 4442.777636366704
1777 706.519691480704 4419.352972007776
1778 706.519691480704 4419.352972007776
1779 706.519691480704 4426.412263990465
1780 706.519691480704 4417.063048352771
1781 706.519691480704 4347.577971000958
1782 706.519691480704 4324.539036883284
1783 706.519691480704 4329.207038287729
1784 706.519691480704 4370.997690574443
1785 706.519691480704 4353.419921860204
1786 706.519691480704 4349.378655366215
1787 706.519691480704 4349.378655366215
1788 706.519691480704 4337.101159807439
1789 706.519691480704 4346.007008580382
1790 706.519691480704 4346.007008580382
1791 706.519691480704 4356.216532899685
1792 848.3069309739044 4360.556760218565
1793 848.3069309739044 4367.890545657457
1794 848.3069309739044 4367.890545657457
1795 814.8472003866517 4356.517415926689
1796 814.8472003866517 4358.2573289149705
1797 814.8472003866517 4368.95761429557
1798 706.519691480704 4377.795745294883
1799 706.519691480704 4386.918884196939
1800 706.519691480704 4403.6133206159475
1801 706.519691480704 4422.360728689889
1802 706.519691480704 4418.790486969298
1803 706.519691480704 4422.786646475985
1804 706.519691480704 4420.649247461519
1805 706.519691480704 4426.260845640736
1806 706.519691480704 4427.610398450713
1807 706.519691480704 4424.645598991413
1808 706.519691480704 4429.38083743153
1809 706.519691480704 4438.745586558479
1810 706.519691480704 4450.201993358784
1811 706.519691480704 4465.409968998147
1812 706.519691480704 4462.476506386855
1813 706.519691480704 4439.498649927111
1814 706.519691480704 4431.4479841427465
1815 706.519691480704 4423.977195742163
1816 706.519691480704 4390.1477613890365
1817 706.519691480704 4372.963813428161
1818 706.519691480704 4382.224357783565
1819 706.519691480704 4429.942940632427
1820 706.519691480704 4425.902924627911
1821 706.519691480704 4470.504270263396
1822 706.519691480704 4470.504270263396
1823 706.519691480704 4486.687866695328
1824 706.519691480704 4480.8951436749285
1825 706.519691480704 4503.550303048353
1826 706.519691480704 4500.877164095494
1827 706.519691480704 4524.800124225184
1828 706.519691480704 4537.854509612782
1829 706.519691480704 4553.990711605508
1830 706.519691480704 4563.021564083884
1831 706.519691480704 4562.531324115579
1832 706.519691480704 4527.201264457846
1833 706.519691480704 4539.7034865056585
1834 706.519691480704 4539.7034865056585
1835 706.519691480704 4533.196389055677
1836 706.519691480704 4546.655768134603
1837 706.519691480704 4552.674302101393
1838 706.519691480704 4543.299378171944
1839 706.519691480704 4528.84434598399
1840 706.519691480704 4554.19436418492
1841 706.519691480704 4514.717398087556
1842 706.519691480704 4515.856850060863
1843 706.519691480704 4508.747054214623
1844 706.519691480704 4458.199141594207
1845 706.519691480704 4478.712708291427
1846 706.519691480704 4484.505431311827
1847 706.519691480704 4484.505431311827
1848 706.519691480704 4519.08034988581
1849 706.519691480704 4529.698017039728
1850 706.519691480704 4524.181713950972
1851 706.519691480704 4497.09952782265
1852 706.519691480704 4521.466299724192
1853 706.519691480704 4524.136983845607
1854 706.519691480704 4521.320556658866
1855 706.519691480704 4490.764293164119
1856 706.519691480704 4490.764293164119
1857 706.519691480704 4490.764293164119
1858 720.0588798443304 4481.496039013355
1859 720.0588798443304 4496.055751650292
1860 720.0588798443304 4468.273261965993
1861 720.0588798443304 4450.908787955442
1862 720.0588798443304 4447.233036429627
1863 720.0588798443304 4446.109073287276
1864 720.0588798443304 4441.510340664614
1865 720.0588798443304 4394.850211633854
1866 720.0588798443304 4397.391995887231
1867 720.0588798443304 4395.202685501026
1868 720.0588798443304 4395.202685501026
1869 720.0588798443304 4410.800520938065
1870 720.0588798443304 4408.085347616481
1871 720.0588798443304 4461.748722577057
1872 720.0588798443304 4479.1343216228815
1873 720.0588798443304 4550.841503593302
1874 720.0588798443304 4541.93565482036
1875 720.0588798443304 4541.962150090071
1876 720.0588798443304 4523.491549220587
1877 720.0588798443304 4523.491549220587
1878 720.0588798443304 4510.632522109962
1879 720.0588798443304 4510.632522109962
1880 720.0588798443304 4523.616937308075
1881 720.0588798443304 4535.471674671412
1882 720.0588798443304 4536.572887688957
1883 720.0588798443304 4525.766742936787
1884 720.0588798443304 4563.153044222795
1885 720.0588798443304 4575.143435891924
1886 706.519691480704 4561.192409386431
1887 706.519691480704 4532.905610340743
1888 706.519691480704 4540.856601254606
1889 706.519691480704 4528.866209585478
1890 706.519691480704 4466.579302019712
1891 706.519691480704 4446.136110132379
1892 706.519691480704 4436.567463424861
1893 706.519691480704 4472.817479754489
1894 706.519691480704 4458.593604577785
1895 706.519691480704 4440.165806315965
1896 706.519691480704 4414.815788115034
1897 706.519691480704 4433.393687355266
1898 706.519691480704 4452.8249505449985
1899 706.519691480704 4468.247014775528
1900 706.519691480704 4448.044952818543
1901 706.519691480704 4469.041465211918
1902 706.519691480704 4481.82340791363
1903 706.519691480704 4476.050026563093
1904 706.519691480704 4471.51770087184
1905 706.519691480704 4434.2065956373435
1906 706.519691480704 4445.953019609541
1907 706.519691480704 4419.544964221019
1908 706.519691480704 4425.632159434399
1909 706.519691480704 4425.632159434399
1910 706.519691480704 4431.3989776677445
1911 706.519691480704 4429.9282904755
1912 706.519691480704 4430.3689736663855
1913 706.519691480704 4449.600767730944
1914 706.519691480704 4449.600767730944
1915 706.519691480704 4456.46952530438
1916 706.519691480704 4456.340508493702
1917 706.519691480704 4441.502434685548
1918 706.519691480704 4447.66412880236
1919 706.519691480704 4447.66412880236
1920 706.519691480704 4459.3797117015065
1921 706.519691480704 4444.346796476267
1922 706.519691480704 4445.295511986903
1923 706.519691480704 4447.052045788979
1924 706.519691480704 4454.029809884753
1925 706.519691480704 4390.8854418792835
1926 706.519691480704 4395.319158011549
1927 706.519691480704 4388.377044102054
1928 706.519691480704 4387.079466415604
1929 706.519691480704 4376.413442171482
1930 706.519691480704 4376.962515820934
1931 706.519691480704 4376.962515820934
1932 706.519691480704 4364.814119777913
1933 706.519691480704 4342.719763253986
1934 706.519691480704 4342.719763253986
1935 706.519691480704 4352.071977833255
1936 706.519691480704 4354.781362703116
1937 706.519691480704 4351.553589592991
1938 706.519691480704 4341.8625338408065
1939 706.519691480704 4364.413883735003
1940 706.519691480704 4345.803603171797
1941 706.519691480704 4341.351804636627
1942 706.519691480704 4351.737443022897
1943 706.519691480704 4352.958719824976
1944 706.519691480704 4361.1736126116475
1945 706.519691480704 4405.79701742707
1946 706.519691480704 4416.006541746374
1947 706.519691480704 4416.006541746374
1948 706.519691480704 4424.212585986636
1949 706.519691480704 4406.763569352543
1950 706.519691480704 4413.308335256831
1951 706.519691480704 4435.043944636941
1952 706.519691480704 4439.114852932355
1953 706.519691480704 4458.951125251315
1954 706.519691480704 4458.7763124266085
1955 706.519691480704 4507.105716756173
1956 706.519691480704 4532.072085182794
1957 706.519691480704 4541.50807625472
1958 706.519691480704 4531.842686371739
1959 706.519691480704 4539.881925049858
1960 706.519691480704 4496.5563295203265
1961 706.519691480704 4496.254807212475
1962 706.519691480704 4478.821195999758
1963 706.519691480704 4478.821195999758
1964 706.519691480704 4447.090432832549
1965 706.519691480704 4463.368175735219
1966 706.519691480704 4472.115050202039
1967 706.519691480704 4509.5642787407005
1968 706.519691480704 4538.494708261979
1969 706.519691480704 4547.275873005687
1970 706.519691480704 4527.04279975537
1971 706.519691480704 4525.0263841977885
1972 706.519691480704 4492.7408272844905
1973 706.519691480704 4504.634725335892
1974 706.519691480704 4504.634725335892
1975 706.519691480704 4488.599425109432
1976 706.519691480704 4473.854854528487
1977 706.519691480704 4476.819653987786
1978 706.519691480704 4488.725748362657
1979 706.519691480704 4485.626019889593
1980 706.519691480704 4485.626019889593
1981 706.519691480704 4477.489269318723
1982 706.519691480704 4483.691292767504
1983 706.519691480704 4453.259905268711
1984 706.519691480704 4453.259905268711
1985 706.519691480704 4452.389498878963
1986 706.519691480704 4446.63378139109
1987 706.519691480704 4452.352832294537
1988 706.519691480704 4439.263806849844
1989 706.519691480704 4415.483299469346
1990 706.519691480704 4416.618313915624
1991 706.519691480704 4397.075816349277
1992 706.519691480704 4413.981424945881
1993 706.519691480704 4411.523517966407
1994 706.519691480704 4384.5801348167415
1995 706.519691480704 4397.151552584289
1996 706.519691480704 4397.012300427975
1997 706.519691480704 4397.012300427975
1998 706.519691480704 4400.462153163239
1999 706.519691480704 4424.8578496804985
2000 706.519691480704 4424.8578496804985
2001 706.519691480704 4394.238400047927
2002 706.519691480704 4403.931060772321
2003 706.519691480704 4392.125634003401
2004 706.519691480704 4401.175311809016
2005 706.519691480704 4411.307723397063
2006 706.519691480704 4411.307723397063
2007 706.519691480704 4412.605301083513
2008 706.519691480704 4412.605301083513
2009 706.519691480704 4385.045522858909
2010 706.519691480704 4395.4482098948
2011 706.519691480704 4371.568878886113
2012 706.519691480704 4353.391646233194
2013 706.519691480704 4341.6914157627025
2014 706.519691480704 4356.4359863436475
2015 706.519691480704 4345.366174681479
2016 706.519691480704 4371.24133171118
2017 706.519691480704 4365.154136497798
2018 706.519691480704 4369.227435430156
2019 706.519691480704 4373.179584710349
2020 706.519691480704 4390.002082829437
2021 706.519691480704 4391.5688182610575
2022 706.519691480704 4365.764431952681
2023 706.519691480704 4356.211839046737
2024 706.519691480704 4380.698010023675
2025 706.519691480704 4380.698010023675
2026 706.519691480704 4380.698010023675
2027 882.2505863290281 4375.097793498483
2028 882.2505863290281 4375.097793498483
2029 882.2505863290281 4420.121819567261
2030 882.2505863290281 4420.121819567261
2031 882.2505863290281 4403.565218136668
2032 848.3069309739044 4422.511641697803
2033 848.3069309739044 4422.511641697803
2034 848.3069309739044 4422.809333757151
2035 848.3069309739044 4422.809333757151
2036 848.3069309739044 4409.555542054034
2037 848.3069309739044 4409.555542054034
2038 848.3069309739044 4388.221863857871
2039 848.3069309739044 4396.135915759803
2040 848.3069309739044 4396.135915759803
2041 848.3069309739044 4396.135915759803
2042 848.3069309739044 4371.943689471778
2043 848.3069309739044 4369.744647751389
2044 848.3069309739044 4354.809131566798
2045 848.3069309739044 4361.911637823381
2046 848.3069309739044 4320.787993298089
2047 848.3069309739044 4317.3664708517435
2048 848.3069309739044 4332.253044305332
2049 848.3069309739044 4331.5823714018325
2050 848.3069309739044 4339.133431995844
2051 848.3069309739044 4378.6103980932085
2052 848.3069309739044 4409.878762393619
2053 848.3069309739044 4369.707171187971
2054 848.3069309739044 4369.707171187971
2055 848.3069309739044 4372.142867045931
2056 848.3069309739044 4372.142867045931
2057 848.3069309739044 4393.952196516699
2058 720.0588798443304 4397.660150897127
2059 720.0588798443304 4384.008011576859
2060 720.0588798443304 4383.981516307148
2061 720.0588798443304 4364.060897845211
2062 720.0588798443304 4361.099162491933
2063 720.0588798443304 4375.675812042571
2064 720.0588798443304 4370.815056872325
2065 720.0588798443304 4356.373344199316
2066 720.0588798443304 4308.669767776029
2067 720.0588798443304 4314.0087504854555
2068 720.0588798443304 4317.400328454889
2069 720.0588798443304 4292.647976820317
2070 720.0588798443304 4304.970851914791
2071 720.0588798443304 4304.01046563347
2072 720.0588798443304 4304.01046563347
2073 720.0588798443304 4315.478331429985
2074 720.0588798443304 4322.537623412674
2075 720.0588798443304 4322.537623412674
2076 720.0588798443304 4343.222449510546
2077 720.0588798443304 4384.448115808994
2078 720.0588798443304 4384.912931986641
2079 720.0588798443304 4384.912931986641
2080 720.0588798443304 4364.274938206029
2081 720.0588798443304 4403.38261387545
2082 720.0588798443304 4420.813105502432
2083 720.0588798443304 4416.2440314271835
2084 720.0588798443304 4407.951877695205
2085 720.0588798443304 4379.296495272205
2086 720.0588798443304 4365.124649648271
2087 720.0588798443304 4371.576406781401
2088 720.0588798443304 4382.139554808933
2089 720.0588798443304 4331.596386615254
2090 720.0588798443304 4337.966955859396
2091 720.0588798443304 4329.032927453195
2092 720.0588798443304 4326.183945426052
2093 720.0588798443304 4331.752253000029
2094 720.0588798443304 4331.752253000029
2095 720.0588798443304 4364.037959525185
2096 720.0588798443304 4350.858424677017
2097 720.0588798443304 4328.714623405198
2098 720.0588798443304 4347.324903968404
2099 720.0588798443304 4337.036121332534
2100 720.0588798443304 4374.672331751838
2101 720.0588798443304 4371.6240250607025
2102 720.0588798443304 4396.513504206009
2103 720.0588798443304 4386.426325504918
2104 720.0588798443304 4389.335686355966
2105 720.0588798443304 4390.055822284317
2106 720.0588798443304 4375.0627782979955
2107 720.0588798443304 4370.255805357665
2108 720.0588798443304 4353.889847262073
2109 720.0588798443304 4386.217629558779
2110 720.0588798443304 4410.429673532675
2111 720.0588798443304 4410.911177758565
2112 720.0588798443304 4414.261948759659
2113 720.0588798443304 4412.737487406852
2114 720.0588798443304 4410.7146067399135
2115 720.0588798443304 4396.873504736789
2116 720.0588798443304 4421.454338918234
2117 720.0588798443304 4428.958652741172
2118 720.0588798443304 4426.588995520931
2119 720.0588798443304 4418.255952907918
2120 720.0588798443304 4414.834430461574
2121 720.0588798443304 4447.64705030985
2122 720.0588798443304 4449.884840251089
2123 720.0588798443304 4442.840414467472
2124 720.0588798443304 4487.032186607419
2125 720.0588798443304 4514.843050192685
2126 720.0588798443304 4505.595460523927
2127 720.0588798443304 4507.6517689586935
2128 720.0588798443304 4509.924832587896
2129 720.0588798443304 4496.5969432384045
2130 720.0588798443304 4472.599623743735
2131 720.0588798443304 4448.4073974557095
2132 720.0588798443304 4500.896272743823
2133 720.0588798443304 4477.530843133875
2134 720.0588798443304 4477.530843133875
2135 720.0588798443304 4480.143694920573
2136 720.0588798443304 4480.143694920573
2137 720.0588798443304 4468.765304235288
2138 720.0588798443304 4464.358699471763
2139 720.0588798443304 4478.209601124123
2140 720.0588798443304 4459.960866153141
2141 720.0588798443304 4441.4629515683055
2142 720.0588798443304 4441.4629515683055
2143 720.0588798443304 4438.026024867316
2144 720.0588798443304 4454.45786671132
2145 720.0588798443304 4464.660426502707
2146 720.0588798443304 4421.2999313806085
2147 720.0588798443304 4404.3513029557325
2148 720.0588798443304 4428.543529243756
2149 720.0588798443304 4435.6028212264455
2150 720.0588798443304 4430.5478914839505
2151 720.0588798443304 4428.9098981789375
2152 720.0588798443304 4430.6664319810125
2153 720.0588798443304 4441.606369232779
2154 720.0588798443304 4454.416607128111
2155 720.0588798443304 4460.709254525274
2156 720.0588798443304 4454.676438398706
2157 720.0588798443304 4445.104482635265
2158 720.0588798443304 4471.190414144488
2159 720.0588798443304 4471.190414144488
2160 720.0588798443304 4469.849041503805
2161 720.0588798443304 4444.861235824939
2162 720.0588798443304 4447.319142804413
2163 720.0588798443304 4465.7951146381365
2164 720.0588798443304 4531.324736882572
2165 720.0588798443304 4544.445383867098
2166 720.0588798443304 4544.445383867098
2167 720.0588798443304 4567.756394947683
2168 720.0588798443304 4567.756394947683
2169 720.0588798443304 4567.756394947683
2170 720.0588798443304 4567.756394947683
2171 720.0588798443304 4540.593738923645
2172 720.0588798443304 4516.03646132707
2173 720.0588798443304 4508.513209050726
2174 720.0588798443304 4507.723748380055
2175 706.519691480704 4544.323262577586
2176 706.519691480704 4589.091901703952
2177 706.519691480704 4589.091901703952
2178 706.519691480704 4583.214334732309
2179 706.519691480704 4529.235701068391
2180 706.519691480704 4528.28614766147
2181 706.519691480704 4530.6558048817105
2182 706.519691480704 4530.6558048817105
2183 706.519691480704 4554.093300224129
2184 706.519691480704 4588.726711258158
2185 706.519691480704 4607.703690464911
2186 706.519691480704 4607.703690464911
2187 706.519691480704 4598.942301214218
2188 706.519691480704 4593.918545318078
2189 706.519691480704 4593.918545318078
2190 706.519691480704 4599.915724196367
2191 706.519691480704 4614.02506873431
2192 706.519691480704 4620.395637978451
2193 706.519691480704 4643.083814765244
2194 706.519691480704 4642.561843455033
2195 706.519691480704 4623.95998223045
2196 706.519691480704 4626.928690662777
2197 706.519691480704 4734.241016872888
2198 706.519691480704 4728.377053803196
2199 706.519691480704 4711.122155998317
2200 706.519691480704 4718.429446167498
2201 706.519691480704 4733.453293915672
2202 706.519691480704 4745.482691175031
2203 706.519691480704 4731.085442513915
2204 706.519691480704 4698.485805086786
2205 706.519691480704 4708.344879593759
2206 706.519691480704 4705.38008013446
2207 706.519691480704 4702.922173154986
2208 706.519691480704 4702.922173154986
2209 706.519691480704 4688.690110796423
2210 706.519691480704 4646.226252194603
2211 706.519691480704 4645.208568005757
2212 706.519691480704 4641.13095596194
2213 706.519691480704 4604.259709634553
2214 706.519691480704 4599.340453234232
2215 706.519691480704 4593.772145660256
2216 706.519691480704 4593.772145660256
2217 706.519691480704 4565.938549634618
2218 706.519691480704 4551.519218440992
2219 706.519691480704 4556.114177126185
2220 706.519691480704 4543.54290098028
2221 706.519691480704 4567.909672881822
2222 706.519691480704 4562.116949861422
2223 706.519691480704 4551.1123127181945
2224 706.519691480704 4504.651648118934
2225 706.519691480704 4504.651648118934
2226 706.519691480704 4501.718185507643
2227 706.519691480704 4502.694266887657
2228 706.519691480704 4473.686774754436
2229 706.519691480704 4485.2548412820415
2230 706.519691480704 4451.264257840582
2231 706.519691480704 4451.264257840582
2232 706.519691480704 4451.264257840582
2233 706.519691480704 4422.404030148112
2234 706.519691480704 4422.404030148112
2235 706.519691480704 4471.694806625917
2236 706.519691480704 4488.737613775151
2237 706.519691480704 4488.910723280944
2238 706.519691480704 4488.910723280944
2239 706.519691480704 4495.628426366293
2240 706.519691480704 4540.424739022923
2241 706.519691480704 4543.483084767932
2242 706.519691480704 4543.483084767932
2243 706.519691480704 4547.781712441126
2244 706.519691480704 4534.388937208397
2245 706.519691480704 4527.756771341882
2246 706.519691480704 4532.2085698770525
2247 706.519691480704 4532.2085698770525
2248 706.519691480704 4562.764833371799
2249 706.519691480704 4577.41934138705
2250 706.519691480704 4551.1141897081225
2251 706.519691480704 4563.451678632811
2252 706.519691480704 4552.7301842603265
2253 706.519691480704 4550.309238347334
2254 706.519691480704 4549.236139407918
2255 706.519691480704 4553.7413854800025
2256 706.519691480704 4531.076718669854
2257 706.519691480704 4526.993678099811
2258 706.519691480704 4528.168177772272
2259 706.519691480704 4520.6820440317015
2260 706.519691480704 4510.633242922529
2261 706.519691480704 4508.0914586691515
2262 706.519691480704 4549.346357892974
2263 706.519691480704 4537.67769008857
2264 706.519691480704 4553.275525525611
2265 706.519691480704 4566.455060373779
2266 706.519691480704 4559.877880404407
2267 706.519691480704 4575.453707500276
2268 706.519691480704 4567.303976407409
2269 706.519691480704 4574.261578010537
2270 706.519691480704 4587.715852725069
2271 706.519691480704 4596.046371472375
2272 706.519691480704 4601.169421973492
2273 706.519691480704 4603.711206226869
2274 706.519691480704 4614.42645054343
2275 706.519691480704 4595.307754306604
2276 706.519691480704 4595.307754306604
2277 706.519691480704 4594.133254634142
2278 706.519691480704 4577.668192049613
2279 706.519691480704 4580.058665261258
2280 706.519691480704 4604.898275922648
2281 706.519691480704 4604.510867431348
2282 706.519691480704 4590.542064536408
2283 706.519691480704 4597.688782576863
2284 706.519691480704 4560.983185657477
2285 706.519691480704 4568.86706257354
2286 706.519691480704 4570.567655552047
2287 706.519691480704 4600.789566257277
2288 706.519691480704 4584.592927684255
2289 706.519691480704 4580.205634775668
2290 706.519691480704 4580.632806072372
2291 706.519691480704 4593.721831517065
2292 706.519691480704 4593.721831517065
2293 706.519691480704 4583.934362536071
2294 706.519691480704 4585.132126871277
2295 706.519691480704 4585.132126871277
2296 706.519691480704 4585.132126871277
2297 706.519691480704 4572.898559512967
2298 706.519691480704 4538.881065909007
2299 706.519691480704 4534.447965875771
2300 706.519691480704 4531.427318025893
2301 706.519691480704 4531.427318025893
2302 706.519691480704 4531.427318025893
2303 706.519691480704 4578.346659707123
2304 706.519691480704 4576.919963778843
2305 706.519691480704 4588.102011397126
2306 706.519691480704 4590.466700059121
2307 706.519691480704 4601.27334624944
2308 706.519691480704 4610.770310756038
2309 706.519691480704 4610.770310756038
2310 706.519691480704 4610.770310756038
2311 706.519691480704 4613.500785639229
2312 706.519691480704 4613.500785639229
2313 706.519691480704 4617.453751059273
2314 706.519691480704 4617.755273367124
2315 706.519691480704 4639.193852991474
2316 706.519691480704 4634.313435869624
2317 706.519691480704 4626.809111235052
2318 706.519691480704 4646.821683637354
2319 706.519691480704 4632.841023941209
2320 706.519691480704 4614.230743378002
2321 706.519691480704 4617.097996145075
2322 706.519691480704 4629.613942701506
2323 706.519691480704 4629.613942701506
2324 706.519691480704 4587.3626347369145
2325 706.519691480704 4573.113271076547
2326 706.519691480704 4576.534793522891
2327 706.519691480704 4576.534793522891
2328 706.519691480704 4585.97078459482
2329 706.519691480704 4585.97078459482
2330 706.519691480704 4566.8271309352685
2331 706.519691480704 4562.375332400099
2332 706.519691480704 4562.375332400099
2333 706.519691480704 4596.323733170944
2334 706.519691480704 4603.015037133002
2335 706.519691480704 4602.87427843289
2336 706.519691480704 4595.477238040227
2337 706.519691480704 4594.365933312519
2338 706.519691480704 4594.365933312519
2339 706.519691480704 4594.365933312519
2340 706.519691480704 4594.365933312519
2341 706.519691480704 4594.365933312519
2342 706.519691480704 4557.716164622572
2343 706.519691480704 4560.680964081872
2344 706.519691480704 4544.633416707043
2345 706.519691480704 4544.633416707043
2346 706.519691480704 4544.633416707043
2347 706.519691480704 4541.28264570595
2348 706.519691480704 4558.551898724009
2349 706.519691480704 4591.361530244733
2350 706.519691480704 4581.864565738135
2351 706.519691480704 4530.522571084643
2352 706.519691480704 4523.212559939562
2353 706.519691480704 4545.574624024216
2354 706.519691480704 4552.198547506346
2355 706.519691480704 4558.4005709551275
2356 706.519691480704 4549.313210649538
2357 706.519691480704 4551.777162848099
2358 706.519691480704 4540.350819888913
2359 706.519691480704 4533.34327814408
2360 706.519691480704 4482.497969959777
2361 706.519691480704 4472.5071192979785
2362 706.519691480704 4460.976409407539
2363 706.519691480704 4496.418826132573
2364 706.519691480704 4492.2886964805
2365 706.519691480704 4486.720388906523
2366 706.519691480704 4515.141026395501
2367 706.519691480704 4526.214601001161
2368 706.519691480704 4518.23185492295
2369 706.519691480704 4525.34165076919
2370 706.519691480704 4525.34165076919
2371 706.519691480704 4511.456748332715
2372 706.519691480704 4511.456748332715
2373 706.519691480704 4507.212445161062
2374 706.519691480704 4501.202336763887
2375 706.519691480704 4473.562071144343
2376 706.519691480704 4473.562071144343
2377 706.519691480704 4439.702770967787
2378 706.519691480704 4439.702770967787
2379 706.519691480704 4450.607113923997
2380 706.519691480704 4467.377948453801
2381 706.519691480704 4459.778469194815
2382 706.519691480704 4460.732094614383
2383 706.519691480704 4472.939086944778
2384 706.519691480704 4501.822206069487
2385 706.519691480704 4501.822206069487
2386 706.519691480704 4478.334130482029
2387 706.519691480704 4474.2729478322835
2388 706.519691480704 4474.2729478322835
2389 706.519691480704 4433.498404048468
2390 706.519691480704 4427.342335875521
2391 706.519691480704 4466.923724511827
2392 706.519691480704 4454.4300350273625
2393 706.519691480704 4447.250485645437
2394 706.519691480704 4445.051443925047
2395 706.519691480704 4458.527858207747
2396 706.519691480704 4447.263468222475
2397 706.519691480704 4447.232627149422
2398 706.519691480704 4447.232627149422
2399 706.519691480704 4447.232627149422
2400 706.519691480704 4440.0999934787405
2401 706.519691480704 4434.128787307698
2402 706.519691480704 4421.720656516576
2403 706.519691480704 4420.708784003662
2404 706.519691480704 4375.684757934885
2405 706.519691480704 4370.637169549658
2406 706.519691480704 4370.637169549658
2407 720.0588798443304 4364.117159316122
2408 720.0588798443304 4362.067070483881
2409 720.0588798443304 4406.279275021363
2410 720.0588798443304 4406.279275021363
2411 720.0588798443304 4389.867934574408
2412 720.0588798443304 4414.642002957095
2413 720.0588798443304 4422.193063551108
2414 720.0588798443304 4422.193063551108
2415 720.0588798443304 4430.16648414337
2416 720.0588798443304 4384.787589702442
2417 720.0588798443304 4376.491581273576
2418 720.0588798443304 4352.9237244053775
2419 720.0588798443304 4363.133248724681
2420 720.0588798443304 4375.683307507836
2421 720.0588798443304 4375.683307507836
2422 720.0588798443304 4383.258375878906
2423 720.0588798443304 4394.331950484566
2424 720.0588798443304 4398.765050517802
2425 720.0588798443304 4417.325149236089
2426 720.0588798443304 4430.058420305502
2427 720.0588798443304 4454.615697902077
2428 720.0588798443304 4454.615697902077
2429 720.0588798443304 4456.814739622467
2430 720.0588798443304 4454.623916501871
2431 720.0588798443304 4458.576881921914
2432 720.0588798443304 4452.808458716358
2433 720.0588798443304 4440.660062673338
2434 720.0588798443304 4433.746387170426
2435 720.0588798443304 4457.311801142586
2436 720.0588798443304 4464.72674770932
2437 720.0588798443304 4448.294905865315
2438 720.0588798443304 4454.702422394973
2439 720.0588798443304 4478.064398208616
2440 720.0588798443304 4472.174572426998
2441 720.0588798443304 4465.122454848269
2442 720.0588798443304 4456.82035556253
2443 882.2505863290281 4466.680667840414
2444 882.2505863290281 4453.5916423957215
2445 882.2505863290281 4457.71091538562
2446 882.2505863290281 4412.004077584191
2447 882.2505863290281 4443.514857724443
2448 882.2505863290281 4439.791812970246
2449 882.2505863290281 4432.508384943753
2450 882.2505863290281 4432.508384943753
2451 882.2505863290281 4423.550547756428
2452 882.2505863290281 4470.200226875851
2453 882.2505863290281 4471.497804562301
2454 882.2505863290281 4414.469136085306
2455 882.2505863290281 4422.409421146007
2456 882.2505863290281 4429.323096648918
2457 882.2505863290281 4418.920409613027
2458 882.2505863290281 4425.911448412191
2459 882.2505863290281 4436.702669560922
2460 882.2505863290281 4436.702669560922
2461 882.2505863290281 4429.5300058396715
2462 882.2505863290281 4456.850083361778
2463 882.2505863290281 4457.147775421126
2464 882.2505863290281 4466.933114726511
2465 882.2505863290281 4448.322834163305
2466 882.2505863290281 4440.74739273621
2467 882.2505863290281 4440.74739273621
2468 882.2505863290281 4427.7125844296825
2469 882.2505863290281 4406.928505046357
2470 882.2505863290281 4418.417414349585
2471 882.2505863290281 4417.927174381279
2472 882.2505863290281 4405.866720799182
2473 882.2505863290281 4457.8165057182705
2474 882.2505863290281 4455.358598738796
2475 882.2505863290281 4442.179063890628
2476 882.2505863290281 4437.573863547752
2477 882.2505863290281 4448.528013381083
2478 706.519691480704 4444.202631077339
2479 706.519691480704 4446.87071076882
2480 706.519691480704 4446.87071076882
2481 706.519691480704 4471.606800281807
2482 706.519691480704 4478.05503596093
2483 706.519691480704 4453.105433450903
2484 706.519691480704 4453.105433450903
2485 706.519691480704 4438.690077592603
2486 706.519691480704 4419.9100565626195
2487 706.519691480704 4438.470155280907
2488 706.519691480704 4438.470155280907
2489 706.519691480704 4436.534651911015
2490 706.519691480704 4490.808971828464
2491 706.519691480704 4493.99774474247
2492 706.519691480704 4484.048552014166
2493 706.519691480704 4412.816049846456
2494 706.519691480704 4423.025574165759
2495 706.519691480704 4415.558918725108
2496 706.519691480704 4396.571292217515
2497 706.519691480704 4391.836053777398
2498 706.519691480704 4400.166572524703
2499 706.519691480704 4400.166572524703
