# iteración promedio
0 929.5108117916993
1 920.0432017298567
2 918.2466399586305
3 900.0145377154467
4 888.6721719034398
5 869.7973310496334
6 855.6236986578867
7 850.6964602139803
8 855.9356058978742
9 849.6588252780193
10 838.0836091323167
11 837.6298128621328
12 827.6034084168402
13 817.3343955803241
14 804.6588752478522
15 800.2562370591236
16 787.0992435979673
17 785.9761200380298
18 778.0540180965862
19 776.290021923132
20 776.0560493725434
21 770.7749110008637
22 763.8409603753115
23 758.2698465783922
24 751.0923694357931
25 751.3081518344452
26 749.1409396066048
27 736.7632327277296
28 732.2626992030359
29 732.6757917912441
30 726.0078194579394
31 724.1463426811309
32 724.0028662708371
33 717.2933069987126
34 721.3879823262342
35 721.3841186499438
36 720.9864849463321
37 716.5155178304609
38 710.8620635799449
39 708.7326088435211
40 706.7166454438509
41 708.1478443318043
42 707.1401797826376
43 706.413898849069
44 699.9786305279074
45 697.9182202488969
46 686.080898783466
47 681.4615240148846
48 682.546788536773
49 676.4928746123317
50 672.6425264653084
51 668.0367116565864
52 671.6925812413594
53 669.3041535282024
54 666.6599398729999
55 664.6272645806725
56 659.7443196741506
57 657.0580519333115
58 655.2491837889845
59 655.490502799722
60 654.620254963444
61 651.4882336193731
62 644.4450847058351
63 635.2063531649906
64 631.7389287676255
65 636.5735765960951
66 634.451243959279
67 629.9987758935988
68 631.7330287154963
69 634.7775004993375
70 631.5331195294443
71 632.5718637594412
72 632.9188061964555
73 630.3929252370374
74 627.2435345180926
75 624.0695525686579
76 613.6260505651454
77 615.7736015625801
78 608.0185081854495
79 601.7394385289156
80 601.6175021733175
81 595.6809979556839
82 588.5300128563988
83 591.8818028394928
84 590.8803595027537
85 584.7817714301532
86 577.6129009254237
87 575.7606396670918
88 573.430154056764
89 573.5349424039338
90 568.8747519142017
91 560.1168469460913
92 559.0270418681976
93 557.8222100881517
94 556.3844538784168
95 558.3696051986848
96 560.4236204191826
97 563.8685011507778
98 558.8761958874622
99 556.5855163088522
100 557.2726310722244
101 548.5889856844315
102 552.6087263494803
103 551.9631240052306
104 540.6047618637435
105 539.2770619889287
106 536.8088675861787
107 532.3582880534
108 529.0079056889114
109 526.8827095236999
110 529.3076674392863
111 524.7910795531542
112 523.6836130375249
113 525.5282910011401
114 527.6795030457346
115 525.0391977453521
116 525.7405478787947
117 518.921956916806
118 512.8625748976215
119 514.2736436688829
120 509.5753963647972
121 507.69518734847935
122 511.6086553731181
123 508.0035897902954
124 508.94283896485086
125 507.32337600676607
126 503.45351569023796
127 503.6137184025613
128 502.4270480705682
129 502.31992381589674
130 501.852341894633
131 499.3221854865936
132 499.1147139563081
133 495.8577753194527
134 485.8688973940467
135 489.931752246678
136 489.6652606862808
137 486.8417294909359
138 485.64280492034015
139 491.1845517663992
140 492.80008098122636
141 486.5420123859193
142 482.4023308060003
143 473.38448776823844
144 472.4867964473539
145 475.4152635717353
146 475.69540494478895
147 474.73885123305166
148 473.96804125144286
149 464.40666282872417
150 460.6976903637416
151 456.3448535978454
152 458.1103650166873
153 456.97532958305385
154 462.5987024000897
155 460.7652844750451
156 462.0658475559366
157 458.62773745376273
158 455.50866704166697
159 455.8531455421522
160 458.2779967099888
161 458.78777140446465
162 454.0892899369872
163 455.1903119271378
164 460.5787069563791
165 460.906412909938
166 464.13575767728145
167 464.3344314046647
168 460.50238080764393
169 463.65303424688415
170 465.08328750563805
171 460.66803872498554
172 457.5661441872064
173 452.4177971221941
174 450.9106483751787
175 451.84367481195636
176 449.47286143173704
177 450.0846511094509
178 450.39277449806434
179 448.74037973783766
180 449.0119563449461
181 442.90539974049386
182 445.5958847181057
183 443.09939201545836
184 442.66621216804646
185 442.6435792021304
186 445.01586089872706
187 444.9447574809742
188 442.2267025659691
189 442.5551446250579
190 437.0444079990916
191 435.38777424196786
192 436.6553344388248
193 438.8002023363255
194 441.2769479186742
195 438.7773216898404
196 431.99716311492455
197 429.5687323027233
198 429.5871592829388
199 428.6702741920261
200 425.0287201887867
201 420.23575084485185
202 415.883282057903
203 412.20090618511773
204 411.73288078455334
205 409.05596146651527
206 402.44592547818377
207 403.0585971616076
208 403.2463627153791
209 396.76220750015375
210 402.41415767838015
211 405.41218451974487
212 408.7782007092542
213 406.22657613498683
214 405.08211156069075
215 405.90318401699545
216 402.43692690255244
217 401.1090672399994
218 397.22019358286497
219 392.84927993437697
220 395.50238644385604
221 398.4373211071177
222 400.845038453427
223 397.43541548386537
224 398.4539156561155
225 390.7978770518925
226 385.00213358236994
227 377.35739070480673
228 379.74737542183567
229 377.190211640529
230 368.7290408039414
231 364.9111129724924
232 361.59832224697806
233 366.0423841217656
234 361.6923927182232
235 358.8988066664931
236 357.0593646566051
237 353.1265534481907
238 354.21103321401574
239 352.84748598619046
240 351.4229913821289
241 344.63598348130006
242 345.17478182516913
243 343.5989351360432
244 341.07427799722575
245 341.6788275556079
246 341.6942285038694
247 340.8387561130264
248 339.6915540775095
249 343.88029183259295
250 345.240175671578
251 341.8788427228873
252 340.9817910383509
253 337.4622369590054
254 335.1410460580319
255 332.4586749580847
256 334.37772057334024
257 329.57870759346935
258 328.0145824012727
259 325.37721463388766
260 325.5006147067246
261 325.7904107617607
262 323.90987603031994
263 319.00765956390444
264 314.1222959201564
265 316.16669110446406
266 321.0431063834898
267 313.94801250825554
268 315.5980151563542
269 312.2856115729895
270 311.74979328029156
271 311.95665978166807
272 310.39719449338804
273 312.8905047767644
274 314.2240811914013
275 314.93037048591816
276 316.8018247441867
277 311.94059582104467
278 310.0678864160718
279 307.6714072927878
280 307.9824156629179
281 306.684652027069
282 306.8712419969338
283 306.754225523798
284 306.2029965180364
285 302.11250036538985
286 301.38136408081186
287 302.48078212362697
288 303.8086954771804
289 302.3854985741835
290 297.3380273261195
291 298.99736902706957
292 298.12359969362774
293 297.83493453717585
294 298.2460009738854
295 297.93594224467944
296 296.555683737459
297 291.58369293700946
298 293.0886078905634
299 292.97854214975035
300 291.3291290454341
301 293.16903993946676
302 292.6093741059
303 293.41807163707745
304 293.9117786256464
305 295.2377182006626
306 291.5426141965515
307 291.5736135130366
308 289.6994341984319
309 290.62764064791867
310 291.11534847518516
311 291.22306043670255
312 293.0902412567495
313 292.7559643691086
314 290.7518539202346
315 290.6177440444897
316 290.1631619572392
317 286.23769901318667
318 284.3574013053632
319 287.2601723991704
320 290.438842009185
321 290.38622544447514
322 289.34075460038935
323 290.257085182777
324 289.8650270172642
325 288.0313716163253
326 288.53059731138154
327 291.77254072619775
328 288.86990396265367
329 288.60315061781296
330 290.0710870568608
331 287.08819653524154
332 288.4897687506051
333 286.495157527483
334 291.3243270553219
335 289.1803466201958
336 287.65781261920836
337 289.6097871362176
338 287.56468084168023
339 290.1798310451251
340 292.99718959753557
341 294.68485751138286
342 289.76874570183185
343 293.2058651870728
344 298.1267066188914
345 296.7405801555013
346 295.19902416767354
347 296.55786004800177
348 298.62844167124246
349 296.4797449441734
350 295.3192959599812
351 294.0539407041922
352 290.59449311817394
353 291.7685793866928
354 290.70886546430256
355 284.92906311355665
356 288.32276892554614
357 289.7361548814047
358 290.36967093793885
359 288.40041856891514
360 285.7028270362277
361 286.25323702435054
362 287.37983340530593
363 285.71193152964827
364 285.3520854820639
365 283.9077091757958
366 288.8152381316735
367 287.8948899858402
368 287.8817016268455
369 285.53582413332083
370 288.38983690273614
371 290.21007090952617
372 290.92901687804095
373 290.66057485126925
374 289.9990459266295
375 287.7664695324969
376 288.4021495402795
377 291.5329773429153
378 291.4436138790596
379 290.1766478849198
380 288.84795389282846
381 289.65131812216174
382 287.1902936117602
383 286.9305150902587
384 290.6741449216379
385 290.1494826939395
386 288.2012290001992
387 285.71044919052224
388 285.70471357655094
389 282.1596879306421
390 280.67565750184156
391 278.9859161277203
392 277.0255017671941
393 274.5310067090983
394 274.65666684924605
395 275.14372234461933
396 274.9032816976575
397 279.0112611831535
398 280.9624683891391
399 284.11608828474755
400 286.7136890628793
401 285.59978422197463
402 286.25775194380407
403 283.3334511285516
404 286.07630656350534
405 288.5227313788018
406 290.03454980261154
407 287.434959094873
408 287.12238147648435
409 291.3255038985316
410 290.98941683399664
411 288.8674044252117
412 287.34411579048214
413 287.77970611858547
414 283.7824161983675
415 286.0521607527798
416 280.8313341075377
417 279.83852862499816
418 276.7385428089758
419 277.37730037505276
420 277.5216502351383
421 275.2916061988184
422 274.50330087154714
423 275.8073891996747
424 273.6843550244796
425 270.5433925727459
426 267.00018102434785
427 263.9723933624472
428 264.49134887061166
429 261.0282951197852
430 260.7352747199009
431 261.1394901730693
432 259.6605986848343
433 262.9613975313485
434 263.7729478547804
435 264.2021459820494
436 264.2370135037724
437 264.015005209369
438 265.9412492464659
439 261.95546977855304
440 261.7832852861717
441 261.64389707705953
442 261.6891195525218
443 258.07104298109397
444 258.2841864805151
445 267.3366587898336
446 264.10164489582996
447 265.16088545555476
448 267.81885911492395
449 263.2865084953901
450 266.90237009081295
451 267.42781157244207
452 266.8578847348271
453 267.86420597979463
454 267.09511143878865
455 266.3452703904138
456 268.26076398809084
457 265.61800756823664
458 267.0718004026109
459 268.0149180627778
460 264.23267668115045
461 264.47879996906437
462 261.7936304613133
463 260.82172350227097
464 256.9353592244307
465 258.4737606560716
466 257.29142425663014
467 258.33490883970217
468 257.9130319567364
469 255.74601522722648
470 256.8746817896931
471 258.2469842094727
472 259.82134250697044
473 259.16776052437
474 256.74357356883996
475 253.17012963668716
476 254.9974690482356
477 254.882560537337
478 253.9140599470372
479 256.66288424478677
480 255.08771504918076
481 254.0375361275868
482 252.2733052988849
483 252.43355612485217
484 250.791131079647
485 248.14657819745833
486 248.119695777023
487 242.90606655072526
488 243.62528726855788
489 241.2202028770824
490 242.51986129575974
491 241.36117740228772
492 237.51894451010136
493 238.3543625743653
494 239.72993833285219
495 240.2478544460378
496 239.94120728218516
497 236.72433198073418
498 237.19061705973706
499 233.306386268014
500 231.4681935246954
501 229.0612201264729
502 226.17692507382992
503 224.73057826429746
504 226.95335963215047
505 228.45087758942424
506 228.86565130970587
507 224.3565212100662
508 220.17523037044413
509 218.1489206721343
510 212.92106723563492
511 210.82547977350285
512 211.57729273124164
513 215.04371945637237
514 219.18180850703658
515 221.2161569976417
516 221.74223134185283
517 225.54719767675516
518 226.90754139335797
519 225.3027066683926
520 223.03187755511735
521 222.79655772251425
522 225.5405737394693
523 221.10547069689173
524 222.60765494211418
525 220.38024237962142
526 219.82850566666403
527 215.39550437828083
528 219.195247008064
529 216.01666140326554
530 219.14149025306415
531 220.00064959521148
532 214.94112311273275
533 216.03122175884667
534 212.72768499081656
535 214.17131539685
536 214.60102733432058
537 217.02813421879418
538 213.7157958402764
539 212.82282975052374
540 216.03135770861536
541 212.48737978362328
542 208.36343147337197
543 203.69361510525562
544 203.91766666381264
545 202.89609068682108
546 204.15999223250626
547 204.609847265658
548 204.74618440073738
549 206.18626285264136
550 205.77502780335644
551 202.10026510927207
552 204.4021361950568
553 206.74550987496687
554 206.63167964604733
555 205.9430213731062
556 204.9110287798924
557 203.6751586655095
558 205.31900524041717
559 203.86339174541047
560 200.58439405973525
561 201.86069042574272
562 199.23660447965491
563 199.3576616415964
564 199.4393326987069
565 198.08236561343844
566 197.6454726557995
567 197.09873743279542
568 197.3008023020779
569 199.2234656939785
570 201.83691711230153
571 201.9395148973157
572 200.35967302311525
573 200.9324774729166
574 204.70996211595772
575 207.64239377651973
576 209.9843004273737
577 208.7217917216185
578 207.56983617747417
579 209.88274038586624
580 207.38177009882213
581 206.10902080906723
582 204.17868240684277
583 202.29524965093563
584 202.7728595527365
585 201.36735706824803
586 199.4681449452012
587 202.78115732707465
588 202.9782749666643
589 199.18978225632588
590 199.79241161417937
591 198.63608014532193
592 200.08961994651847
593 201.9955501840819
594 198.64997823075234
595 197.97463375138292
596 198.6709762882409
597 196.49185411992778
598 197.61548881791208
599 194.4477298683395
600 193.25016329928008
601 194.0200412456349
602 191.41997624858794
603 192.98967983681112
604 189.33594498780977
605 189.30080684097086
606 187.42405030360135
607 190.2973549356902
608 189.74650591081132
609 189.32607439939304
610 188.5746024217175
611 185.02797531105494
612 184.47481022008276
613 186.9596341177163
614 185.8997046183744
615 184.27749833923116
616 182.21664529231296
617 184.64076585753364
618 184.42711872464
619 185.20617608243535
620 185.51084159761328
621 184.1351641507189
622 182.750178411153
623 182.8767367258587
624 183.87591125134696
625 184.2514468589616
626 180.8026839782172
627 180.9889863266693
628 182.0266808280953
629 185.54457451164632
630 186.96819080807074
631 191.12355226707194
632 193.05301317962451
633 192.6429091296847
634 193.5599985202558
635 193.88942603595945
636 189.56529174942023
637 186.16578918884508
638 188.48344958281137
639 188.11253797451513
640 193.5032003949512
641 195.58294488993567
642 191.61418729127482
643 193.32039168839444
644 191.93407308495932
645 192.05360933841948
646 196.70514044241307
647 199.22955690776632
648 198.822782711474
649 196.85686422446963
650 192.84581550436323
651 188.01670034746436
652 191.31266360880196
653 193.08449532199808
654 186.17910377782025
655 186.46883739342334
656 187.26567457717772
657 182.88995144416805
658 181.3606541621224
659 182.9042964488799
660 184.74811544692366
661 188.77620851642615
662 186.55884236013088
663 188.06731142233275
664 189.30150058690367
665 187.31053713181197
666 187.72416500819403
667 188.9559010506295
668 190.428705793939
669 189.17930149392058
670 186.63524235722153
671 188.9360170407118
672 189.14074510024795
673 190.3056954622814
674 190.59229107245065
675 187.88069689522143
676 185.61175042424824
677 184.40926472732662
678 185.94093290831427
679 188.64741518403497
680 187.97401512471518
681 190.48733007792598
682 193.9291976339843
683 193.6056345487277
684 193.87453757818383
685 192.37255201560527
686 188.94601461924492
687 191.92868489974194
688 190.44509245383458
689 190.24173848380377
690 189.4589593365905
691 188.87627335745958
692 190.03845265555628
693 187.63400660292672
694 190.30020092817995
695 192.8056036905655
696 189.58720660995957
697 189.81960624429593
698 187.95715181905655
699 185.5967861856724
700 188.52354208737927
701 191.7194358300199
702 192.10769518043625
703 192.23027053195884
704 193.46760958094714
705 187.15304635952387
706 184.0135214650914
707 187.46417187814893
708 189.51820135471925
709 190.45206636645582
710 190.22677961868297
711 185.81659649470433
712 186.21311361191863
713 186.18825962283623
714 184.96269197823355
715 181.65403604447442
716 183.22155614067407
717 184.76816313029968
718 184.362944782299
719 180.6812852231465
720 178.2463127392191
721 180.78547982645077
722 184.1568465375559
723 183.15550984934998
724 183.97411315095397
725 182.78468329214368
726 182.20426826382263
727 186.67733285113644
728 190.32658197844873
729 191.30889522827405
730 189.9141512324278
731 183.80928782810665
732 179.37385903036872
733 183.59670938622432
734 182.52513196804364
735 181.59835880601895
736 181.92364939018032
737 178.29749122035813
738 178.80015576438268
739 178.68505690046152
740 181.34529528845687
741 179.36485006673615
742 180.27409031728655
743 180.12694727284153
744 180.3655183511285
745 176.6580793946276
746 176.22005951542525
747 173.87088992096085
748 171.57808829470028
749 173.51873859939715
750 175.03437658958762
751 176.88449312811147
752 178.1796435178447
753 179.294002491788
754 181.9543095184472
755 179.47083166300413
756 183.20632571486533
757 179.33910698818048
758 180.18209395656308
759 180.2964972867261
760 178.47334962620906
761 181.05780776505162
762 183.1105600529568
763 181.40175788848904
764 177.56019021121324
765 172.96469575235312
766 172.2784697604095
767 173.9645301039241
768 171.51957839909988
769 170.3368283329662
770 172.2843697399951
771 171.99999255132977
772 171.7932288057008
773 172.20779965727485
774 175.70931540083174
775 175.65537923922125
776 174.69830318526513
777 175.1313043799283
778 175.405472024254
779 177.16045733943534
780 179.1761009180408
781 179.82886627333934
782 179.30397902308786
783 178.89118790362716
784 177.54837477360715
785 177.96534795237775
786 180.88931162741446
787 185.13359747721432
788 185.91935760300856
789 183.25810581908047
790 183.9366281313818
791 185.79224722432514
792 190.06385501062422
793 186.4936999006971
794 184.04588866379382
795 183.82122665295185
796 185.82906651070124
797 182.39154331007205
798 180.48874647940318
799 181.9454630645988
800 183.61062679641446
801 183.18347196820517
802 182.96526570540783
803 186.51322508022574
804 185.60244620265468
805 183.88381198278643
806 185.04899588415432
807 180.87138641422862
808 181.11471946062196
809 178.07867514042576
810 180.6701993093008
811 178.02667959299265
812 175.9310953037685
813 174.44160009332916
814 177.01849405749647
815 175.59398437533935
816 174.79929985171154
817 179.18006045488426
818 177.66925604059313
819 174.47333649067994
820 172.12853927187192
821 172.45605850490995
822 177.69237947202927
823 178.8647794404732
824 177.4491071990591
825 177.46832953844475
826 171.09470470887348
827 172.13642508871493
828 171.39111847121828
829 173.32454234302887
830 171.7283092487466
831 171.07729802111808
832 171.55780781239238
833 176.76131700530053
834 179.8504967787857
835 179.7108545685115
836 179.31316673924093
837 181.07750544725332
838 179.52782205078142
839 178.224835746804
840 178.8382386559968
841 177.85535282526607
842 175.84011994499207
843 175.8323019335582
844 176.80800613659733
845 177.6024764884942
846 175.60232555413128
847 177.45357863941825
848 177.54384257324568
849 176.93332491123047
850 172.69115347521063
851 164.5159916706585
852 160.96254657940437
853 162.74246515252054
854 163.60132521377852
855 166.48946384494693
856 169.34059175036015
857 174.03178171608542
858 173.1450488765613
859 172.91155424481545
860 171.70842203734267
861 171.41693184353207
862 175.57685117494566
863 179.82612306387287
864 183.11430206242377
865 183.36045784294896
866 185.40419772291472
867 186.76348335755068
868 187.698454448489
869 185.67334366380302
870 183.17845265905567
871 183.8651223179951
872 185.67072003190114
873 184.79856075760617
874 181.7636625035861
875 184.19645169247272
876 184.8628761689714
877 183.66375604850845
878 180.23389480146656
879 179.7035842576157
880 181.02096174414618
881 183.87235408107682
882 185.73422956535916
883 183.67938646383092
884 184.82585388813547
885 185.5307145044693
886 188.51045623016213
887 186.54818687436023
888 188.9663634841008
889 186.89966126517166
890 184.0878505269178
891 184.8750418823296
892 187.16001839176036
893 184.28114714853436
894 183.58063739916696
895 178.9033256682929
896 181.75972409900706
897 181.53295854686948
898 183.10651687879354
899 180.0445333522949
900 175.14021993285533
901 174.49820360285102
902 172.88691217863007
903 172.19511628455538
904 172.93101427316483
905 173.97116555879273
906 173.90587136394194
907 172.69290277106614
908 177.33991323819242
909 182.67976533640547
910 181.29079636402625
911 182.0848324526109
912 183.1464451684868
913 183.04944611197647
914 181.82098079230232
915 179.7825891147164
916 184.0112008876571
917 178.94876391274863
918 176.72335766685669
919 175.63163158699734
920 177.3246210203129
921 176.30788898231316
922 175.90878157731512
923 180.65957848871238
924 180.20399505570487
925 179.5020940320062
926 178.1889584253523
927 181.69600876146302
928 180.81963088989443
929 180.1016620003921
930 176.71311079105544
931 180.66159067996264
932 178.79752059975206
933 178.97126994241017
934 179.50827689609963
935 180.53970643732708
936 179.74688955759132
937 180.78216642606446
938 181.88015779639304
939 183.7571960834178
940 185.30631978390412
941 182.7659564806255
942 188.76296246904013
943 189.1384990088349
944 188.62962551460973
945 194.27666423998463
946 190.05791203602283
947 188.5242173265425
948 191.6441107641476
949 190.57246073344396
950 186.62524729320592
951 186.13309614767329
952 182.11059164266084
953 178.77245593874002
954 175.72561424109884
955 175.40782926016894
956 173.71794322280752
957 177.59296632620956
958 177.8577666963485
959 177.84274694575575
960 174.20530399420784
961 170.4812718720874
962 171.43564452124974
963 170.8344996836957
964 171.1076232191278
965 174.02227101678687
966 175.08451256934745
967 171.61175475710925
968 174.5502087396795
969 175.13977639526473
970 173.78033404456917
971 173.04788219372284
972 174.43766526822273
973 177.12017593093663
974 178.74073366992212
975 176.25940039316654
976 172.25031804494316
977 168.63175666764312
978 167.6237432760047
979 166.340680607886
980 164.13600448323362
981 161.40694245833157
982 164.18024958787348
983 164.3979630644369
984 165.33518046771232
985 163.47039425906536
986 169.95986679458892
987 174.17708862428938
988 172.017345919621
989 171.9352857698833
990 172.59990406955822
991 172.60682770880248
992 173.0334069214957
993 171.85724488205454
994 171.69246151650088
995 169.7445131715406
996 171.37630290757244
997 170.25552181778545
998 172.7908331027838
999 177.09962121345822
