# iteración promedio
0 924.7761048457223
1 923.7311388711711
2 916.8130433361423
3 908.2923443080767
4 898.0790264279204
5 891.5728864230254
6 884.3402512487295
7 876.9896628191201
8 871.2773120373577
9 862.3138695769304
10 851.7551543419166
11 846.2675981481619
12 842.6181367129507
13 845.0287319359056
14 840.7111574284695
15 845.1218552890621
16 839.0069274820903
17 831.015032650564
18 825.7260634032959
19 815.9244956341169
20 821.5296602390423
21 821.95549618232
22 819.8640609391871
23 814.8679333052044
24 810.3334359394416
25 811.3926898628346
26 807.5480913021307
27 800.9659253757035
28 795.568257568193
29 792.2876007800135
30 792.213486598333
31 793.7058568194875
32 787.842321851873
33 782.3717839193995
34 771.6522844224861
35 760.36149431017
36 754.7113735031629
37 750.0119220017706
38 740.3619317652245
39 738.9339459505064
40 734.7589392059507
41 722.4364125206698
42 715.6225753442393
43 712.8570965186207
44 706.4182780094525
45 693.2112596796197
46 687.2078232593735
47 696.7034634991262
48 698.1233645225881
49 699.8711402086253
50 695.923891312031
51 684.4541734809328
52 674.8867768167879
53 667.6299769289368
54 663.7880485598057
55 661.0245548093159
56 659.7865242495523
57 661.6988308545641
58 652.2840723877041
59 643.441262352409
60 635.7937622689083
61 633.727940411265
62 632.8486766060776
63 629.1742911461765
64 627.2426291172062
65 626.1814374540676
66 626.8149267537224
67 624.426765004911
68 627.9361990863836
69 620.0903624117908
70 610.0825206283242
71 601.8592741071244
72 599.5196168419476
73 592.3789997504579
74 594.2940107688959
75 590.6091934303017
76 578.7936986483044
77 571.2690201486454
78 568.152564431187
79 571.2983514660689
80 564.6499087099037
81 567.9159941036141
82 563.6416674579364
83 565.9119616337395
84 561.3528302918767
85 556.0746250085906
86 549.540412803144
87 548.9042363654107
88 544.3005083764132
89 543.1246175286605
90 543.0521831288547
91 537.5882273800387
92 533.0598369865415
93 533.8432446890067
94 528.7377688474064
95 527.4550772592897
96 522.5333233875526
97 520.257516457741
98 519.8548108010079
99 520.334534409312
100 517.1400635834552
101 515.828951085946
102 514.6649135402331
103 511.52952435094966
104 510.78038210606866
105 506.07538582724345
106 506.1621913405411
107 503.3930578422218
108 501.36125981515215
109 505.9553356842466
110 500.87393916305206
111 498.68720077631724
112 502.00778671545277
113 499.8177838183991
114 500.5557328191506
115 496.4380026513941
116 495.21493450695993
117 497.28725605406146
118 492.5048113604707
119 487.69892819228824
120 487.0216108290644
121 481.1162722996845
122 481.03250662852224
123 475.36988716252364
124 471.3836260145619
125 470.6682104439914
126 468.518181389943
127 463.36177379136166
128 466.9511256335202
129 468.29309585264014
130 463.40741589878576
131 462.194141955187
132 461.4980833941162
133 461.85768142806523
134 462.30148380026617
135 457.9637580526219
136 460.51746272187944
137 447.40991878991633
138 442.62428711303727
139 447.1276328770941
140 448.9138888072783
141 445.2694592353837
142 446.2886875595118
143 438.75473362807526
144 432.9603460945063
145 433.22684203404003
146 430.70874638895395
147 429.3332446804616
148 426.79117705445685
149 423.57640352594166
150 426.47209985179074
151 428.03186737613623
152 423.43650607119724
153 417.84196638769447
154 420.0646454012342
155 415.61416579763613
156 415.7337316095637
157 415.3272024076196
158 412.9520528017253
159 409.36881982360705
160 408.59909487029176
161 410.0347652194921
162 408.9439562996039
163 409.721738955475
164 410.05197387370436
165 411.10060420260584
166 412.062611728206
167 412.0169319789704
168 408.7532588042182
169 408.6603302753938
170 410.51764437442216
171 412.88766115781686
172 411.6616157584673
173 413.01987725362386
174 416.75469740823377
175 415.1304414564995
176 414.4928924044528
177 413.1288552963443
178 412.46496653819065
179 412.04702765112603
180 412.05239833851226
181 415.2027481549867
182 414.3742161530266
183 414.43412986630557
184 406.5143463474029
185 406.2711803500624
186 411.2788358563555
187 410.29820788927844
188 408.7325754726721
189 405.5149477190333
190 409.5461365344033
191 404.84285084030677
192 402.3043795483559
193 400.1031334779346
194 393.394397227324
195 394.0276492711548
196 395.8048737209485
197 396.2305574652366
198 390.0456017750105
199 387.93886348505964
200 379.1277574524653
201 374.58902141206534
202 369.96060922169636
203 370.1664828201033
204 368.37374157178624
205 368.45104090014524
206 364.13804845699264
207 367.70197268841497
208 364.2530318076186
209 362.03157174402577
210 364.2677378530867
211 364.40898071214104
212 360.2777983912175
213 358.4678822579694
214 358.0396584425678
215 359.0545199065892
216 360.7666769449472
217 357.0462579897467
218 349.78514150040394
219 348.33886513051124
220 348.2508090022295
221 347.2060267568728
222 345.31303110650447
223 345.2986740443759
224 344.2581136591097
225 342.74716892233465
226 341.22433186192575
227 337.35572133064096
228 336.3367605822976
229 337.13108938308653
230 339.4311742592615
231 340.3506855363541
232 341.9539686587413
233 337.78817798317226
234 340.89962295125457
235 340.4525418975707
236 331.9303685167932
237 331.06373141833944
238 327.6479832528388
239 325.82896220273955
240 327.486593771609
241 328.7820289646129
242 328.43566321129236
243 328.7841965304298
244 333.6947825561554
245 337.15909394830675
246 335.84271406986716
247 337.6078325960028
248 337.0068734203927
249 335.79727736704336
250 332.1035028111143
251 332.6022926590281
252 334.3757138951471
253 334.538257453541
254 330.8091971214563
255 331.6014529546742
256 332.0469656021553
257 330.0332949788208
258 333.04487812500497
259 329.63115609951996
260 324.15685691347926
261 325.2988517478218
262 325.9443743582244
263 325.0884288174095
264 326.6457917594891
265 324.247033309027
266 326.1067915519515
267 327.492050901478
268 330.36148807646356
269 327.5566569076546
270 331.7227142756872
271 331.6343093472278
272 328.663881252314
273 325.61036535698383
274 325.2125167880957
275 328.0474178503806
276 325.087043215184
277 322.7809096682642
278 321.6040472966296
279 325.94468738659106
280 328.71608395662037
281 328.62276649682826
282 325.37329139408075
283 326.21301682851123
284 326.7513795970762
285 326.6410262561895
286 330.2705284873148
287 333.68422502382265
288 331.5617679066335
289 326.4338162404343
290 325.3453873140608
291 323.7704736772016
292 321.8181140366373
293 322.5573992468986
294 318.18899387539284
295 319.99670013062916
296 321.7809112976995
297 319.2014101750185
298 319.27213215019236
299 319.1525075058687
300 317.7188768681582
301 314.6954311680128
302 316.6361721243844
303 315.76998507985195
304 314.1058449898104
305 314.73363746411843
306 311.61667439056833
307 307.9180296935816
308 305.280961392736
309 306.2603145802484
310 304.56024236682947
311 306.038460010683
312 305.27193027704686
313 298.0449382344053
314 298.83965228245967
315 303.4287022489302
316 301.19987216690555
317 303.41300499032184
318 303.29969343323484
319 310.36548147123887
320 315.04608116277416
321 316.30158675511854
322 317.377105708292
323 317.0237027344628
324 316.36808193496495
325 316.4978953245117
326 314.8458497237015
327 312.43158341788
328 309.69115182656236
329 305.9094955587774
330 303.4100058789369
331 299.4263154570036
332 297.353853584908
333 298.2571851418063
334 294.56142767797894
335 294.2355051907632
336 295.2564920507404
337 294.4137656395775
338 294.6218738207245
339 292.7194105176984
340 293.3820629060767
341 293.0925006255048
342 291.47693733691654
343 292.20467485766136
344 294.58713289177905
345 297.9248295239096
346 297.2686949132678
347 298.8053828575078
348 294.5474309681589
349 293.7653023602923
350 291.59462824879205
351 290.5613761457035
352 289.601632620908
353 290.2240685681956
354 290.35266673212425
355 289.7206842277308
356 285.70435592872485
357 280.61292947886125
358 277.5737735889711
359 282.35557602924735
360 280.5449708666413
361 279.05826490523754
362 283.52493467915224
363 282.10829888615734
364 279.7678338433724
365 278.61116603387467
366 279.92914204776224
367 277.9302067338178
368 280.5622491938522
369 281.2899281087513
370 283.1863243782416
371 283.52254193137446
372 279.81513347293077
373 281.94819267036377
374 284.44857396612724
375 281.1888404460245
376 281.94755626516695
377 277.17881955649324
378 273.78422751387296
379 273.26739396454343
380 271.98514328996674
381 269.6577599381269
382 268.45646828634887
383 266.39710883376887
384 267.6315878084571
385 270.87337136408087
386 266.8821527168864
387 265.80907340294567
388 267.19207174721987
389 262.98724661715386
390 264.8612878452261
391 261.2005066654368
392 259.5444762663839
393 260.3830409816665
394 263.98579165370313
395 258.9291861459467
396 258.25902847095983
397 256.8532125110702
398 253.15954552260052
399 253.708601837514
400 252.44785933360387
401 253.10234541616518
402 249.7166379838928
403 250.9713236215564
404 250.06694540183244
405 250.51926662317263
406 251.31152998378167
407 250.3485174674378
408 255.35923004493046
409 257.0952593473176
410 256.91700291668633
411 258.102312647124
412 253.17258464784837
413 254.5106992077148
414 257.87217392891614
415 258.4524063953372
416 256.9772736530098
417 258.774183893308
418 255.1914782866126
419 252.74642274909493
420 250.9394435892032
421 252.99179936183663
422 253.76522614018947
423 250.66446857266342
424 251.79261915104195
425 255.93674906521937
426 254.62530354677128
427 251.5040622082454
428 254.78401597326186
429 253.87793614273357
430 249.29071038006725
431 246.10502493902808
432 247.0916496173379
433 248.034387301395
434 248.19104132637688
435 245.5221232703273
436 249.1923540119456
437 247.67938129654013
438 250.12030547216688
439 251.30215405693733
440 249.31014270767707
441 249.04527807893456
442 253.40423811982654
443 252.141418692814
444 252.263754645863
445 248.94578382165832
446 250.15498984501855
447 250.37880853425784
448 252.98147728243424
449 249.64323775151263
450 251.83689027226444
451 250.4864831158765
452 254.16269378874793
453 250.75353136152012
454 252.3356553721871
455 253.94852741577068
456 252.32385816305774
457 252.19060865292488
458 254.08991686120325
459 253.93432919953753
460 252.48220435461315
461 254.66994713747042
462 256.6550156692255
463 259.70263084040596
464 257.69797682655866
465 258.15018564089786
466 255.79761997684437
467 258.6116021237881
468 255.82283767169727
469 258.8343243730443
470 257.2608901393782
471 255.93949684168751
472 255.74884222369693
473 256.12949711720916
474 257.3921706369522
475 256.61794197434966
476 263.18602115779277
477 264.2916703763574
478 267.8346279900185
479 266.9293762160178
480 265.1252895907804
481 260.52173186953013
482 260.3628376486358
483 257.29037440576855
484 257.8056848022421
485 260.4352767370587
486 261.23172172320227
487 261.8068440582053
488 260.96023582103237
489 267.1797829108052
490 267.4760324208203
491 269.745438002634
492 266.24238422634056
493 264.7403805908764
494 265.8168743969246
495 267.4058670072547
496 267.86186319107753
497 266.988896075492
498 264.58931984759624
499 266.9956474898161
500 265.8295937957083
501 263.17258432069616
502 258.8796320251872
503 260.80627125250277
504 255.49604369748454
505 254.6470254042832
506 259.9935412173047
507 259.72140210164406
508 254.36934632149766
509 256.1022898137955
510 249.31496319942838
511 248.04902524426782
512 245.33726731405153
513 241.68992667596575
514 243.07220151468184
515 242.6271958154191
516 247.28268010331215
517 248.42697246146537
518 246.9185279235767
519 250.8838812756059
520 254.02009308035403
521 254.9359458184003
522 255.8250910279516
523 252.2370479217194
524 248.69762712236403
525 247.25766320233785
526 247.14182658756982
527 245.03715952461272
528 245.54621447101366
529 241.8963521173912
530 238.5191324146689
531 240.72135898923855
532 238.42875748502584
533 234.7719191017163
534 227.17711363921265
535 226.44419165413174
536 227.72618360361324
537 225.67739850499464
538 226.28417569836895
539 229.44132316104017
540 229.77355168470436
541 232.6792003738373
542 228.32568777949083
543 226.5563528833403
544 221.50259516874448
545 219.18835217715355
546 221.16417362208114
547 224.69525208473522
548 225.45941434045687
549 226.93562513047877
550 229.09062779201773
551 227.52848392892142
552 230.05721535115333
553 236.07138795226558
554 240.96320013207335
555 234.95184239712657
556 231.66159701367985
557 229.82321931105136
558 229.7168432841489
559 229.80121978672054
560 231.0643431579732
561 230.09104532727858
562 228.33651321128383
563 228.2686397516215
564 229.4196289547088
565 227.96314036713943
566 227.00699527466986
567 228.29091038295562
568 227.36085405996303
569 227.18743354418456
570 227.08301172571296
571 226.90054566282978
572 225.80394523563857
573 220.96963021175122
574 220.1209980281305
575 222.42190239959325
576 222.83468592370707
577 222.0500393792436
578 222.19686921410613
579 225.24010900047674
580 224.82459050737853
581 226.18407679536114
582 228.64652177225963
583 229.12489950765996
584 232.11724371832952
585 231.0360073846176
586 230.38683549724684
587 227.48878679907855
588 225.14301480643357
589 221.17223959602154
590 222.81961879503288
591 223.53797147814166
592 224.227758817007
593 226.1040618387219
594 229.5054319240528
595 231.20502246725974
596 229.92684499048184
597 229.8049368035419
598 230.7563967981181
599 235.16927552461163
600 235.96622130826668
601 236.90015478858484
602 234.560300563779
603 233.39817149679897
604 232.24454729374207
605 229.24904624807235
606 225.9444257362924
607 224.90896035787574
608 228.80779191432978
609 230.30278137379116
610 233.00874519706437
611 234.54339181573218
612 235.7653956791438
613 237.45047052831418
614 233.84304423190653
615 235.69222623277452
616 237.2423154150439
617 234.50505554779457
618 234.78661435777508
619 234.38859588468662
620 234.09118430565889
621 233.81933802951582
622 230.4879473375008
623 232.7835638247796
624 234.68968082629647
625 233.86674045159486
626 230.36539631121963
627 229.31818955410148
628 226.53473827435158
629 229.11811632234128
630 228.25177736131837
631 226.05083791148024
632 223.3778701930706
633 220.11546161336636
634 223.02010151183592
635 221.24371804628962
636 223.75014117875173
637 223.99735793254885
638 226.74623816592285
639 226.07739533122339
640 222.3415934274346
641 223.94826924160026
642 222.39746123954876
643 223.01146559727732
644 221.5774685724019
645 223.17020611229708
646 222.81640180153173
647 226.01427703712992
648 225.57532177309852
649 226.9154991075383
650 230.40848222124035
651 230.2399838040183
652 233.27169000635274
653 234.393027199117
654 234.04231451685843
655 234.79630198838066
656 232.35059512518038
657 227.8151295330332
658 226.6988560952072
659 225.58561404634278
660 224.0473646047423
661 225.88822292738223
662 226.53198122128532
663 226.67715816605542
664 224.88184672632292
665 227.40742207144888
666 227.41511962501212
667 227.90251617687764
668 228.54653178990532
669 228.80631088151802
670 227.04308396494423
671 229.2299245673302
672 227.3648124673074
673 228.43075748257252
674 230.57109021056397
675 229.751115296704
676 227.86682528635723
677 231.17761204262806
678 233.45463386909884
679 233.89331563608178
680 232.0313595980875
681 233.2581355996991
682 233.69228675772047
683 230.38481299951306
684 228.2454943401924
685 229.06105877558474
686 228.42499157524574
687 231.5031131707102
688 230.21026994920737
689 227.69087873161754
690 230.11692534345582
691 228.09377560636082
692 226.50736560536808
693 226.0125578424909
694 226.03949715114652
695 227.47754572501358
696 226.6602837920111
697 231.17890116407713
698 229.79395820977876
699 231.13777407515255
700 234.14815583933236
701 230.24802119549167
702 230.65838960650018
703 234.21404736930322
704 231.9505376416698
705 228.84193944864802
706 225.00914717220644
707 224.65604735726592
708 227.3855742575796
709 225.96331078431257
710 226.15051806567496
711 223.89508659858117
712 224.91844673998582
713 225.44168616494764
714 223.66399949329363
715 220.43485647176806
716 218.70127791384454
717 221.1092178872515
718 225.30075476667508
719 227.36503435790456
720 222.93621351591554
721 223.15228068564528
722 222.0084405721097
723 222.81216937172758
724 223.81553600237635
725 220.30158063083513
726 219.2751473086482
727 219.83950171002618
728 219.0733168371362
729 219.92213566649025
730 217.17680389605076
731 216.78537914660544
732 215.27823925445915
733 212.70647740443383
734 216.3155571893367
735 215.74329289248976
736 218.86548000723337
737 219.1914124013595
738 218.87043711559315
739 219.29106703839224
740 221.0274336950177
741 223.1545891930234
742 221.01742255374592
743 217.5810836674863
744 216.59470293405283
745 215.76944897115706
746 213.06909996865787
747 209.0661703113612
748 205.22158796122096
749 206.51460231381995
750 209.98008082816102
751 210.50442334232088
752 209.37088060007426
753 207.66104455618014
754 205.83216864934818
755 206.18431695213246
756 204.84231241219214
757 204.00542214982138
758 203.36074008822155
759 202.5597417812456
760 203.18592228057133
761 201.98111407910582
762 203.17689162014565
763 205.3355934198541
764 210.67065265821947
765 208.05268384477392
766 210.96500579420734
767 213.1432659796284
768 213.39792947618986
769 213.1723425848913
770 215.63809403949813
771 218.29480644824562
772 212.44855705502025
773 213.08104082539984
774 213.70336545916933
775 210.4387783569781
776 212.96174364880423
777 211.25465994381076
778 210.55319000707402
779 211.38937186629235
780 212.95679895144357
781 216.393853811026
782 215.78207379880547
783 217.35219676294452
784 219.04019856002404
785 220.60309667935505
786 222.55219804165336
787 220.51633923852404
788 219.86881600968
789 217.8206589481112
790 219.58328031919015
791 217.17430994691446
792 215.9315230330398
793 215.27387340174496
794 214.13422259593779
795 213.38541299286283
796 214.15578704829161
797 212.78701810631176
798 215.21922568598242
799 211.41698164092577
800 210.24599563852652
801 205.4401462185642
802 203.95493454400173
803 204.18486448939885
804 200.7217629786294
805 204.65090839578443
806 207.02475973637473
807 207.0356082261959
808 205.38384048569617
809 200.31320531394942
810 197.87774750904694
811 203.16398662889085
812 205.352757902086
813 206.60443042157394
814 203.23512037686908
815 206.2327600279799
816 206.34116673518486
817 209.84343326885298
818 214.35246291009543
819 215.27156015179926
820 213.6078821921322
821 210.9614145300955
822 208.5368378053996
823 208.365623348338
824 207.57734695182825
825 207.65511450374512
826 208.11531060913123
827 210.64110451622741
828 206.8850622635438
829 208.30662635957196
830 211.60328763867676
831 210.53358224133405
832 212.73187775648066
833 210.33921451810903
834 211.23257790657328
835 213.0401692443506
836 213.69697666298035
837 212.5551123746284
838 212.3002839008087
839 212.2502171332443
840 209.10492314181766
841 208.908996997474
842 207.3967185827149
843 205.33656137620267
844 203.79432844630287
845 205.0897886518434
846 207.27252807345891
847 208.22604961151774
848 210.07025458274128
849 212.24847071693097
850 212.87748121641752
851 213.14533929957986
852 213.59462240598353
853 210.26593278090877
854 209.75452974648775
855 208.1673093691357
856 206.54824074992186
857 207.0163654090398
858 211.08732748865285
859 213.58577080024753
860 210.42542684657187
861 207.34470153983585
862 212.2136406684617
863 216.2368204907686
864 216.2424122666501
865 214.45539553807023
866 210.34295744167565
867 205.5998526687651
868 205.37951599064615
869 203.20818319043443
870 204.2596694582057
871 204.928141805845
872 203.64470683691067
873 202.84281386247002
874 204.61248393188885
875 208.0910496034976
876 213.2974298405343
877 214.37830702503427
878 212.76107531219586
879 210.56822134947032
880 210.01717512523945
881 206.2881700668608
882 212.54163696246493
883 211.19335965370664
884 208.55807289510412
885 207.68791874348983
886 207.74831949626224
887 212.87109000473723
888 209.16527688193216
889 210.76759743738944
890 215.0651772621191
891 213.76940195518984
892 213.02407844893554
893 212.8808498079614
894 212.54100759086054
895 213.14727348202143
896 214.1264638490581
897 216.0234899001416
898 217.74999913073148
899 214.1844135666285
900 212.89560905552776
901 206.70255805929347
902 208.33010860668585
903 208.22807444562181
904 206.14733974341885
905 202.55070789204805
906 201.8756933183821
907 201.24312771464272
908 199.6798356134529
909 201.1219395331571
910 197.0382321395369
911 196.26943624493296
912 196.9678558990529
913 196.18517159109058
914 193.18331916903196
915 188.50172665583145
916 188.98856324674045
917 192.12625530771132
918 195.0786286495726
919 193.57550742420946
920 192.58796515547164
921 191.3644190063822
922 191.2971182234327
923 192.87288164333535
924 191.50459878092116
925 191.34553881940073
926 193.3608039623954
927 190.27584378759545
928 190.8817275004954
929 190.5050785622657
930 189.8827435718469
931 189.61067950524998
932 188.6931310064695
933 187.3794205101644
934 184.1227528260428
935 183.3966494804581
936 182.82779432266906
937 184.89819606096236
938 185.05701901809712
939 186.9176959337884
940 183.92421403561573
941 182.96072230328116
942 184.36880695596548
943 184.21648525684685
944 181.8017784311369
945 181.0923992209394
946 181.11348329410401
947 181.7545043523031
948 178.7032900906871
949 180.79686069939808
950 187.04646542685379
951 185.32336265554167
952 186.00677533646405
953 184.46425262544926
954 185.11851989166607
955 185.62983513267503
956 187.36706396471965
957 184.30800527932087
958 184.7059695877553
959 182.44376984321437
960 182.36291465193727
961 182.09028420702933
962 178.85284480085338
963 181.85244694968284
964 179.03339973736576
965 177.98051787636103
966 177.22721612583288
967 174.2012198521827
968 173.72550710747393
969 171.60364111304673
970 173.29432560187135
971 172.231177623404
972 175.80118474030843
973 180.39456886163484
974 180.11347919183544
975 184.04496776360867
976 182.35102208620827
977 181.05437925657378
978 178.25652887362426
979 179.044900177287
980 180.99170392059503
981 180.28721639857477
982 181.7084531179454
983 184.1690740943791
984 187.03010744143666
985 186.47926941554124
986 184.65735089368695
987 187.38879516670244
988 188.9004109628623
989 187.28863003210716
990 184.46548330131216
991 183.500569381871
992 182.40489505139183
993 177.63310088686924
994 181.67303113767056
995 181.29836154033225
996 177.81928733156357
997 176.37536227437027
998 173.98058108952043
999 173.95688240232892
