# iteración promedio
0 923.5179880785021
1 919.8188732955056
2 914.4484086231707
3 917.2471530510162
4 910.5713704993813
5 896.9900737880657
6 896.134167945346
7 892.9906063386604
8 884.0886665203641
9 875.1719392015312
10 875.0155840067532
11 862.8243949914385
12 852.8891061860254
13 852.0844564892474
14 851.8085516778385
15 840.3979503771802
16 826.7792363157548
17 823.231115877188
18 831.5281394025411
19 826.4577317949628
20 822.9246024464305
21 813.9666720129112
22 803.0882406069952
23 797.6835157955284
24 794.2656563341462
25 796.7802796675591
26 794.7112007540516
27 784.8868267370291
28 782.083736063925
29 772.1829051320613
30 775.4690933953981
31 772.7654707415145
32 769.183861182959
33 766.8004996155776
34 759.7195316243138
35 756.6751927080185
36 754.0647158870946
37 746.6661513610554
38 743.8561539769306
39 738.4129531194382
40 728.3060801011462
41 720.4286528037622
42 724.3311902330597
43 717.3539477464157
44 715.15304390178
45 711.1131101764565
46 701.08837779022
47 695.5888396060228
48 688.5971930853316
49 687.3214098076655
50 681.8608410848508
51 679.7764206249185
52 678.8204631541195
53 670.6817149021247
54 665.5523737012985
55 667.4509114973608
56 658.4980283772938
57 651.3484767454489
58 645.1329863335726
59 638.6947487333888
60 636.3423063001424
61 630.8967961829978
62 622.506953965696
63 620.0055570454404
64 616.4439767194445
65 607.4071482511935
66 605.4028541215883
67 597.0089224983116
68 593.9299991500365
69 589.6428648365488
70 587.6528703768964
71 588.7781383854174
72 592.0033728717742
73 584.730735875222
74 577.2349155344502
75 574.5981948662209
76 575.1976118680927
77 573.6698149018949
78 572.7284969377328
79 574.4202665978527
80 572.6655282183455
81 569.8153327223922
82 562.5016251749499
83 568.1530720408855
84 571.273156677132
85 568.3943587471947
86 564.6754652419502
87 571.8430488071231
88 565.2330221699708
89 562.2642303939872
90 564.1331082773005
91 560.8330590075709
92 559.5848581074064
93 555.2312197418681
94 554.1104852731489
95 549.0813669129872
96 547.8897953827902
97 547.690696445273
98 546.5401268232893
99 551.1835474870045
100 552.4103153147927
101 547.3037264391718
102 546.3425710939548
103 544.7645089827865
104 536.3856916869656
105 538.0301299548382
106 537.9363181354377
107 536.9476617997115
108 537.4033633642063
109 536.9859782561815
110 539.9491690248402
111 536.7214386362441
112 533.1683043820085
113 527.9739720991291
114 524.7618109903713
115 526.1473309272307
116 530.9749093632447
117 529.9220540135813
118 526.9413025625727
119 521.6070878226047
120 520.4445769175836
121 522.3014096258535
122 517.0873676440638
123 512.5640258527666
124 505.4933892391919
125 502.8806277911947
126 500.1771095978095
127 492.1871381934249
128 493.5279296779873
129 497.036755620158
130 497.9590721402513
131 494.40290748161505
132 486.8629834887845
133 482.84010857838524
134 479.795961521331
135 476.5953605011043
136 472.42832876170826
137 468.53962401719343
138 469.4397052585166
139 472.8690396098571
140 467.94665383178284
141 469.2021038213311
142 470.4135923882292
143 469.4544351701333
144 470.34191159088317
145 470.9883878371171
146 468.74507442284335
147 471.0090814882239
148 470.7140928297902
149 469.74935514197017
150 465.0714252879204
151 465.8008998714197
152 463.313683007302
153 462.5977156041428
154 460.7577234448297
155 456.5928451941027
156 455.46706589572307
157 454.9119008242249
158 451.19360812158857
159 443.36345112395065
160 440.63705609160917
161 441.52938181700296
162 440.19743976182696
163 437.4704425846217
164 432.97592999428036
165 432.45323328381295
166 433.8606164854034
167 430.77173859440813
168 431.74035928790386
169 429.97801121552124
170 432.72411521783584
171 432.9067517788657
172 432.0824568248698
173 430.5053479053828
174 429.89703101412096
175 430.8502699851596
176 429.24303064259504
177 432.5210498328469
178 432.69662496118997
179 431.15445226228434
180 433.01070852860124
181 431.2756946499768
182 431.7864555255123
183 429.9421080315012
184 426.77391835109114
185 427.81978904685695
186 425.46049157999937
187 427.43274358158726
188 429.2852605105126
189 426.55354943409014
190 423.32414727574434
191 425.6172641693895
192 419.95562009810106
193 413.9300857778691
194 411.5354182311902
195 407.2816383904221
196 413.3403409296289
197 415.5253120797299
198 415.5889761676937
199 417.9395466868514
200 412.940572253433
201 411.1701272741617
202 413.8879012255941
203 417.1321184424588
204 418.40936785415363
205 413.40844519454026
206 413.9010456022195
207 412.3846142382534
208 409.7692837239641
209 410.2879336465075
210 407.3082546363958
211 407.4345991908495
212 407.4012614716107
213 407.1923937203631
214 401.2471833032575
215 403.20012423831577
216 402.05147734624813
217 399.5659137918449
218 401.1331289349991
219 394.9050580153973
220 395.9279928134383
221 402.14588243707664
222 399.5106832014107
223 398.0152477463412
224 395.5514470888546
225 394.30887448139106
226 392.0676311490635
227 390.630708222497
228 385.8272422985708
229 388.182810861472
230 387.29657708363584
231 382.79823059848627
232 381.19459761442573
233 374.5634736970259
234 374.79520789458127
235 372.2236096560779
236 367.0181696155789
237 367.8872086359164
238 367.9178072343273
239 366.323945583021
240 369.2453151847671
241 369.374623816563
242 370.4616259572548
243 364.35288306180666
244 362.93850576864764
245 353.6375393361754
246 351.85993030609905
247 353.19128071605127
248 357.4558195001922
249 358.7138628740033
250 354.0633218881827
251 354.31701869277305
252 353.7280259507414
253 359.7034130941062
254 358.46503827357776
255 357.99990450467345
256 359.1955435432547
257 358.89534653461783
258 354.73305605522705
259 356.13031849783306
260 359.25976340364525
261 358.96420788618246
262 360.1523150442903
263 357.64384746639166
264 359.7952353681904
265 359.7279644129025
266 359.6414987227248
267 362.5136963971091
268 364.18809383711385
269 367.2594311534317
270 369.8635811733777
271 372.6211288480253
272 371.07795191994825
273 370.7075941722675
274 369.5782327298919
275 365.1758183094181
276 366.2418135240466
277 362.08880219981523
278 365.0386689468694
279 360.80457605282214
280 359.1878293229401
281 358.6055657522922
282 354.2458326292741
283 353.80938296219466
284 357.91883773344364
285 356.2620882745086
286 355.02863912298034
287 353.8436094114896
288 353.7606500316888
289 357.05303909183624
290 357.63569123229485
291 355.639602116767
292 352.69585980387166
293 350.26777334098387
294 349.29793002698125
295 356.16749907404557
296 361.7269356496965
297 361.6898000522381
298 361.5244829960747
299 359.9566932381159
300 362.28257468338006
301 358.78692777327086
302 357.1442876518086
303 357.48117366478624
304 357.3413797696132
305 358.83254221334045
306 360.4633759247521
307 359.94605399864946
308 361.86858982821644
309 360.8571322050876
310 362.1509884029825
311 358.92397722415996
312 358.97440299471435
313 361.0001030549531
314 360.715741776137
315 357.5135764947239
316 352.40079605533714
317 349.64078543829817
318 351.02417345778724
319 349.8290351852705
320 347.6045566669457
321 347.0450380190019
322 350.87403113549556
323 345.3475644168917
324 345.1954351402534
325 343.5997915982895
326 338.4914710999214
327 336.3612004346752
328 339.3495797922369
329 336.63762094167595
330 337.00182532183896
331 339.64744429293546
332 339.29023265283604
333 341.4516375892025
334 339.03052143498246
335 335.10808282982066
336 331.60752205597765
337 328.9047162474789
338 328.78813742246683
339 326.99123613115114
340 327.7053628951951
341 325.114744965466
342 327.2441126006668
343 326.97074076570743
344 324.95099839472806
345 327.90951236973575
346 331.22940187467594
347 330.075991506283
348 330.92500131657033
349 332.71170521570383
350 332.203842402864
351 333.71711183675177
352 334.51533949171966
353 335.21822188837496
354 335.2903645773789
355 334.7953255643897
356 335.9021649985071
357 331.48082836852706
358 328.40316042079604
359 331.42968918660364
360 334.13244029577254
361 330.52566263723315
362 332.7621683762751
363 336.05253986501816
364 335.6268666354443
365 335.2115537197014
366 334.80265687810765
367 336.06647553711645
368 338.74577878056755
369 333.59368948365795
370 335.4518516249422
371 338.2236890252607
372 336.3203344359653
373 336.4487292526272
374 334.18617574375696
375 334.75832939923043
376 328.1042620806959
377 331.9732879331443
378 332.19260465468057
379 332.2397859645496
380 335.5449653610988
381 334.3332974472492
382 332.1459822454921
383 332.9801970807414
384 331.3308451053097
385 331.59917617218974
386 327.07493315195984
387 318.56858576053463
388 317.2985717454556
389 318.7932417345835
390 319.19728696911994
391 315.24145945966757
392 312.5058859799669
393 315.81320221597815
394 312.121545398971
395 309.63192273618273
396 307.32080247530257
397 304.5625785774486
398 306.82282363483273
399 307.17216473157254
400 305.19475298194766
401 305.71989001497286
402 305.97620959688754
403 310.72701065130803
404 316.61999739398277
405 315.9211215178602
406 315.0046667051305
407 312.89138755446305
408 315.1143161981423
409 314.87400329495887
410 309.29685016130577
411 309.5827502004753
412 314.4393700341129
413 308.6492547479291
414 308.0242472498869
415 307.229035472678
416 310.1344140858436
417 308.76607955115776
418 308.95789557266414
419 309.2515811615964
420 308.158242525212
421 309.0954042062912
422 309.58301510758645
423 309.1965448059158
424 311.8497784440326
425 310.8542879918575
426 308.41554484464876
427 307.95003141451474
428 302.29749720648914
429 303.1245282472917
430 304.92214635807636
431 308.6609613277912
432 308.119613405733
433 310.3954841375985
434 310.35996739270087
435 313.3752188490212
436 316.89580545259673
437 313.6855067781734
438 315.16918640026347
439 313.83261275980556
440 317.0047961385451
441 318.49114343634125
442 314.2452001721282
443 308.35827229118394
444 307.6464230251116
445 308.1701752429955
446 307.25310300890465
447 309.0518086483405
448 310.8051966771759
449 310.8570655531447
450 308.0821965037282
451 307.085264630935
452 309.18140281613074
453 307.8776130720474
454 307.3130551269527
455 307.93905404380683
456 313.44207840471273
457 310.51799445970863
458 310.5315412955547
459 308.9017248862403
460 306.4304537677054
461 308.3160844012133
462 303.41002146692443
463 301.8108984558487
464 298.6386669001096
465 297.5695504711389
466 298.200574271954
467 299.5423779287355
468 292.90505941763985
469 295.23768854901107
470 291.9424760584528
471 291.6773285597391
472 292.7042692492176
473 292.9568073908195
474 294.17594722467237
475 291.6118681841216
476 289.95435414292535
477 291.95149217691767
478 291.5868511384125
479 292.33660188409664
480 295.08650074666735
481 294.5285325861363
482 293.63270956482063
483 291.15206837209513
484 291.1089031656516
485 293.7641524683884
486 292.926397558192
487 295.3038170725568
488 296.07038379013653
489 298.46121090941733
490 298.62341371256275
491 295.9120459278806
492 296.35678813099275
493 300.7351772467602
494 303.39504399947214
495 302.18853805220516
496 301.9113226005145
497 299.957338346647
498 301.7950848066495
499 302.3304470136434
500 304.41742335915905
501 308.1946302675831
502 307.3261658486406
503 308.5706687500603
504 307.23990850685436
505 306.92235780120734
506 307.33421425534124
507 307.3955037068368
508 306.7441716827975
509 303.9230728940293
510 306.84692578821046
511 302.97468364841444
512 304.2040189925069
513 306.7422849451454
514 307.6374517740649
515 309.29668650032943
516 311.54664721461705
517 309.2314845643692
518 309.93935613181065
519 310.866384957968
520 312.0630429454605
521 317.295057782705
522 321.84153436507546
523 326.0804335424499
524 325.5024885112575
525 327.7456374129904
526 325.9890659962009
527 323.3509781481757
528 323.7437127361154
529 325.3522832205314
530 316.66288254521976
531 321.31473446666706
532 320.2357123698795
533 310.45059776336177
534 313.4659273383613
535 313.23486235406864
536 313.1534686819373
537 312.46508089833236
538 312.6677849945717
539 313.2945706731988
540 312.2768747665586
541 311.17701683512274
542 308.061157100771
543 307.33299894802434
544 308.13327270522643
545 305.01831739386245
546 305.1014945035373
547 303.6568457548173
548 300.70826446510785
549 297.1467447943264
550 298.48636635977607
551 299.67558837197475
552 301.17116469080145
553 300.4109215807111
554 297.5655008080597
555 299.09593869571853
556 302.4408368163093
557 307.0064923363627
558 303.47154382804905
559 302.43060531240224
560 300.1494682682421
561 298.97270521337913
562 297.75021234067145
563 297.816321302468
564 298.7752544346199
565 291.1242010886367
566 287.27147460553914
567 286.7478726878791
568 284.92652016516735
569 284.23450104763396
570 286.30042172346907
571 284.31995852470675
572 282.1914105909075
573 281.62652455493867
574 283.0192579428394
575 287.1370592375782
576 292.4918495121928
577 295.4600284820242
578 287.8084140628206
579 285.596307923961
580 284.5378873844532
581 280.63318873449316
582 286.82376428723956
583 287.1405696244543
584 290.2841445727092
585 291.1386301822928
586 291.5337829902066
587 291.06868201232385
588 295.89978091728847
589 298.86007057624795
590 297.75655694256506
591 301.42324288321817
592 296.8704122009006
593 297.342476191465
594 298.8138703214652
595 296.3201694444781
596 293.6138398727477
597 290.3886135740954
598 291.63234700434737
599 290.10505102415
600 291.2707303461325
601 292.8706022504779
602 292.1482732465329
603 293.52023392753546
604 295.6511038626277
605 295.35514418341444
606 290.79784778502386
607 289.78734586934786
608 288.33310851972635
609 289.54114640874803
610 293.0943856025822
611 288.3365757039608
612 288.5890961899493
613 288.0306396156109
614 285.53786585173583
615 291.45227843764224
616 290.50981348858636
617 289.9758362401428
618 290.19881729311714
619 291.3449025172481
620 293.8616334988242
621 299.11901666661225
622 302.8882356937132
623 299.9371147208294
624 299.4943648652115
625 299.91973111978933
626 299.61713478103155
627 305.79560561642023
628 308.89798580998604
629 305.93818101353753
630 307.10167379328965
631 306.48035517393123
632 302.1857427970921
633 298.80745756111713
634 296.5027885154347
635 299.6107911928767
636 303.7142838679176
637 300.32564431189917
638 299.5914253810107
639 295.9662684060968
640 296.00493212143016
641 294.97383558714296
642 296.8310607366395
643 301.3426460760364
644 301.7856472556009
645 299.7956817170372
646 301.9025077535783
647 301.93768897221037
648 302.20957856440856
649 302.10643527706213
650 300.89325170680286
651 298.27564630603956
652 298.6487473711502
653 298.4699033596846
654 299.3074539947097
655 299.7298830741785
656 298.9806034041056
657 297.6868320384427
658 297.3332977587102
659 297.7647409826408
660 299.58205180433265
661 297.8052910363971
662 298.6243642548887
663 298.7555258450227
664 297.5472263051361
665 294.441175327919
666 294.1740719806177
667 295.85280302568253
668 296.4773462033152
669 292.81882565044094
670 292.1297227555153
671 292.393736123498
672 290.60417085364264
673 291.95667857233207
674 288.5920224830727
675 289.0704993025592
676 286.39574329907566
677 285.74441492696803
678 279.3095036565138
679 279.8553621363962
680 272.2597432835305
681 271.0541209526849
682 271.16751781998573
683 270.35516299231233
684 271.2252857219623
685 271.87908929208993
686 273.9332002672217
687 273.99463660702963
688 274.65937292964344
689 275.88352040441697
690 279.40850633349925
691 278.53791564550215
692 279.7991984237671
693 279.7340033027911
694 284.10862909591816
695 286.0049346567902
696 285.6274834101359
697 286.0052880582293
698 283.0561177469993
699 279.49763173428124
700 283.37802750323794
701 287.8942588240776
702 283.95267194755525
703 281.0236458216331
704 280.41525415038006
705 276.81262652255094
706 275.75985583419225
707 275.9341432738489
708 274.90631562009736
709 275.77138703555977
710 275.5881780021271
711 270.9411691208487
712 271.7422328389988
713 272.8223331628292
714 271.888297475608
715 267.40111644988633
716 267.674683564684
717 268.2154311131963
718 260.2445680556531
719 260.771683501301
720 262.58000254100625
721 262.319792209418
722 258.6481033553759
723 254.07212559769977
724 253.85907336365526
725 251.05847367050166
726 250.69272460256826
727 254.9284305099197
728 253.7216191723866
729 249.33599104729205
730 248.51761980652216
731 249.76429423437847
732 250.20580067773102
733 249.55713518826303
734 247.20017098458996
735 248.99670479941517
736 250.26503313961751
737 249.45395485487862
738 249.33280253579065
739 246.98464588533705
740 245.98755029521334
741 244.91723392591874
742 246.96035941680174
743 244.91593227634988
744 244.77443035755718
745 247.2820086895278
746 247.4119024274555
747 249.05063487148396
748 249.14196971866372
749 252.37603079761902
750 247.42121532885432
751 250.53481199018938
752 247.92572580494547
753 251.39411560446598
754 249.07362252230848
755 249.15386409483546
756 249.69886780209742
757 251.0670604603647
758 254.1573956380962
759 253.26459999804544
760 252.38850167936928
761 253.2428353750845
762 255.17727091438093
763 254.97232258867362
764 255.23851812374713
765 250.42131576315305
766 252.407427176093
767 252.73660970143195
768 251.02785314518343
769 250.49792885111532
770 248.98723438162756
771 249.1143716824734
772 240.51713182387618
773 239.4453776968195
774 240.4244020651639
775 241.7548335007422
776 240.97200785560943
777 241.02816643892814
778 244.07924545567394
779 248.72191838869622
780 249.825046339107
781 251.5080482465365
782 251.9190552247839
783 252.2717509080082
784 249.20487755313619
785 250.6269974002793
786 249.0789732560627
787 251.5819486250683
788 248.82704139758994
789 249.88071970778986
790 249.87204120013536
791 250.91340742008055
792 249.93502824382122
793 253.94024780282726
794 252.75127823622722
795 249.538641236131
796 249.32935602860124
797 250.98242555927848
798 251.85348897888446
799 252.03035406730737
800 253.37496407508755
801 254.1319971897554
802 252.3563185284897
803 251.8446559114913
804 259.2144251518203
805 257.68338928684824
806 256.85237494991384
807 260.1282656264622
808 254.201717414219
809 252.3714251751336
810 255.14487038735626
811 256.43698135750486
812 260.4904508609132
813 260.0302499697816
814 260.61986064769263
815 260.22381255085077
816 257.31786965755407
817 250.1616383144171
818 248.76422575374875
819 248.84403494659503
820 251.05411772169765
821 254.82388233122882
822 253.0037249140271
823 252.85925820459374
824 251.72092083391607
825 254.2245094210478
826 259.00606087070497
827 257.0238883911141
828 258.0689977116565
829 257.7700980565434
830 256.11653923376053
831 253.91801000586918
832 253.7142496991744
833 248.30595410936232
834 249.78995041346462
835 250.11374532078113
836 251.28530221302336
837 253.0032550753064
838 251.8381107915503
839 250.73021736334118
840 250.44680227522514
841 248.55764547193834
842 253.1527666516127
843 252.2504307765043
844 252.08609202649447
845 250.9832756299113
846 252.6015193325876
847 248.58942906844513
848 246.27644055418554
849 244.73087506544488
850 238.996426758354
851 239.84236079638623
852 243.9915847774927
853 250.08544839608476
854 249.61782811164642
855 247.44821288641603
856 249.2151542460778
857 247.77996569465714
858 243.9285832865617
859 241.34565759149294
860 241.04199486512937
861 246.27147762309062
862 245.48424862493178
863 243.08163512612836
864 240.51836638934682
865 241.59284880455434
866 245.6717242862135
867 249.62838790562563
868 249.1096599280953
869 250.51521118100376
870 244.21682549561356
871 241.31626735877148
872 243.18872102876358
873 244.68914703508847
874 250.36358810429869
875 247.3604845589049
876 244.5372132117681
877 244.86324058769594
878 247.47378104220132
879 249.3652526483068
880 245.675361210987
881 246.33676183949717
882 246.86814712203125
883 251.31394271078295
884 249.84038602251357
885 246.94583326903256
886 249.77703215368703
887 246.5799799489306
888 247.2242864629673
889 244.33919115835587
890 240.68517250449037
891 239.77364843718976
892 240.09395637518318
893 236.41741700093098
894 234.70228611030075
895 235.70595579799385
896 234.05712722166115
897 234.4825720727254
898 233.27555249001836
899 233.46192129472897
900 234.88308110819537
901 233.7691549801535
902 237.69324104691637
903 238.03082721433827
904 235.6763692541533
905 236.4519985692427
906 238.54757200866524
907 240.54121659276228
908 239.73025962295156
909 242.66048569846706
910 243.2278133231572
911 244.38941431536114
912 243.15175996997087
913 241.94279416209756
914 241.88057983315207
915 246.92906376084034
916 244.04700562382982
917 243.7465275634136
918 241.8055772736157
919 242.25169525921459
920 240.7370860356178
921 236.87880176650262
922 238.05112828526137
923 237.09221981910977
924 235.35914123365737
925 235.483818396274
926 236.01092980915905
927 236.52605774142077
928 234.54931608663927
929 231.92018755162562
930 232.4894993339069
931 235.79654203703194
932 236.3302697191094
933 236.48853797483764
934 236.02576965653242
935 234.24788788930348
936 234.82874083545173
937 232.32138106188214
938 233.44880837416383
939 233.54040995077412
940 231.85914927879747
941 232.2221782747705
942 231.3423766785307
943 233.68760799738664
944 234.08442785024766
945 235.79130098689973
946 239.50408428194064
947 239.1425717627857
948 237.6590421650383
949 231.31120043033118
950 231.6681382508819
951 230.9876051037852
952 230.67293555347757
953 226.81357188864732
954 225.44539273316815
955 225.93428914934967
956 226.64095222854078
957 226.3776261683507
958 227.47440769125842
959 227.97953842883726
960 229.94379274903125
961 233.3735933890104
962 235.7688476266489
963 234.33345605871918
964 233.94796416282225
965 236.25240844948266
966 230.36908462431578
967 231.16754195937258
968 232.57967128606964
969 231.29417745708568
970 227.5472729555434
971 224.23160996644248
972 223.9587044655712
973 222.47614136473746
974 224.27909583109943
975 221.86243732611365
976 221.27067794292074
977 222.7030884323867
978 222.82650969150902
979 223.02799649311496
980 221.54529012334123
981 219.5817080413003
982 223.63457981873373
983 218.63308356332433
984 217.10878496185663
985 222.26239623065325
986 224.0408861542314
987 228.9994149371783
988 229.43003034042823
989 226.5725500896433
990 225.75428177923857
991 226.2005402196039
992 226.02754410573675
993 225.22704294407987
994 225.32453762547016
995 226.41999119731128
996 224.76085434144014
997 227.34734698704116
998 230.307657643494
999 228.5802031102
