# iteración promedio
0 923.8547788282581
1 919.4426300182977
2 916.4142692187326
3 909.3769327479304
4 902.2037711234568
5 897.8526478926125
6 896.3307421658359
7 895.3676914247061
8 893.1069282962428
9 888.1656364888831
10 892.8953692882216
11 885.3795588896198
12 886.8217482906939
13 876.1839561178621
14 877.4871167748088
15 874.8625009235736
16 868.8751128966223
17 866.6314943741759
18 866.5986938055787
19 855.1834830989712
20 860.3784735346615
21 854.424031050145
22 856.4827352807773
23 849.9158111576033
24 845.3645385920883
25 842.5917697538597
26 840.8517168992039
27 832.7163056209761
28 837.3274998100006
29 826.9323501190474
30 823.1020169575012
31 810.6445098452009
32 812.8811786098543
33 808.6310950905093
34 798.8112191759648
35 791.0144422461086
36 783.1692692082486
37 778.8343594208195
38 778.6632450753084
39 770.140315969276
40 765.5405109493371
41 760.3423282865109
42 751.095241642121
43 745.9856747088346
44 753.4236121172413
45 750.3829123266273
46 754.2302283325105
47 750.6463741125486
48 753.2648208348394
49 754.0948304399686
50 747.1443593205959
51 746.117528541125
52 739.7353097212384
53 732.6928966097763
54 727.5396263481774
55 724.4007738799291
56 717.8281707559632
57 714.1573261541724
58 706.0053277798198
59 703.3276414809293
60 698.2998796969382
61 695.7386043956155
62 690.635956906783
63 692.1062058635792
64 681.7789590981967
65 670.5370823375202
66 669.8400072794574
67 664.0647924946455
68 657.4842582646008
69 658.7418331694184
70 662.5537006379013
71 665.0499195023659
72 660.7451548893507
73 656.1647262056791
74 653.4131790881388
75 648.2044801650254
76 642.2624997769703
77 634.2154148010256
78 631.535002506399
79 627.3895040953225
80 622.5194944481209
81 618.9746810501558
82 611.2141147625139
83 599.2922402862185
84 594.8501436055197
85 594.0296671809332
86 591.1637982241517
87 585.2047716159121
88 587.8938734402593
89 582.8481832078385
90 582.8012916822837
91 581.3179688134456
92 575.452137650952
93 568.7380828690872
94 578.3334787795432
95 577.2422316816261
96 584.8458517168293
97 582.3345620968898
98 583.700376577527
99 575.0201579728229
100 573.1174410789044
101 571.1905673834797
102 565.6433732809394
103 567.8507434658038
104 568.4876408442519
105 560.1791728876492
106 559.7103539330828
107 561.0019531703678
108 566.0082689660914
109 564.6961768761585
110 560.6390062204478
111 553.2192690566618
112 551.7847593168973
113 554.1181799699046
114 551.7523877532132
115 547.3565550903328
116 547.0316838896842
117 542.9620894668506
118 540.3372665540825
119 539.2389572204889
120 543.3341985209437
121 538.1029796236526
122 538.4170400542803
123 534.0967393703464
124 525.524628145777
125 526.2332366527362
126 523.8546790090214
127 520.3868871603789
128 520.9190933985375
129 512.0608410794032
130 514.3442198409257
131 511.9812253779861
132 509.5567771059323
133 504.05697520808394
134 503.1091344255107
135 506.77074019416096
136 503.1293974915495
137 499.222545540032
138 500.60061004400745
139 499.39882827143424
140 496.195458217141
141 493.1482569642857
142 490.57777385252814
143 486.23114335700944
144 486.6180882551327
145 483.65418103474667
146 482.4372873926602
147 482.51134008287335
148 479.2775791389879
149 481.2590419168997
150 480.16755564736906
151 476.64326299818794
152 477.7547863250605
153 472.6606156322574
154 475.0238221060151
155 473.668115581124
156 474.79410814545275
157 473.09334724008664
158 464.684004427378
159 469.3790060225547
160 465.3921158292045
161 465.0213388408134
162 469.4184878242478
163 464.8450274104169
164 468.78726979636826
165 470.2162081375536
166 466.95978794770156
167 461.66687350929055
168 463.1910371812763
169 464.5878251478836
170 461.76356346689
171 460.4100050513778
172 465.95233748151344
173 466.84230940255094
174 467.86660727689974
175 469.7219432269635
176 467.83684350723547
177 464.236212443853
178 465.9093686793918
179 461.50778078913305
180 458.3810867210138
181 464.05422380776395
182 464.8076616949089
183 461.0176297473249
184 459.3444650914277
185 461.25940927984067
186 461.200010637208
187 456.8474861143625
188 449.8878228547553
189 450.0198132686172
190 450.1914310006481
191 453.5301820245778
192 451.04554111708626
193 450.7360719176533
194 454.51028094681897
195 451.21612832505525
196 446.0141675983453
197 444.28724726948684
198 440.1348551543613
199 432.6482170322886
200 429.1404093302395
201 427.134717313819
202 427.3335478361949
203 421.9577919705919
204 418.00594766682946
205 415.5614662677824
206 414.50610425303216
207 411.0148827156708
208 405.772548138282
209 404.7672636035475
210 405.75981786842675
211 404.83926292043355
212 405.1084930383058
213 407.12397657089866
214 406.3044471476762
215 408.0749450474294
216 407.47396094970975
217 408.4724138420112
218 405.7033915002514
219 406.76455528263546
220 405.3916702184149
221 403.00899713938924
222 402.9073427430181
223 402.63992822340185
224 403.9016043471952
225 407.67553230652135
226 407.7894411495129
227 407.02083625225964
228 404.2390922645377
229 407.2985285238942
230 403.27712688200694
231 398.3056618209209
232 399.88426965403875
233 397.31980564255815
234 396.5813224329653
235 396.0088045404089
236 393.1433940624369
237 393.8069893372698
238 393.2272368321888
239 391.7995692783962
240 390.0783678804575
241 396.2557836692929
242 391.94973484516726
243 388.7595237609869
244 393.0099993792849
245 389.7356569843358
246 387.5816151620313
247 383.90450015376257
248 384.13405356460817
249 382.0512650719655
250 381.51943778056744
251 380.81857875833504
252 382.5286175091134
253 378.1493839200525
254 380.24984370228094
255 380.6324662687593
256 377.15767369553475
257 377.26958614310803
258 375.5636009729849
259 369.89954723824735
260 370.34919128635744
261 373.1887289486938
262 368.90679083510315
263 370.72909144176793
264 372.25132162697605
265 370.5018574483394
266 373.6525698216161
267 372.4495206444433
268 367.0066243276194
269 370.8761249866249
270 368.26152616794735
271 368.5967726507435
272 369.11220827671787
273 372.44357701816955
274 370.9665156723383
275 372.24057452599294
276 370.7975462869727
277 376.63102123103914
278 373.3409045594675
279 373.56100991446516
280 373.07570812313236
281 373.04380006170067
282 370.6630968248831
283 367.14935181372346
284 367.8246902614855
285 363.7596070654917
286 365.20169486147586
287 369.4821377279692
288 372.2279848502588
289 376.45045301832374
290 371.51231993253117
291 375.0377271366371
292 369.1908683845921
293 369.76972676136916
294 372.2092350494425
295 370.8990418986034
296 370.42678570528557
297 369.9279558928245
298 369.67017362262806
299 369.4806532986544
300 369.87122106902376
301 365.4725198306414
302 366.8544767823071
303 370.4475158481296
304 371.6946582838885
305 369.2204630291379
306 368.9191422583535
307 374.33556931354394
308 376.02365570824344
309 380.6137452381395
310 379.583263232399
311 384.15489753884435
312 382.12307164677287
313 381.20004361269616
314 380.7610157034402
315 377.1337261437159
316 374.1885827298494
317 373.6942313714192
318 371.55986879653807
319 367.2953644173641
320 365.3075924480634
321 365.2220947368905
322 368.09600027791925
323 370.9644593622293
324 368.9176583086239
325 367.1907773164531
326 368.36670803841685
327 362.8968295304701
328 366.07418532569363
329 367.86520304011356
330 367.7476798326577
331 370.94411918414755
332 370.8210809871351
333 366.9094469376243
334 367.38581088369034
335 367.0806869376002
336 370.0984200887147
337 373.42160437673607
338 371.2903285230166
339 371.40789831285264
340 367.1828738030144
341 364.61300395363156
342 365.99918531001634
343 366.61534273065087
344 368.5394923543874
345 368.1549753015186
346 364.17316045174067
347 364.4476768376873
348 363.17152704411166
349 361.8122545406601
350 360.85021499805566
351 355.82879149976986
352 355.9768056362181
353 353.33704994929366
354 348.13475559112703
355 348.0481393323485
356 347.6119616110843
357 347.49185783483966
358 341.79238791505645
359 338.5961280333348
360 334.0019932322423
361 333.34564370531757
362 333.09289573464287
363 336.0130937123766
364 331.6251042279744
365 335.18068252718484
366 335.76714483970596
367 336.0594909177674
368 338.8862006940898
369 341.2090479489961
370 342.57625735097696
371 338.83616843564045
372 339.41447166738465
373 339.99862421447256
374 342.7034058327328
375 342.93203360645884
376 339.5123443332707
377 335.692987314512
378 331.56843804101146
379 332.59816273125415
380 331.8517494644233
381 335.9378501394951
382 336.0669965686232
383 333.48415349856396
384 334.7886426818995
385 332.4533929516513
386 333.48711908090684
387 334.7736693445062
388 334.72554052377126
389 336.0190107373664
390 337.9358106031577
391 342.3478011583193
392 342.51998101222665
393 343.37388076047205
394 345.49970542284444
395 342.9466064710692
396 343.9769832567066
397 338.83629075658484
398 338.18527137666666
399 334.63429486961945
400 336.91545698343134
401 336.13173669358576
402 335.5734124603612
403 338.58674634998283
404 339.58659164131683
405 344.46252563646397
406 341.99809239653655
407 346.4257473612239
408 345.9393507340303
409 342.2092443003224
410 341.8098025865516
411 341.6776160488873
412 341.43486738645464
413 341.1815565359327
414 338.308361085714
415 336.1572053720553
416 334.3569931752619
417 334.10325363871794
418 333.98634504335826
419 332.1638994427321
420 332.68701952536026
421 334.15208530612705
422 329.8991537832119
423 327.5033314623143
424 329.65756697325173
425 325.9662881799809
426 327.66698308644453
427 330.016551624925
428 324.1782719444466
429 318.81961277878
430 319.1776138261983
431 320.1488165629672
432 320.9366797147636
433 320.43416941785483
434 325.2564954100971
435 320.4593961595724
436 320.22486083458983
437 311.50933429413743
438 315.2871281466791
439 316.63102746732505
440 319.16518260546235
441 320.5412438372105
442 321.7799348626793
443 316.5513546512746
444 316.0040357786469
445 319.78158295785147
446 318.16273717578855
447 316.8490394159775
448 319.0262626368475
449 325.8985734576018
450 321.8272414090607
451 320.13525906229665
452 319.9776802858989
453 316.8615299229221
454 312.96238131518646
455 313.523339931368
456 317.495896076674
457 321.1460664017968
458 322.4050765940575
459 324.29039185413166
460 325.85671857339804
461 323.6072620682804
462 323.4495064032292
463 327.5525751601856
464 330.0062876055542
465 323.9115767992145
466 324.95799439138676
467 320.4250020681855
468 321.48583700383045
469 316.98475726594677
470 314.34331353325217
471 315.9318813921839
472 316.0354189532402
473 314.8201693106972
474 313.0301286789691
475 312.41949208214925
476 312.1398725025777
477 307.8950883071166
478 305.5584862204221
479 305.3691528764468
480 302.88761155750325
481 305.36880580448565
482 303.0731742507228
483 304.21068706500216
484 306.70263510793814
485 307.7404542272488
486 308.96417471236606
487 305.141828796858
488 303.75739123443077
489 304.86936275614926
490 304.7021731661329
491 306.6055527545132
492 306.11810719234273
493 305.4534671256256
494 300.695379902009
495 302.9353062917012
496 305.3173646041147
497 305.52083343391956
498 306.8379382128533
499 308.8852475150265
500 306.2646023543497
501 302.2696881097301
502 305.65414051343896
503 307.0090310480783
504 303.1840863452119
505 305.97513916968734
506 305.0701417410039
507 303.2873350503552
508 300.5892870870992
509 304.3254085205649
510 302.61824008564236
511 304.251388765678
512 304.09820262925956
513 301.84150022308773
514 301.5591234950575
515 302.4145597578426
516 301.49621596552157
517 305.03665087502293
518 302.0935254305069
519 300.51379058745283
520 300.57436538427436
521 300.90451571200856
522 301.6808163793419
523 298.2940555255233
524 294.54064827841506
525 291.68281527825553
526 290.0713356223853
527 288.29166239484607
528 285.48362305629865
529 287.9623131010843
530 288.6110045991778
531 289.3463970864384
532 290.3042890092725
533 294.7354016463494
534 294.8624644754125
535 288.62588775344807
536 287.48148716927665
537 289.22806478154604
538 292.7523262471427
539 294.0952046585008
540 295.0557141826954
541 295.70665869179703
542 294.8677714021807
543 293.6787775306212
544 294.91761863982254
545 299.6615942097291
546 299.2141280974171
547 298.985859011522
548 299.30045678759177
549 302.3869663600038
550 300.79532597849493
551 301.52361745438776
552 300.8182293542565
553 300.6946781621672
554 298.14140469851924
555 300.4435525821375
556 299.6289228481411
557 299.39214158159746
558 297.8999609755797
559 297.27291744157804
560 300.3004385609758
561 300.8024092964466
562 299.7341168534308
563 299.86180510241405
564 299.9915530259462
565 298.80417512094897
566 298.0913799057596
567 299.8828322726188
568 298.7998118008421
569 296.1579636882284
570 297.7802378047138
571 295.2151369730668
572 292.67542984400285
573 291.99416312562954
574 290.87220855583973
575 290.59959876195046
576 291.07853402593906
577 285.207414405041
578 280.49977565775123
579 283.1595458108186
580 280.7971218054918
581 279.4712094775952
582 278.0129161958901
583 276.3435326804625
584 277.8493241928187
585 277.05979555169637
586 273.4632015090499
587 273.99072695882506
588 278.4372456267781
589 275.96579849227385
590 273.2691439567029
591 273.2184630408759
592 268.18410279977775
593 267.3496271855764
594 274.44433818128897
595 274.1738098998706
596 275.76956685592586
597 271.0311689730329
598 270.7610743941991
599 268.2433801260584
600 267.8989780960039
601 267.85936997762315
602 267.294887653575
603 265.7475601821767
604 266.8308416568815
605 263.3045152669419
606 262.9282263408328
607 262.74879992140615
608 264.4970292053259
609 267.2216350940018
610 267.95338769084736
611 265.3252252358831
612 264.7842278953747
613 265.0764096812784
614 262.3572067961966
615 262.38840062063724
616 264.58458824315346
617 267.4326293615735
618 267.0914325827835
619 265.7745116111198
620 268.3026227237176
621 267.5180754829507
622 269.8553895500464
623 276.2774138103961
624 276.1155497115965
625 276.64407935719464
626 273.36175491633384
627 276.10651200627643
628 272.8938999571568
629 276.2783778353225
630 274.4514760925768
631 277.89831857558124
632 275.80793444869903
633 275.9121282314485
634 271.63313478974476
635 275.46253050517447
636 277.2434871829069
637 278.40770994166934
638 280.8673504665927
639 281.93045857693795
640 283.31319079368177
641 281.9858593294632
642 273.8839330643369
643 273.00337883813626
644 272.9904650911215
645 269.5538537681953
646 272.67699462900805
647 271.5554904116424
648 270.6306019113249
649 268.4324352423237
650 267.7836986847952
651 266.1408237791861
652 262.6676765558213
653 263.338742195183
654 265.5043938554951
655 265.5948347166261
656 269.47275863621286
657 267.4079557216612
658 264.90630682030786
659 270.5864798132711
660 270.333354550081
661 271.63137235305
662 268.890296535853
663 266.2146711091067
664 268.2815043109394
665 268.3012051116691
666 270.4106105797771
667 270.7247244159216
668 271.8825193055916
669 277.0526342342957
670 276.237401699031
671 272.9482119748318
672 271.6185490455867
673 266.92343494842186
674 271.9404921603193
675 274.4930353892422
676 275.7303617365048
677 278.2621406918732
678 274.15528105944753
679 275.2162829319638
680 275.39962066832345
681 275.86382107659034
682 276.8659561220531
683 279.1443685149204
684 282.2630222813101
685 286.2167983009309
686 286.7730887318159
687 286.35250968727786
688 285.1398200549026
689 286.8989341972531
690 287.24531581790865
691 282.69755001508065
692 285.05029447576516
693 286.5694249339347
694 283.7285120771281
695 283.58446293348
696 272.6210514059244
697 269.3448569513071
698 265.2325238744245
699 270.8014052952228
700 269.99734620062173
701 269.3292321965429
702 263.8696353200717
703 265.17778742126177
704 263.9688652479506
705 264.21209511457937
706 264.59663534973066
707 261.49489993487964
708 263.271564018526
709 264.9178844495472
710 261.5211146664415
711 259.8560872456109
712 259.77767213841673
713 256.74620868546083
714 258.4993864490992
715 261.7174301383266
716 263.2507273790517
717 262.0564707870407
718 261.8963428599881
719 262.86402356138075
720 263.00460360529536
721 263.5114960722435
722 264.76343906790805
723 264.4440596693774
724 266.80879932425273
725 269.5383509338754
726 269.7279349180401
727 265.92469325850476
728 268.46193590050416
729 265.38666899972327
730 261.66287220376495
731 262.2899082468105
732 265.74643442719554
733 263.3145847259916
734 262.4019404413668
735 262.5807936403404
736 262.4108364420791
737 263.62198489454846
738 262.99257793269607
739 261.2160995282834
740 260.8484336996678
741 263.1701292960901
742 260.4434939717914
743 256.1114251403818
744 249.89824163713308
745 250.20228311394766
746 248.5389015619943
747 252.52035332297564
748 252.4659645476527
749 253.62621142298394
750 252.80884453596624
751 250.64052309488522
752 250.81323841076443
753 249.66707569218323
754 252.179018778877
755 252.6167996818918
756 254.73030227596087
757 257.17440834475326
758 253.366338920286
759 253.28192775378307
760 253.7395867769201
761 256.5138189238003
762 256.4178672708292
763 255.86568399527548
764 261.3952174213927
765 260.53806937644805
766 261.2265967695354
767 260.53478733751376
768 258.72644257492976
769 263.5584733610551
770 256.71421481733097
771 257.4380648504527
772 253.37979424134673
773 255.08457656634167
774 253.56333666543495
775 251.09851837827765
776 251.10491804791593
777 249.8943111803201
778 250.3821076051741
779 250.667807714928
780 253.13827284885258
781 252.33951971496418
782 246.4617949413482
783 246.19147035389452
784 245.13229342179588
785 244.73412364910746
786 244.59576679137317
787 244.0027944966116
788 249.40321016388728
789 247.37410137045597
790 244.97078651036867
791 246.30017809769754
792 248.85052382117547
793 251.33259741561156
794 251.78897149826233
795 250.22049227478047
796 250.58281080266457
797 250.14956286877634
798 245.95294294260376
799 247.2481218325398
800 250.30478973211146
801 246.16641318075904
802 244.3909239505488
803 245.6737541504064
804 244.33554795673973
805 246.68643778159168
806 246.56985275535732
807 251.45490926466252
808 249.246695666648
809 244.6946862778383
810 243.70281707833053
811 241.4488617890469
812 237.60658055373887
813 235.745915832096
814 236.51509039999786
815 237.14992917313077
816 236.74637427683788
817 236.58179557783777
818 238.3149810078755
819 241.97666658120852
820 240.06817346264845
821 236.71279435754747
822 235.08754855178006
823 238.27911873860975
824 237.88936750600533
825 238.31555198795107
826 237.02646978858687
827 235.30216532322703
828 234.95281616148839
829 233.90001533960242
830 228.948704518558
831 227.22302772608657
832 228.57825679292017
833 232.10175025169264
834 228.80770731406432
835 227.27439006866913
836 227.84504107739184
837 229.65688158410575
838 228.92995131956377
839 228.64118102155967
840 227.59699716938718
841 231.30773722897098
842 234.0737627230335
843 236.89945954857845
844 233.9806696292306
845 236.63505593773726
846 237.05191138727258
847 237.28452474682953
848 235.7207680222702
849 233.1086458932397
850 230.32090557305474
851 233.23821608984662
852 236.47625718571578
853 232.75767158087692
854 232.11541877276002
855 232.13221097684786
856 233.3784087538184
857 233.01221357530375
858 234.66546005789533
859 230.153236695155
860 236.3518320524385
861 229.98116945992922
862 231.8825264484401
863 234.0519321760713
864 236.414248441257
865 232.97229025619114
866 235.11684562350058
867 238.44318716140126
868 235.66072424411684
869 231.26489397225512
870 229.8553975033696
871 227.84065300753434
872 228.06913504152323
873 228.1821879627393
874 226.4533120236595
875 220.81440388277554
876 221.67423571878123
877 224.75496887780275
878 223.51391488678837
879 223.47053358994518
880 221.3467963328068
881 221.26949331583026
882 219.87174452647298
883 221.74049606589546
884 221.82182499892323
885 219.2813168847284
886 222.44864130467448
887 220.2284729651248
888 222.61287883012935
889 224.5131600055853
890 225.915900426955
891 228.55880065366603
892 224.68064998716835
893 226.23158930493645
894 226.76140637643147
895 220.65548736355882
896 221.29479384077638
897 220.54732637021152
898 221.79727009969523
899 224.65347995281616
900 223.0330455171629
901 225.74065902216756
902 224.37694150192982
903 221.6105395949162
904 220.59540452287862
905 216.0852819790224
906 218.81292982831258
907 218.65940829689862
908 222.04651214945014
909 221.9603867091014
910 221.82844196165422
911 220.8095135739095
912 219.83919610076765
913 215.93108961749724
914 219.08940897006605
915 216.59006178857032
916 217.67043819588054
917 216.807274672076
918 214.2969331117846
919 214.0503142811775
920 213.74229366445812
921 214.48400405694758
922 213.46829688684775
923 215.8109292647196
924 215.85013894783154
925 216.8101373987178
926 215.7021887648485
927 216.11309260029685
928 217.46551492832234
929 216.44433242244332
930 214.44606888622948
931 213.42733090724255
932 212.3515323253574
933 213.7656985509588
934 215.17934015141037
935 210.8975654623283
936 210.4904176775746
937 211.15452790363372
938 213.14835865508942
939 212.44314270244905
940 214.2106401211746
941 213.3244697242035
942 213.82731843831078
943 215.75622521784098
944 217.44781663280534
945 215.29257537398422
946 216.95818050356155
947 220.91531544357042
948 218.0639376828815
949 221.09870757835822
950 221.9040391126803
951 219.62340262877683
952 223.30748029609163
953 221.1945537565784
954 220.741835963643
955 225.14782629351453
956 223.67023647015546
957 224.18263515218786
958 227.35650325276683
959 226.6931868410996
960 227.65600494707323
961 227.38900002738595
962 227.35250263774824
963 225.91990300227914
964 226.67330886181068
965 226.71762306451703
966 227.28294174984822
967 229.3529312667915
968 225.9982100571232
969 224.36518942021536
970 221.3265118197709
971 223.80628294855015
972 225.76615150340166
973 226.16542675788844
974 226.54926524581631
975 230.09573549790434
976 233.77528397194123
977 231.4734088203178
978 231.48441968583128
979 230.4651915522172
980 225.38914316598905
981 230.6506701592729
982 225.5346187388109
983 229.4142699825035
984 232.3551915834124
985 231.95173316567275
986 234.02730662290443
987 239.3224633860291
988 238.6629450509128
989 236.098518454245
990 237.51409835858837
991 234.51188612285793
992 236.1970383672796
993 231.62842352125594
994 235.2613448127339
995 235.72108102150182
996 234.8145133889311
997 230.83892532468687
998 234.2018195624075
999 233.677902472455
