# iteración promedio
0 921.5152111165839
1 913.3912609878759
2 908.759754886273
3 908.4691360337368
4 902.9596343736397
5 898.2775096594071
6 897.0330053017956
7 897.0453061794542
8 888.0669475651514
9 886.1052998117639
10 873.5129050760734
11 862.5661397950448
12 859.7049019099177
13 848.3302772204506
14 846.0838118251808
15 839.0268437271646
16 831.0137241346819
17 833.2759906813858
18 824.6117717983981
19 820.2138448550244
20 821.6445150391544
21 810.7190970620655
22 804.8667370534706
23 798.6331088133417
24 796.8877221614375
25 784.6102424956541
26 783.9357994217586
27 781.05109532825
28 768.9647201384837
29 762.3899278315724
30 754.314230072664
31 747.3020745684305
32 742.5998847099095
33 736.923261732234
34 734.8054399478945
35 720.8065131626519
36 714.6582189220275
37 714.227164632841
38 707.8436323761207
39 705.3286147377278
40 702.6624563229948
41 697.2779804947921
42 695.3294469578988
43 692.130617446106
44 676.9161070186731
45 675.9369165811917
46 670.4430713466854
47 673.0149648435445
48 669.2960984469407
49 670.7532000519262
50 663.1077711343416
51 659.432593255924
52 663.5752480491434
53 664.8882024779667
54 659.6665743223733
55 654.8263891164627
56 654.704114960528
57 649.5042216038867
58 642.3247469378804
59 638.4040274586616
60 643.5650971964734
61 638.065591138571
62 631.3657997854374
63 634.1716781252064
64 632.0527664187368
65 624.7397352546861
66 617.1735740071078
67 612.6465831500119
68 604.3358756840972
69 596.7800177057463
70 595.9971583475831
71 597.7775594395549
72 600.1387999424006
73 601.1816755045273
74 600.2685030163425
75 605.4411297845722
76 606.589092485839
77 606.8322042817638
78 608.1033531591243
79 600.8424040621494
80 597.3900258126087
81 596.1908358267274
82 592.792042959161
83 586.6869947215877
84 584.5458726340107
85 584.0270340352533
86 583.5347471602378
87 580.1449397169735
88 579.7087186324807
89 576.6863998606188
90 573.1241834279087
91 575.9918587236147
92 573.5782444961919
93 575.0692123832646
94 579.436610776055
95 575.4252170390198
96 573.36278237001
97 561.1685440807229
98 560.3079556642227
99 559.2840935995063
100 558.5362435626162
101 552.6055048005171
102 551.9127659425504
103 552.6497400882232
104 554.6377193145426
105 551.3970222378929
106 557.1013571716957
107 558.1308633981831
108 553.2654035710535
109 557.095934771377
110 551.6831600055134
111 552.8021998813085
112 550.6668078998052
113 546.786360874605
114 543.4258588976612
115 537.8107552026893
116 527.4028172198061
117 528.3531895494912
118 522.5976904799371
119 518.2762982587908
120 522.1578953732266
121 520.9096188276671
122 515.5693515184663
123 518.5513626874086
124 510.7774775630143
125 506.9457240651384
126 507.05693749464956
127 503.6648122958343
128 493.92193958466123
129 491.75156977409495
130 493.358208597843
131 487.158192525181
132 484.94722494457756
133 480.85992624683763
134 477.7495337439417
135 474.36388218977066
136 473.2194356922841
137 469.80582907696436
138 472.8432436352607
139 471.0102565852854
140 473.7545785704413
141 471.7497111434162
142 471.6146250857588
143 468.3532200677389
144 465.28052413405123
145 469.2733056752839
146 469.85432931787017
147 473.2501757689096
148 470.6958379291269
149 464.3116724242654
150 461.10995852222055
151 464.2623881682799
152 462.7172238606629
153 462.65966462973154
154 461.909933464757
155 458.2480206919543
156 448.1698167881521
157 449.5231707263257
158 448.2268271534999
159 443.79377607652407
160 441.96632261273584
161 441.2213643756464
162 439.63312305765476
163 442.0354201569803
164 438.9862267545333
165 439.99160196885003
166 441.39340927436785
167 439.1021051581388
168 437.48441651911867
169 432.88588543565345
170 432.787129725112
171 431.5251954341319
172 427.5675946776518
173 426.24081030395877
174 427.42476775868073
175 425.6767180661089
176 426.62819453201354
177 420.3696623249926
178 418.90335650450464
179 418.0362304460379
180 416.1735211995356
181 412.401576917993
182 410.8622397331136
183 409.0505598471315
184 408.55604278951046
185 405.8014425294079
186 405.7214391488438
187 404.20748589103766
188 403.68046227702115
189 405.19737495201844
190 403.22830673532764
191 397.5584804459593
192 395.33578950175246
193 395.2205227913865
194 393.96921631776314
195 390.6760090487454
196 391.3287262216469
197 392.0380196406578
198 389.9509768322585
199 392.16631291786507
200 393.921311412937
201 386.670245072904
202 384.0640062909406
203 384.52822669991366
204 385.3829515045899
205 385.8492502539394
206 391.17762663318325
207 393.02919546509577
208 393.12707734487464
209 392.5090842815789
210 395.19397473598735
211 393.82965996367733
212 392.4617278615963
213 389.6773881483309
214 389.7302696477691
215 393.2470788785581
216 391.17551230072115
217 392.2279654878522
218 393.5342773342317
219 392.47613372791443
220 393.6602414953053
221 388.9255591683682
222 389.10129855920684
223 389.30825167328794
224 386.2598921127296
225 386.3509641387507
226 383.49815349231665
227 384.42591432599147
228 385.0008088982696
229 385.8860300918607
230 385.2433134269844
231 385.7109905604863
232 384.60947405333116
233 383.805883328947
234 389.1571048935379
235 392.5268196264967
236 394.34827314427804
237 389.70105059584
238 392.66836841452556
239 388.33232663248714
240 389.4360141819596
241 391.23955512139264
242 387.24808409854666
243 381.24639150517856
244 379.4128554778547
245 379.1336737781255
246 383.17162729961615
247 379.89468024238397
248 376.06345720898
249 376.67104515821995
250 375.8697929433127
251 376.52351343206834
252 377.3672704169528
253 377.1048377253264
254 373.6824118086004
255 378.24938786779296
256 384.09911664908867
257 385.391261801257
258 385.4367277831719
259 380.64844358798786
260 379.62665437362966
261 375.6406265307636
262 378.10412848997277
263 374.1661124912609
264 367.3054748955846
265 365.7473778405019
266 360.3082073029826
267 363.1387900787063
268 363.56039597979594
269 361.3110770033675
270 361.91948903146556
271 362.8073631061467
272 362.9086057185498
273 362.92186735028605
274 359.8073394891429
275 358.7207222060635
276 354.2109486426583
277 353.40953504424084
278 353.7956433490653
279 353.37118972746873
280 351.2001939882308
281 350.71663570279253
282 352.64814625519017
283 352.60981168137135
284 353.23076374026493
285 348.9527350572717
286 346.1751635298609
287 350.4587522622473
288 345.00583816182814
289 345.47163713389483
290 340.8125618187771
291 341.40307317784357
292 339.5345990340242
293 339.0856910304186
294 340.28738065084303
295 340.6006099225491
296 337.59397674695253
297 342.22125752233814
298 338.65542663478595
299 342.17787639363456
300 340.3125595671629
301 339.1952390191672
302 342.26989788809465
303 343.6504279113587
304 338.7831734927648
305 338.1778649126274
306 339.3669069967825
307 334.05233603685576
308 332.66151289518314
309 327.15663225012094
310 329.52063590809985
311 327.31931029801035
312 328.98234945568635
313 326.9934020513993
314 324.13682809697866
315 319.0380757095464
316 319.49717150854207
317 320.7794166913259
318 322.9844124713399
319 330.26752750347237
320 328.77251349091785
321 326.6658829235265
322 323.30540428151687
323 322.1369634243307
324 321.45489376580986
325 318.78080470472463
326 323.8003057692815
327 319.1888662247609
328 315.5316064391135
329 308.65133697490734
330 309.8348749302683
331 312.0530267116729
332 308.6540770542822
333 308.376013154795
334 310.18636724240105
335 307.6923478948276
336 307.26005236592465
337 304.1003539912135
338 305.64248736663643
339 307.2497467407959
340 307.7969408108231
341 306.574652306108
342 309.3484809272006
343 309.5220641262468
344 307.4501602772892
345 306.7267530621933
346 303.1269704515399
347 306.53084893796563
348 304.0922902819856
349 305.7096344993998
350 305.41480799303883
351 300.72987349552756
352 304.7299384922791
353 301.3507133086377
354 301.5836608085176
355 297.25095607841575
356 291.44420655544667
357 290.94912744946214
358 293.74095479591125
359 292.23725390052346
360 289.99187898781463
361 289.79893608602384
362 293.6751374636751
363 295.29917591306975
364 291.3144720061419
365 295.43332563700807
366 296.1222171895331
367 293.1289142655738
368 292.0845589072538
369 292.0671953972805
370 286.98420617596656
371 285.78324117262935
372 285.80535328019056
373 289.18218533394554
374 291.3557656439458
375 290.35032112896346
376 287.3786712715958
377 283.18484879003296
378 282.84522599940266
379 278.31738333912193
380 277.7345336369834
381 274.006141519181
382 276.2325552806399
383 274.75748477618583
384 275.6073844312762
385 274.3902374204715
386 274.47207737951595
387 274.6039601904403
388 274.78527031138003
389 275.76641045601565
390 272.5909898557691
391 272.3216142784775
392 271.9709327448277
393 273.9847856740353
394 272.8276142776752
395 272.4074849519759
396 269.1788295626922
397 270.32462029793226
398 275.8435167039172
399 280.2654934807772
400 281.1901612332612
401 278.4978020805522
402 280.87225217837766
403 279.8023569708294
404 279.9561371229016
405 279.0365644682677
406 275.36284010522087
407 272.5770381094964
408 275.72842374411834
409 277.4011634975861
410 281.4040693610782
411 278.7653393933587
412 278.0837096582387
413 282.6350999459591
414 282.2080509769397
415 283.3760703232653
416 279.13584733857124
417 275.64081632967844
418 273.0132073195436
419 269.25569881251977
420 269.1741939024529
421 270.85364238296455
422 269.38939233256355
423 264.4063881217616
424 265.12614945071726
425 263.2887967188569
426 260.0928178162742
427 258.61187082419184
428 256.3880114472188
429 259.4454782800704
430 258.05498364886824
431 259.3315223480356
432 259.3470866604861
433 264.26922227130103
434 260.47403784107854
435 259.27278687647856
436 256.9823676152808
437 259.31187609351747
438 256.065257072284
439 258.15284010503893
440 255.53042322434808
441 253.89238906034296
442 251.78482217699508
443 251.59267087221812
444 251.8248008477084
445 250.1540808815836
446 242.78072942465184
447 241.16986834091364
448 239.2960614655416
449 238.11325411878062
450 238.7669786237823
451 240.06936739080638
452 238.29653446838026
453 237.4959289653604
454 233.96062074414306
455 234.1142462825974
456 231.76656714272318
457 234.22878417930912
458 233.77865798776995
459 238.93618118702128
460 240.244413789907
461 243.1074776709659
462 247.04574836634987
463 247.2659736072776
464 247.476560584835
465 246.35388837105415
466 247.29562437734413
467 252.25992255689397
468 250.2634616052299
469 248.86059847592816
470 252.71619674708603
471 250.9512526696617
472 250.13297233418973
473 253.32437075125628
474 252.16125501446467
475 252.79005049469157
476 252.20803076716678
477 254.31112724365232
478 251.74238618566184
479 249.50884553165844
480 250.28863407315464
481 249.74579473979028
482 253.98273288967985
483 252.50049457809203
484 250.28372387192923
485 249.34447351697906
486 248.18298111376484
487 251.16575813877887
488 252.40649700257865
489 252.6599821641835
490 252.5118315639384
491 257.1149683049888
492 255.82909919681336
493 256.0716975227479
494 253.0546899465691
495 251.82167840489635
496 253.13758016535294
497 253.78597559938953
498 255.70737387430302
499 255.75043238619764
500 255.8344000992035
501 254.12841393946465
502 257.6790276877321
503 257.34884008318846
504 257.82574680677305
505 254.35604937563744
506 256.1432292518904
507 252.11306963346019
508 251.0411478031834
509 256.00201062144936
510 254.25863914701148
511 255.87155426318407
512 255.33211673021052
513 258.0156548347027
514 259.2209239007745
515 258.3403415774239
516 260.9320687838651
517 262.2433134271828
518 260.0346018168417
519 256.4111411035062
520 257.8214808310531
521 257.54252371824106
522 249.3138076454966
523 244.33069021060882
524 243.35405206671152
525 243.33169518704014
526 240.2824840127531
527 241.50672332961324
528 242.25275049099585
529 241.5428476957335
530 240.61811986556214
531 238.02902469556298
532 237.69442388530868
533 233.70925793597752
534 235.80953573254817
535 233.34689941083815
536 232.37348111887528
537 234.0445016294997
538 232.76440961594508
539 234.85339094891492
540 233.03917810984166
541 231.58334249992942
542 232.2262709994368
543 233.12874575775416
544 236.77287077571864
545 239.1836177035801
546 239.1871499457285
547 243.61324881250857
548 244.88706604749964
549 247.4432160134047
550 246.65778011205796
551 247.32102094906918
552 247.24799713714478
553 248.08488789340646
554 244.8224359275495
555 242.67891139180108
556 243.42552289020455
557 243.3076467289008
558 243.64627465113333
559 239.563360037277
560 235.695243504534
561 236.44769895895178
562 235.2118755573691
563 234.95943355163425
564 234.9600094012931
565 235.1280301495202
566 234.98240161941132
567 234.84796330319358
568 232.278321810735
569 227.3542815420265
570 226.01827748330317
571 223.4374882927794
572 220.5894361312469
573 218.81148068700483
574 220.6145460413941
575 217.84087705525107
576 216.6460531926372
577 215.9406284703599
578 214.73175821850134
579 219.70515854053716
580 220.05241711387836
581 217.23489901577233
582 219.2408530354105
583 218.63291431885204
584 219.63228172837037
585 218.92380230044537
586 219.63439372520276
587 219.4161635207307
588 220.48120351765297
589 224.07659569337022
590 223.02048925777365
591 225.0319672971787
592 227.1569892064112
593 228.73699722789792
594 232.24578229600013
595 230.02425825607122
596 231.7841572427769
597 230.01157594281918
598 232.72542344676773
599 234.88670592976868
600 233.09210516115382
601 233.1601155898019
602 232.42787014503287
603 230.1830061414683
604 227.1506754315909
605 228.1935945457566
606 227.4912035999088
607 226.56420684426274
608 221.7134156187123
609 221.64787879699233
610 221.80661071418837
611 221.2728309546963
612 225.83779684486174
613 221.80089245469586
614 221.960091664747
615 217.9447734257567
616 212.65499590295923
617 206.97007313062724
618 205.61881479801335
619 203.5599007361368
620 200.99552439085855
621 194.99311365403523
622 196.76899585097405
623 199.49940558163453
624 197.7793038455884
625 198.3701632346158
626 195.63288225037385
627 195.8423791677346
628 193.35756686204633
629 192.20567728532777
630 189.52558459911828
631 189.83818984958214
632 189.84757704271695
633 190.83049872246937
634 192.2786602130195
635 193.16882233040394
636 191.80928938380828
637 194.28969030514534
638 195.76472555209352
639 195.75391345719035
640 193.61500129829594
641 193.3434783520584
642 191.39964180107373
643 191.7567602547968
644 185.30919339059358
645 182.66701613023034
646 179.37867863681538
647 178.65827242105115
648 180.01538987304778
649 181.94358560401773
650 183.52984724585102
651 180.91161685598968
652 183.32878128512158
653 180.93358296542067
654 184.2187553833115
655 181.94161825758482
656 182.64733097383134
657 177.95756312960566
658 180.36736091729747
659 180.8276538122775
660 179.7767432165317
661 183.34339385714597
662 189.50844393705475
663 191.3547342147072
664 190.74787784723452
665 187.56090670978426
666 186.82987906985971
667 185.40335357620552
668 185.4245591544055
669 185.37917600687118
670 188.53705660219654
671 190.77101075168306
672 185.94303991282726
673 185.0265359682189
674 189.38934692935413
675 187.53211828856715
676 192.03634184051003
677 190.30391574542523
678 189.0577131413411
679 186.47749925606308
680 186.4413231964218
681 185.32018408678084
682 187.70148320733307
683 186.68090074345827
684 189.89775995398213
685 187.70962030007996
686 188.5976744957356
687 192.25184381988493
688 188.6772445751941
689 193.3616269856862
690 197.62028553126817
691 198.87774104750943
692 201.93364735725714
693 202.788984136932
694 202.88745758324242
695 200.11340656156293
696 203.13388840403329
697 203.544104252769
698 200.6883217858028
699 199.66123485053598
700 200.8770930174338
701 199.67181091326896
702 198.83360085358333
703 198.70477576876857
704 197.4592340013005
705 193.40369136717575
706 191.31408076837877
707 192.87082188546964
708 192.1086614220308
709 192.59274912731274
710 191.20523966846568
711 189.27148605304237
712 191.36278733312508
713 190.62114438470795
714 187.84406205630742
715 189.404621295643
716 190.48502805253725
717 192.17535347152142
718 194.69673653071501
719 191.90583964070808
720 187.0013663854312
721 188.64722645599505
722 187.55880048302686
723 186.33283859030445
724 182.09302644572006
725 182.50197375882067
726 179.59745837703932
727 180.55168192078344
728 182.50779830649523
729 185.13525060549077
730 182.2268116860563
731 184.18736578447835
732 185.22236336586758
733 188.40383353411778
734 189.00051848572198
735 190.1692597709389
736 192.75793603499082
737 193.99368812901545
738 196.35454585714345
739 198.05057026214646
740 199.64511987259684
741 194.08239419907855
742 193.47266977135965
743 192.43049152939247
744 193.06584748672
745 189.71693765667803
746 188.3384429546438
747 185.59339713638275
748 184.0735445879695
749 184.5987149232311
750 186.26884607262267
751 185.86705400458413
752 185.05093685073865
753 188.3955170450815
754 187.40812208614622
755 191.30506500292557
756 193.38548804259838
757 189.42315112397412
758 186.57117437489106
759 186.30675151256276
760 189.24226505069078
761 189.4478590540566
762 191.60304245017554
763 193.53161322996036
764 196.008732834647
765 196.50812984884908
766 198.53840753571964
767 198.74031095353587
768 199.35842392875614
769 198.1259672221313
770 196.62670931691545
771 194.83062139676963
772 195.5109669536437
773 194.22704818956728
774 193.4159609149717
775 190.70891820549795
776 189.30108902672745
777 193.85436317134565
778 197.2605090485198
779 193.67293473456476
780 192.12364814138513
781 192.53247074623323
782 187.78028896522497
783 184.81515152323357
784 182.05844825586138
785 181.68881698212482
786 176.91043179901888
787 175.96748669481738
788 174.20302750768678
789 171.91761865976346
790 171.30174151940642
791 173.97853883153908
792 173.1203626426658
793 174.44093771895197
794 175.23241430495537
795 173.69014859610732
796 172.89909585525555
797 172.73160421245356
798 175.87472470184025
799 175.78083704460587
800 174.52147628064412
801 167.98813473823262
802 162.51210195858425
803 165.8896774580854
804 166.22468790222072
805 163.97819071932932
806 163.24529164296385
807 161.27292070737843
808 162.04301340695423
809 160.61406510341973
810 162.94251794605646
811 164.35570747414582
812 161.61226437083778
813 165.45109950319429
814 167.12274342496445
815 166.17600482016636
816 169.36190492825136
817 168.04061185983338
818 168.81916131059504
819 165.47314601844315
820 164.59220698548884
821 162.7902750028607
822 162.863625603037
823 162.319499387418
824 162.14057655428883
825 160.99685950347205
826 159.91884677646786
827 158.46413858914633
828 155.80698515612488
829 153.8683954834015
830 156.2985752665573
831 154.93023015583165
832 155.96037711494984
833 158.29124437434695
834 160.64689063439292
835 162.4923244703029
836 167.45393664418097
837 169.1415963148723
838 168.4134299425894
839 169.14906682324008
840 164.57112249455795
841 169.64243915515738
842 166.73193456688244
843 168.11213386235306
844 167.9344149675444
845 169.09954616805845
846 165.37973500659064
847 163.69418874161997
848 163.25573018184824
849 163.62653453599816
850 164.74607264797407
851 165.22457024903656
852 163.52090518798718
853 160.7401057002902
854 161.26240496188592
855 159.78421766776444
856 163.93671515395562
857 161.91432480854965
858 156.25648671625552
859 157.73694558856653
860 155.79495990936857
861 155.1463064438342
862 153.81094936587968
863 155.03182980803277
864 151.8755506609385
865 151.9210205160124
866 152.8550848721729
867 152.74349984066993
868 151.17655211211792
869 149.8548830168588
870 151.15434018727254
871 150.34398106306872
872 143.23752581151572
873 143.52421058369848
874 143.49517895428883
875 142.54693872268103
876 138.66357880224984
877 138.9873020605199
878 138.52297156798457
879 138.44353379773332
880 141.51345305895734
881 139.11730602093658
882 140.40053605652153
883 141.68382804446165
884 142.92354888124518
885 144.97786254366164
886 145.41510888006496
887 144.6100333130489
888 139.96601409880768
889 138.517363462926
890 135.39346948041546
891 136.80594164201244
892 136.6357662165982
893 133.8968977420765
894 133.44809256104554
895 133.60710220837444
896 136.70018762043233
897 134.70116134562153
898 135.3333142122469
899 134.06379158894953
900 135.33530955928492
901 136.72621610825792
902 134.46962413895002
903 132.2915709345317
904 134.62720624960792
905 135.78851735351128
906 135.6625892950115
907 135.41507818447926
908 136.52388697017813
909 135.07176364132724
910 135.41109033123448
911 136.37625923191803
912 135.76519645860753
913 138.1774780119834
914 138.1067091264754
915 137.5519780948089
916 139.48446046016238
917 142.5452697077942
918 144.3701947426041
919 145.43556260773275
920 143.92406498868002
921 145.9946542147052
922 148.00926192939164
923 150.63177208277284
924 154.49275614467933
925 153.7201809323717
926 154.89770076885907
927 154.05914072031166
928 159.372715055404
929 160.72531489496976
930 160.6871631073401
931 162.73933772314462
932 162.71717399402328
933 165.74551268351652
934 167.50919245109955
935 165.45663210257928
936 161.92705601462083
937 163.55131028050948
938 163.02600282991673
939 162.22176637256322
940 164.78842020212613
941 165.4891256352872
942 167.25580546312372
943 163.30120252186606
944 168.06734988702507
945 171.07352287718888
946 170.37377998795353
947 165.80614931114889
948 163.70549667586792
949 162.7981994195477
950 162.63117675791793
951 162.69144953588184
952 163.9126527827476
953 160.53621092983911
954 166.95521683375668
955 167.2593437279872
956 164.0822529759489
957 161.23885147440689
958 158.76715909428577
959 158.45501205547237
960 155.81938971876033
961 158.70835995644137
962 156.7370092927321
963 154.98339482098268
964 158.4842304074456
965 158.88309785434438
966 162.75182483172813
967 160.74035469421608
968 161.23512427031747
969 157.1167050628782
970 154.95398812670027
971 153.14483430642858
972 152.55259275232595
973 154.33315837955283
974 154.40177373276774
975 154.0423867952315
976 152.93252996685902
977 157.22491153372337
978 155.32845152800684
979 154.54642467504056
980 154.47673613247218
981 154.9940365289723
982 153.43925879686824
983 157.08054463384866
984 157.3061718465782
985 157.8223799332129
986 159.38092846554397
987 162.4315378567901
988 164.61968711772283
989 161.5590778756281
990 160.572703687197
991 162.1452507832528
992 161.40530456995407
993 164.00868348966517
994 162.90300743933724
995 163.53767582181865
996 162.51893321296356
997 163.25372610104233
998 157.13489133499885
999 157.4605621156736
