# iteración promedio
0 928.6825441689324
1 924.459498325804
2 909.4901215622568
3 913.1565164194861
4 909.9265773493016
5 914.3054922632074
6 905.9940127824265
7 898.466750203982
8 896.0826173155671
9 893.699259376948
10 885.8194202157647
11 878.3884785830179
12 871.9129604028717
13 862.9524935259501
14 860.8283992146722
15 856.5815417047155
16 845.5214600814517
17 842.4646473111582
18 841.2823075693004
19 827.6544517971566
20 829.1805973857147
21 822.6786597250648
22 825.2988478752053
23 818.1137835991599
24 810.8764881318893
25 811.3938068599554
26 809.229921161745
27 802.5769431645577
28 805.4026276228982
29 804.3656510142189
30 799.9356017436228
31 786.1345693531725
32 781.8442645965763
33 775.9316250759983
34 778.7172829490777
35 772.0430345369944
36 766.3745514553589
37 766.8214437769227
38 760.5790435458086
39 756.6789997518443
40 751.0808420460298
41 751.7144250585817
42 748.3953387500006
43 740.7868357960502
44 741.8668497061761
45 735.7841589205913
46 722.3560687145151
47 713.2958861412272
48 702.5364357070991
49 697.4282489509926
50 697.9161010641328
51 686.985086757747
52 681.3150062524604
53 673.0671861322486
54 667.1931451441951
55 660.2835653715089
56 655.7460498202637
57 657.6770514456565
58 651.4552979268382
59 652.7777337154853
60 650.5847300907321
61 639.42271134227
62 645.3269650778988
63 640.2364692202341
64 637.1127887479125
65 641.9052215209402
66 629.1022033330287
67 621.6309945750685
68 622.2090893213015
69 619.422740487542
70 611.4584304127842
71 615.4795980089253
72 610.8182722308487
73 605.0110380442487
74 601.8632466242183
75 602.7043310896615
76 603.150166629807
77 600.8175169940077
78 598.8044695347756
79 596.8106448082222
80 593.9249654388082
81 591.3591340237523
82 586.8572240671681
83 579.2868503956731
84 575.7547953270869
85 577.0175372521561
86 570.0974560849783
87 563.8895065737341
88 555.8703934910347
89 554.5654905533358
90 552.1529685276469
91 545.1144199579682
92 540.4938293123777
93 538.7662338030223
94 538.5354056332479
95 532.2928304461404
96 529.8236490739482
97 526.895218192657
98 532.1157528100689
99 524.4982279931996
100 518.9988825068399
101 517.6069842283849
102 522.9665924844918
103 522.703714603086
104 524.2109249307512
105 522.8997212885836
106 523.5757425762449
107 522.5939428617843
108 519.1552074562272
109 512.6789813133656
110 513.4059863449089
111 513.8401880503982
112 515.5450418112209
113 516.156845648031
114 513.2560478502872
115 505.7688770897491
116 503.87865097353324
117 500.7276549886431
118 496.68662484024446
119 492.38845538499504
120 489.3318282694892
121 486.63529596498915
122 483.7214786474046
123 484.78425243682113
124 484.4047596873879
125 482.7267088333354
126 480.41207098848906
127 480.79615637246025
128 478.04486323323675
129 478.20606325804846
130 478.25924636003015
131 472.77364611635835
132 469.33475706439015
133 469.5893026851284
134 474.8190684000565
135 473.4858094819034
136 472.10313296170506
137 468.7740375145853
138 463.638700858431
139 458.2115756829129
140 454.2370407580158
141 454.65414740093826
142 454.58923618982493
143 451.6092896598531
144 456.5884586456492
145 452.9688896722301
146 454.376810600101
147 453.8038183028142
148 447.8309319239823
149 444.22201892277525
150 439.73974991825963
151 438.99026988706197
152 438.81807670796826
153 439.1894324956739
154 435.01948637664844
155 431.39488849119095
156 436.08978408393415
157 438.7081824536879
158 433.002498865204
159 435.8194206532868
160 430.085342266249
161 428.6997536797742
162 427.7315069578934
163 431.02912064748455
164 428.48699786859163
165 430.3301458222953
166 428.55027633770226
167 427.8546412469817
168 427.95406380707936
169 426.6302691312528
170 420.26304420056704
171 416.7650334287897
172 413.989339472364
173 409.48160884741424
174 407.74840859176237
175 404.86952419694245
176 402.1601843280543
177 395.7597609137176
178 390.4260554344099
179 398.7724327230976
180 401.1678497966292
181 401.3343608815642
182 399.41060071295675
183 396.6723968319946
184 388.65075613691465
185 391.1547992907791
186 393.048291250834
187 393.95253441612243
188 390.77563853760677
189 392.5021227092522
190 397.5500706844687
191 396.2155568662004
192 394.31275497571255
193 392.52017695081014
194 384.74243315009386
195 379.4282822957823
196 378.7705783063658
197 377.8602136307022
198 373.9767972824365
199 370.8525124664159
200 372.8840410988344
201 373.2894768291781
202 370.38831941741716
203 370.0496576039505
204 360.88184411620364
205 360.27371752295034
206 360.3170634634931
207 360.85018332295886
208 359.751281062388
209 354.96696540571867
210 355.37512357923123
211 353.5648189688527
212 353.3790695080965
213 354.6321822963658
214 357.83193540463094
215 355.0928575384321
216 357.6148046135828
217 358.97234201716725
218 356.70570191612796
219 355.05641489685235
220 358.5355498306191
221 358.8375860567329
222 359.079008882237
223 354.3293475030369
224 352.21010204780885
225 346.61327316190346
226 346.90403439805874
227 352.51434395004435
228 352.7064773507214
229 347.8515747432731
230 348.2852111943245
231 343.2494857171538
232 343.1236824209856
233 343.71136984330195
234 343.652405928731
235 345.2941859343888
236 341.12519103416895
237 339.2308846648864
238 337.48344015445
239 331.5349438337327
240 335.0246035617045
241 334.6795095603266
242 333.2981951543142
243 333.3991171409465
244 338.2764685293875
245 334.7951159975769
246 337.0277821571945
247 338.86020503753286
248 339.54248141333227
249 338.26185469613904
250 335.8411901397316
251 339.30343197802483
252 337.212110095447
253 334.953004518936
254 331.99172011440896
255 327.0812353835768
256 327.6591384404827
257 329.54144379324885
258 326.7657038936362
259 327.14030222824806
260 324.66211168050523
261 324.7095878268012
262 323.3677126357838
263 319.10038460146984
264 320.73718911332105
265 320.56221806682913
266 321.5595872823961
267 320.4608799863819
268 318.7081663020147
269 319.0564444649389
270 316.36096811190265
271 314.30055379248614
272 316.21166961229164
273 317.55653295488725
274 315.3192870003815
275 313.48707874418574
276 309.92524573717196
277 306.03762756247414
278 309.92487599627674
279 308.97962649552517
280 305.33060191906014
281 304.41707180925494
282 302.6785687502733
283 305.51121187300373
284 306.6303192254661
285 303.50679085692417
286 303.2900129187412
287 308.01298584295944
288 310.9283436009084
289 310.82414380508055
290 309.30562107548593
291 309.2708243316721
292 312.4681427588099
293 313.797660263396
294 313.02587595294744
295 315.6180584808966
296 314.55605059256135
297 313.0894463455696
298 311.47840491716585
299 309.06494150240405
300 304.2923928528968
301 303.72287570415074
302 300.6378013902511
303 301.3257656223234
304 302.95116359932615
305 301.87896818805365
306 302.56461375337864
307 304.6789924032779
308 300.3916458265157
309 303.9152329445388
310 303.16473491391827
311 299.4034685511985
312 295.9781338800052
313 297.74431067515815
314 296.0079466997573
315 291.66027653777036
316 292.5359387590038
317 291.647009808337
318 289.9742253728396
319 288.8887049042583
320 288.42544504498983
321 287.57677562778116
322 286.055805082312
323 285.11115014348246
324 281.5063460099876
325 281.1068550758436
326 279.6233753042099
327 277.09804157981443
328 274.6169147666199
329 274.1262313511304
330 274.5107173342382
331 278.4685471371083
332 278.3695204053126
333 282.42152812935296
334 283.47208169673587
335 285.56280430961897
336 281.5682077044301
337 278.9502476308784
338 275.0518702431632
339 269.8713203369943
340 267.9075285327047
341 266.10228411880314
342 267.00613866806236
343 266.87161596399886
344 266.15670502416776
345 261.3876648117871
346 260.25705112516255
347 262.31757967963256
348 264.4117118624514
349 265.2936989483435
350 261.61220959306354
351 261.1290317650542
352 257.1344247779787
353 259.4406303246145
354 262.56292091014524
355 262.9768408890296
356 267.69949865595305
357 269.4616861160312
358 268.2598116329347
359 266.84828899081305
360 263.00879920896034
361 260.65161682449167
362 259.38738634608546
363 257.9167914030254
364 259.175658831335
365 260.49009040518825
366 260.92652183992385
367 257.0143643048701
368 254.16453852948646
369 249.4233198444009
370 248.76952171272958
371 246.39632528102942
372 242.89262538026753
373 243.570557645597
374 241.38374381929106
375 239.5388920250726
376 240.77660089571546
377 238.17949355260927
378 239.79488996913017
379 242.51925135397647
380 239.9934835378891
381 241.8756909453628
382 244.7784552423275
383 247.81951031056352
384 250.39266488274785
385 254.39565061628804
386 253.82098766536555
387 251.9654499379949
388 254.66249492286028
389 254.13137243996235
390 257.4023290926193
391 256.80912749109893
392 257.42278228786654
393 256.5945560068445
394 261.74024329840375
395 264.57559626265703
396 263.81070972588276
397 262.73494935453056
398 261.52889262787596
399 257.68130879257484
400 259.2567550405202
401 257.5504285829195
402 261.60385556123396
403 257.07287346463096
404 252.45367140511797
405 251.32386283216132
406 250.25150966585056
407 254.84140086394075
408 249.73300853596407
409 246.66621054500317
410 248.2747347366017
411 243.1826642273617
412 244.5603697921694
413 241.66157706528884
414 238.07893445439808
415 237.7479391766229
416 237.532043573089
417 238.7483348534652
418 236.296205308119
419 230.28111552961707
420 227.5954517582741
421 232.24575300868233
422 230.57120285354458
423 235.07892292928784
424 237.7573647711509
425 235.46115348580918
426 235.45352050107604
427 233.02544682484861
428 234.00446366730833
429 234.2547018301129
430 237.32579771063237
431 233.65722971087013
432 231.63294746292283
433 232.4555224034857
434 238.80809049901256
435 237.65182554212927
436 235.30917718184395
437 234.10393472615405
438 232.6145639071163
439 235.58171606179974
440 239.4697316013627
441 241.08542966108504
442 236.1348932786671
443 229.50061152098093
444 233.85814331511395
445 231.39123981875946
446 232.6151200094582
447 235.97721903121428
448 237.9685523381946
449 236.8092355775059
450 232.37992470415858
451 233.66749152846066
452 233.60796216927594
453 238.17488088069373
454 240.19919505848796
455 240.46964838824238
456 240.17176762903262
457 239.8120669369975
458 233.0608110709042
459 234.58428382090972
460 233.63367768233718
461 234.80887531965516
462 231.73956137886225
463 228.19713157370745
464 232.3863961007992
465 230.4816558201406
466 231.95414877756772
467 231.9185655955147
468 233.91253124965039
469 236.13533725773664
470 232.6119317830704
471 234.80786913544026
472 234.08639081747904
473 229.67167907773052
474 230.0566597951812
475 230.82532821508497
476 228.2745577172775
477 226.04845437233854
478 227.67069845132485
479 227.02628669527348
480 225.1511542598226
481 221.45502245434432
482 224.64668263220196
483 225.01108039310785
484 225.4288204729415
485 226.49825627417403
486 226.8850463916265
487 225.14164602939323
488 220.45553654809345
489 223.12911693363304
490 222.70475596510977
491 224.66322091086698
492 224.98034254767103
493 226.45590418430774
494 228.78884885426302
495 232.2388180067477
496 231.44075728120436
497 233.60872411281278
498 232.0866810437415
499 228.00772024892777
500 226.1976952902856
501 223.72742572071317
502 221.3410288045998
503 222.31554948780027
504 221.06322828903558
505 222.08970605837038
506 223.44261183232638
507 223.38882023965715
508 222.22737246363488
509 227.02642979729387
510 227.7116747707513
511 229.36153287569846
512 229.16403832105777
513 230.3655875721604
514 232.81429123221585
515 231.92505575531587
516 231.69948034198507
517 228.44905078415763
518 230.36084251551
519 228.75190066463253
520 225.7822455887554
521 223.66962004187405
522 221.08130710187103
523 217.118566459241
524 214.91020554867086
525 214.0011860969328
526 217.51402375436442
527 217.36612076107474
528 215.86713060989743
529 213.63217096971366
530 214.95504136019542
531 215.193716250524
532 210.29098083556616
533 213.05970227289745
534 213.68629734210165
535 213.52499376530778
536 211.22363122047528
537 214.62885994010125
538 212.64673761242503
539 214.05249662525023
540 211.7901138415998
541 210.58133061358618
542 212.46390344499105
543 211.36565043674167
544 209.1281508181378
545 211.44027430690767
546 209.0867662022776
547 206.2695554580046
548 206.33952868044068
549 207.59763735916493
550 205.62109994458336
551 209.02480751258423
552 210.14892779122812
553 209.60722826473898
554 210.45192085415886
555 213.69275690126688
556 213.4881145232812
557 218.6274627626053
558 216.4000037770692
559 213.743424627918
560 213.29631821900514
561 210.3083768546338
562 210.30737576003696
563 209.51187960386036
564 209.19945277326903
565 208.5130483062217
566 207.40096167646607
567 205.38763026436442
568 208.47065129901858
569 207.4461355062035
570 208.23054715332327
571 208.82095350965875
572 208.3756127293826
573 210.74035840069152
574 206.17048503466623
575 206.9347640557688
576 204.95064750782865
577 204.238766393441
578 207.8445756654909
579 205.6397326047293
580 202.31413099995652
581 199.0219589491626
582 196.56445222606476
583 198.5044406008105
584 201.49711924902675
585 198.51735188808226
586 200.8839671301747
587 201.71898907571907
588 198.30786600423124
589 199.4870098327373
590 199.45071861173435
591 197.72134352084467
592 194.76474360222215
593 194.42148780475284
594 191.76693908825095
595 195.94694610882246
596 196.85997118327225
597 198.96351573553306
598 198.9984524161204
599 196.07496426135785
600 195.062284857919
601 195.17585987478571
602 197.40692307684589
603 195.46909229704278
604 194.9129918039128
605 193.22785681885892
606 195.443669434283
607 194.85711455779617
608 192.86693224289272
609 193.9500718531512
610 191.07973173337257
611 189.87844415143303
612 188.93725193818653
613 190.24373892622563
614 190.77033967803243
615 193.3281723967827
616 190.99609993187562
617 189.99828484061618
618 192.25118804003745
619 190.02653457261422
620 190.82335197336926
621 192.687575206894
622 191.9617426910909
623 191.49132060922835
624 189.82205729416637
625 190.27092692717454
626 189.88889108617718
627 189.06438870918828
628 189.93231466571316
629 189.82761072984664
630 187.0884787073535
631 184.82014487736308
632 185.45040216905593
633 186.84467412653507
634 186.01474038228307
635 186.13337668301617
636 187.38752946702772
637 189.15254945299912
638 188.99836688245742
639 186.5520199426104
640 187.07263300435534
641 183.58237107747354
642 182.80704177405755
643 182.65626572349873
644 183.68023679494817
645 183.5990779134141
646 182.86760506537584
647 184.96186801443852
648 185.7898658390941
649 181.86104651948818
650 183.1552613063449
651 181.85809598264817
652 183.93882232108325
653 180.45352063991413
654 181.88595799340143
655 182.26698308325612
656 182.78112484012973
657 180.89254973818467
658 181.35510369753823
659 185.35174116132336
660 187.24002984745314
661 186.40973524705205
662 185.4407279307821
663 180.6119574457151
664 181.5603644770839
665 183.89910870176507
666 182.90013441537965
667 185.0953734518267
668 183.73362629613436
669 182.56079783854386
670 185.67281768454185
671 185.03870566973922
672 183.8042091872159
673 184.08314410002092
674 182.82081502630206
675 184.58936966893816
676 186.2355115736331
677 187.28093991519287
678 185.1870527747934
679 181.95103142936034
680 180.0200563349589
681 178.5349833942025
682 180.26959794718002
683 180.34756818971974
684 179.30043804585807
685 178.8926408248794
686 180.31198962541956
687 179.43571022241974
688 183.06215141453987
689 180.7402717505916
690 184.1614398828719
691 184.50523791793594
692 183.05206969927852
693 184.6902006024137
694 185.74718302282764
695 185.90654251665524
696 187.63024171488777
697 189.00469424980824
698 189.2733013323442
699 190.51482000403848
700 188.61601749505368
701 189.50677980887372
702 187.81545686861406
703 187.9533064715974
704 182.6747610927891
705 180.50125113911088
706 178.9135588195901
707 178.66271098204783
708 178.48312467646633
709 177.56382760164502
710 180.11883859539736
711 179.57202316786362
712 180.08259828031635
713 179.11317914427752
714 177.87480773339652
715 177.64455853124414
716 179.69433567857493
717 177.89231980651732
718 177.19242447638607
719 179.66126039561928
720 180.76095716766758
721 179.2946287603049
722 182.95787096263768
723 183.95958383210083
724 186.6045201146803
725 181.83317746543742
726 183.9032607924567
727 186.32223546653205
728 188.9146152127613
729 191.89427758192028
730 191.26770417280255
731 190.27912329238666
732 192.3087321381953
733 191.2605859756266
734 192.49202464530276
735 189.24378784475266
736 191.10540964854684
737 192.29777388115966
738 190.17947364692395
739 191.14678442978087
740 191.42829044404488
741 189.77417552153713
742 188.50222859566608
743 185.5358465394196
744 188.7978050406481
745 188.482958245921
746 186.4577634846069
747 192.5332816339015
748 189.31900655835815
749 187.9639165507329
750 188.79960075086447
751 185.4407007714791
752 185.32442351674766
753 185.2216308706254
754 183.52307553862298
755 183.68468235166725
756 183.41242400489915
757 181.82745576908022
758 181.9151083728506
759 180.0274860403017
760 180.79101785500524
761 179.12663798990698
762 180.83012496292397
763 178.5409332961337
764 177.08553328519372
765 177.9653476007058
766 177.96083526462328
767 183.8308348944113
768 182.41052388395653
769 183.15178389273373
770 182.89381510283064
771 178.47940803003698
772 175.12021991197554
773 173.85655195128726
774 174.22729952908227
775 174.47136739448308
776 172.1615582260739
777 175.1763798764236
778 172.76071756253003
779 169.34183618055806
780 167.7664593246202
781 168.76475226219867
782 171.06146595841645
783 173.117257467367
784 170.62288465679282
785 167.08204144375617
786 166.82522195467624
787 167.22724521304622
788 166.87001423969022
789 167.6352491253014
790 169.25254667775135
791 169.33872470217494
792 171.24600241756764
793 170.26019658101472
794 170.06109728662238
795 172.21861205729988
796 170.82267711218708
797 170.54078146196701
798 169.7212286694164
799 170.46925221506638
800 173.22754479016226
801 173.44938447583252
802 171.67402643752746
803 170.11000330940223
804 173.26608705859894
805 171.9612082745641
806 171.8401492383203
807 168.19299628990353
808 170.2579192788189
809 171.28819900696243
810 171.1997243062556
811 168.46437748109526
812 166.14964494604115
813 168.82726147144356
814 172.46369353395687
815 173.5511325038844
816 176.8363060524241
817 175.47900159349356
818 173.62311758059445
819 174.58580302416647
820 175.05846364690012
821 176.94677780839825
822 179.79031318427863
823 178.44832832288662
824 178.86622267086864
825 175.47963242731618
826 174.11221312758605
827 172.66149395663763
828 173.48238150870725
829 175.121302933089
830 176.01696953757258
831 177.00471740574693
832 176.33480459947845
833 170.9267022042204
834 171.92742013185395
835 171.96164650316297
836 170.15290396842164
837 171.78591949522254
838 175.67618003982807
839 177.5264266954974
840 176.69038645301265
841 176.7638866346579
842 171.076787115182
843 168.13669385620105
844 166.6761603221129
845 165.80127070049141
846 166.4830733375584
847 165.37333564542251
848 167.2413733394884
849 166.15282917918418
850 165.04851479156562
851 164.19839772928808
852 159.95224383044743
853 158.2583999323483
854 159.81233241464477
855 157.50967018608858
856 157.75241832726056
857 157.15459113216775
858 154.70155950906192
859 156.1821109752279
860 156.24059651290838
861 160.85706105971462
862 159.65475245468096
863 158.9874397910341
864 161.2145026694462
865 163.82690053882297
866 163.68679071343342
867 160.83354870531434
868 164.09640273293974
869 165.53126306253637
870 168.2832349753863
871 167.8179015787126
872 168.00051209421846
873 166.4069033215194
874 166.4525061166965
875 170.83207384759783
876 173.68283593475567
877 176.25716075168452
878 175.85660770906577
879 174.54668509634897
880 169.81967542965137
881 169.4035681171291
882 167.56215633680807
883 166.93246193948912
884 169.67849752225794
885 166.12260001660906
886 170.30205756648039
887 168.81936375556165
888 167.28772269443058
889 166.39048210231692
890 161.22147965331797
891 163.93764131721466
892 160.91215720044846
893 161.40149195231896
894 159.82314609640628
895 158.47030457174972
896 158.85410817154496
897 159.2734957422239
898 163.51098222125546
899 162.2446798298012
900 163.55419066484998
901 165.09724418018664
902 166.5840224433958
903 166.2992475209007
904 164.94257479562847
905 170.7130901004883
906 171.52635128297325
907 174.74677341667444
908 173.55150133711402
909 171.57412129176407
910 173.31857717326707
911 171.6901534441069
912 170.00855448028196
913 171.03972283925646
914 167.8190806695852
915 168.82043876984105
916 170.39479969667994
917 169.8692423591358
918 170.93475910227593
919 172.01961035599408
920 175.03672597066165
921 173.79454973827143
922 174.36230257925638
923 173.25035039727535
924 174.22943709758846
925 173.03361077128142
926 172.98894974261296
927 172.3455128099521
928 175.0536228428982
929 174.62090499594618
930 173.5638681218306
931 174.50057258189273
932 176.65711236248774
933 174.71399511041975
934 172.42396186505573
935 173.12884292421248
936 174.47930349624482
937 174.4762101994744
938 175.10164573536
939 173.74515837444508
940 171.328586000741
941 169.97540235092453
942 168.7824189929198
943 164.82732671698145
944 162.9618969953222
945 164.64416844626655
946 164.80178179854715
947 166.36346034658908
948 169.21293802776827
949 169.6135218976538
950 170.22831879631119
951 171.0886157832444
952 172.26243282065465
953 169.25286772770232
954 168.99860067362354
955 169.1522437481822
956 170.2178265391233
957 168.14938301232948
958 170.93946818768615
959 170.09034920368765
960 168.56054826948534
961 168.04216429933433
962 171.63670423850243
963 170.21563376548536
964 168.86575541049672
965 169.8295339245155
966 165.68977809448708
967 165.64985733562276
968 167.15187871380968
969 168.03341922769374
970 165.46477653456913
971 165.39069547676758
972 170.0435334010447
973 169.45833400787916
974 169.04341837736942
975 170.8066609277171
976 168.8115518987902
977 172.90275850178506
978 171.4492890739617
979 172.90917741557598
980 172.17546719799003
981 173.69793948254855
982 170.90519865863214
983 170.62337998559371
984 162.82358811531387
985 164.45761816058325
986 164.38042286400048
987 168.41608747445025
988 170.0402034743769
989 168.62341689390655
990 167.39999606695343
991 162.1225298024406
992 165.8554636027867
993 168.0976198244777
994 170.00220602087236
995 166.2879048706758
996 167.3764085575334
997 169.46080161618156
998 169.936457913065
999 171.9077953178373
