# iteración promedio
0 930.4864406297205
1 925.534157625517
2 915.8686354485519
3 912.7382638830479
4 906.1034197069788
5 897.1057171221124
6 899.0850121670529
7 891.6903081434805
8 872.1107189566007
9 859.7004465829004
10 855.3240909173662
11 842.5812574061158
12 839.6658318567103
13 843.1959059998361
14 841.5603451789353
15 836.0164041646816
16 831.2374075954541
17 824.582085253773
18 813.7061459010126
19 804.8349496636494
20 790.5045374888597
21 785.5303335155497
22 778.278079570785
23 777.0677623099879
24 778.8404402537602
25 776.1076255451065
26 766.749015807355
27 754.9367693115535
28 751.7468429245881
29 743.595065139809
30 732.2165839733985
31 731.5690515175204
32 716.6475939589857
33 706.4332055738481
34 698.1731021236593
35 686.4719174950146
36 686.2255783674087
37 684.1809355335753
38 674.714497361759
39 661.7946014981364
40 654.218632079605
41 648.5835126491476
42 646.9613005940287
43 639.7933048902167
44 637.1130212996867
45 633.8898755228541
46 632.6918466764474
47 624.5496494511203
48 616.5561174737892
49 617.6749517852229
50 607.2185880864489
51 603.1250141467524
52 598.6948759284586
53 604.1331884929201
54 600.6618028498923
55 606.0905897320824
56 607.488278971312
57 606.7136677837534
58 596.0201711416101
59 591.1362564699829
60 590.1565184999632
61 592.7469520613408
62 582.7012666263096
63 581.1648114789099
64 580.3264590037018
65 577.2498692180332
66 585.83722456484
67 581.8952115298526
68 575.4300058450118
69 567.7816448568634
70 566.2614793894381
71 558.2122105764153
72 556.8846693797555
73 554.7482791816674
74 550.3288651669227
75 544.5913036810788
76 533.4317876957311
77 533.8593766091119
78 520.4135864706843
79 523.607665593869
80 523.7866275628077
81 521.7931445860388
82 524.3799335270428
83 521.4679908496894
84 517.3924311331989
85 524.479882757855
86 523.0579507980204
87 523.1143577248249
88 520.1803132674685
89 524.6259210473959
90 520.1163814654119
91 512.3191013775762
92 508.65231323440815
93 507.7876008888091
94 511.2014035591845
95 512.8538506812567
96 504.8225042301544
97 503.91560667142335
98 498.2451297803566
99 496.469301518085
100 483.94617765429365
101 480.8014565192693
102 479.33360780282464
103 478.3554805338533
104 473.4023567117932
105 474.37903702957504
106 472.4370217509462
107 473.7988448028602
108 469.64631533953354
109 470.88651633907443
110 475.0622653110318
111 473.0779713944731
112 468.4679956685149
113 469.0062171351494
114 466.94986619081993
115 469.8452684724775
116 465.27224105384795
117 466.3016422449611
118 467.6864297073675
119 461.84266563570856
120 461.53848720371235
121 457.97539536570986
122 459.1257237191393
123 460.65880064691555
124 451.935524215153
125 445.9131455543256
126 442.0946742092889
127 439.2068239935632
128 437.4675645213206
129 435.48415428000794
130 427.5667167386823
131 421.6016181674908
132 419.35156796088233
133 419.3508671579698
134 416.62638446297314
135 414.51227791879865
136 414.099509723478
137 413.10457188172114
138 413.6118141657446
139 416.36488447484504
140 412.2980870814055
141 412.660742997322
142 417.0245087174522
143 414.36025533141395
144 417.069901757345
145 411.3677187186094
146 410.3645727767845
147 406.026447487742
148 404.50719061647266
149 400.6247722333785
150 394.5956482709178
151 391.95220549122996
152 389.49267430872317
153 387.7999588988974
154 386.9625502167817
155 387.56957202604565
156 391.3164746251064
157 390.1287818005641
158 387.25605439163496
159 387.53522190643446
160 384.28230849869766
161 379.4332902696549
162 380.66299168562676
163 379.1661498532969
164 378.03059271566036
165 375.65910042474457
166 374.5995009884856
167 373.94357212707115
168 376.8674442960183
169 376.9064566811935
170 372.1204225694106
171 370.6565431252465
172 364.4874756666243
173 373.8019528889531
174 372.9622235474822
175 365.674459064633
176 364.74134612922927
177 357.60099247957606
178 356.44418029043743
179 351.6305280332726
180 352.10924387359245
181 349.6467190679343
182 347.5306360177773
183 344.50209631086733
184 342.00339422586353
185 338.0504905103737
186 336.11690383996597
187 331.2055844197291
188 332.06771819555547
189 327.6860794850401
190 323.97785157850734
191 321.83012517093727
192 322.933480537251
193 317.0134231229194
194 315.28772087573924
195 310.6085135154048
196 309.43262336239394
197 307.4664587516299
198 304.1070634987285
199 303.1728037707121
200 306.09975584878043
201 303.5745729591262
202 302.4548767304449
203 296.8832555451878
204 296.72235132007444
205 297.94353736563113
206 297.2564432335295
207 296.1949198611331
208 291.3189274007371
209 293.8178693441462
210 292.7117498876008
211 294.60666541833046
212 289.8904643744694
213 287.95505461585054
214 286.3490066428603
215 281.3524233299246
216 283.7765396352121
217 279.7804576995005
218 281.66812670108106
219 276.3502455134232
220 279.3053139325428
221 281.5980413705357
222 283.46077898803355
223 281.9980893365235
224 283.39362277442353
225 282.9193147428809
226 279.4238992602324
227 279.0222662059417
228 282.7649758688385
229 281.09689558409633
230 280.1899318217314
231 279.8940012639925
232 279.0942456893736
233 278.85877292038606
234 278.84813781822953
235 276.2808881729846
236 275.3044557572562
237 274.34655301557376
238 275.0725180171088
239 273.573030671801
240 274.71984347302896
241 272.17380701493477
242 271.6390660579409
243 271.15617077353016
244 270.66349334081156
245 269.0169739765702
246 271.9918860042682
247 270.12059777558255
248 270.1158772021375
249 267.82761441551423
250 266.6310480592247
251 263.18774989452425
252 261.38260967832286
253 263.71630174640234
254 268.32776036505606
255 267.88960319808865
256 272.51202752825867
257 268.5698833886001
258 267.2496482356306
259 265.51041574614686
260 266.02776511334946
261 266.5642924785553
262 265.8539072534577
263 267.83818795436963
264 267.8450300573223
265 264.51974473024075
266 267.9562929752912
267 267.7487560488697
268 266.5118990987515
269 263.58609245924634
270 267.15169995555755
271 268.10641821435746
272 265.00435435780537
273 266.7332512601039
274 266.16479526443055
275 267.7939035698792
276 267.05449233347446
277 264.54155980291256
278 263.81485805192216
279 261.2981290234401
280 258.23859323798735
281 258.3636578357573
282 258.1973422445649
283 259.8272780853225
284 258.36011210449357
285 257.5901173049084
286 256.82852673236704
287 261.0883841348971
288 260.96657936040157
289 260.57597066368504
290 261.08908174329974
291 260.89634272670713
292 264.12628792063117
293 264.6392612109415
294 261.90804896513833
295 259.2780009474164
296 261.1317244984001
297 262.3456275232791
298 260.65549015096786
299 260.5508188302386
300 258.0217252986951
301 257.8166072547665
302 258.4046730697799
303 256.46268377689273
304 255.67235451139305
305 257.99202742982243
306 257.8763460914205
307 258.42443196683394
308 261.5255971167133
309 264.33151410130796
310 268.30038371625454
311 265.2805917383783
312 264.3362717711761
313 264.28941774498077
314 268.1298512020736
315 265.44502380768523
316 263.34608756009
317 270.2655106651236
318 268.4954294357
319 272.28814912706616
320 269.64594854860445
321 264.601848553528
322 259.57253698737287
323 257.9679371978405
324 258.4436781551316
325 257.13270330911786
326 254.80235011295773
327 254.41418783936743
328 252.87063694050696
329 253.32233060118392
330 254.24920739269356
331 255.62004867132774
332 252.83596836203816
333 253.88573098201886
334 255.5834028605888
335 254.23509018730135
336 257.0195340124733
337 254.03749541908928
338 252.60057835479583
339 250.6698967110131
340 249.9309947249351
341 252.8488347655574
342 252.43301878184766
343 251.55570412379382
344 250.18057715298465
345 253.5692871770963
346 250.557268010812
347 247.18690549224425
348 246.02840248519666
349 247.10657427473762
350 243.43481682991896
351 242.71947523100738
352 241.8302285832842
353 238.5047086498054
354 236.5282184255842
355 236.909277048063
356 235.77767990431263
357 235.32110046017985
358 237.764215757647
359 233.48051424365605
360 231.328454310266
361 234.37677354072434
362 232.56531920443635
363 231.71186617828099
364 234.49971085324103
365 232.73146478161664
366 229.7819843552532
367 227.41586424125683
368 227.61582397469618
369 226.84250937941727
370 224.6471849756937
371 223.2874600983442
372 223.36660477595288
373 228.74071170700384
374 228.02387032834412
375 230.1436830067114
376 233.5668998735993
377 230.9001794144133
378 228.72945024337733
379 226.96556897730366
380 230.25445562244946
381 227.20724203015718
382 226.4820833837748
383 231.116660986579
384 236.83992594391185
385 234.66908251886912
386 236.94156447638042
387 233.60702964622297
388 233.24697637875076
389 233.07073159159788
390 226.0394194319019
391 230.60691407989825
392 229.1131646027108
393 226.64687832303912
394 228.30901218567817
395 225.49630580814036
396 226.3685268573623
397 225.47184835999622
398 225.71443918516698
399 226.9874293910879
400 224.25714940618747
401 226.4150909418672
402 224.64706588934703
403 224.11474342220959
404 222.45425479142006
405 221.52082869816115
406 223.53751125700512
407 225.73972972073415
408 224.15708540223088
409 224.45365532332173
410 225.76514852660262
411 227.44549214423034
412 224.60120476092584
413 229.37015431476138
414 230.79307729517836
415 233.53504241355074
416 231.7887994050778
417 228.93899884994434
418 230.03418010079977
419 226.49857872195014
420 224.75073511363635
421 223.81131738399716
422 222.15912767165938
423 224.73899590749127
424 229.81120457497997
425 231.87430852702622
426 230.8539199879962
427 230.4780872903689
428 224.9123101225888
429 227.24553271623768
430 228.5256300232129
431 224.86780385039205
432 225.07411533298446
433 224.92785239758814
434 223.1214535983672
435 225.62843199336697
436 225.243080077219
437 222.28907214368974
438 225.15602342959588
439 226.47917471521484
440 231.86519115850675
441 232.45069650577668
442 231.74667607944994
443 229.11901899393226
444 232.61173776764568
445 232.62631700693825
446 232.88715707971508
447 233.75539516538066
448 232.71384159643267
449 232.17788951825074
450 232.7466864960406
451 233.40956993635865
452 231.39258373018689
453 230.106614527094
454 226.75869358636427
455 228.21399154574155
456 232.98136838191252
457 234.1029246781102
458 233.1062813795592
459 234.89764582882333
460 236.0727903094778
461 231.58631286776554
462 230.7594751379463
463 232.24271264963352
464 232.49932418316854
465 232.56052073828084
466 232.78050274789993
467 236.05881509947258
468 232.19565767887565
469 235.46096215426638
470 233.71763568825995
471 229.9353636850957
472 228.38409003016127
473 227.92797794955612
474 225.42833426432094
475 225.13488670841036
476 227.2522345374731
477 231.9369835409689
478 229.00729252083963
479 228.19835442083308
480 229.87609130965473
481 233.46445375671811
482 228.75554214484956
483 229.78386519868428
484 232.1976211829468
485 234.93590655461065
486 240.60437436543697
487 239.1840891161029
488 241.8576411606932
489 238.1553281007463
490 239.70142836738444
491 239.91057215323562
492 237.67994254959817
493 236.82298303380742
494 240.17185274541424
495 238.06367730151277
496 231.48288127806882
497 226.93467659490113
498 227.68535086128963
499 230.67096418043135
500 226.89593301320895
501 227.96869375818963
502 229.64826869260818
503 228.7954275036584
504 230.86237242015483
505 230.8939583245875
506 230.8775477536258
507 228.6888586299327
508 230.715342691556
509 227.59158222137822
510 228.23002502904126
511 227.5890157946778
512 226.4027898816278
513 226.65906739803575
514 228.98690028138498
515 228.31255239893667
516 229.0424563377354
517 225.5021478845924
518 224.95355773486682
519 219.9627641840823
520 218.3590443805241
521 219.23541118525398
522 218.66478414036322
523 219.07747684844148
524 217.06292647021488
525 215.1352304013946
526 214.7436118873576
527 213.8294620966746
528 210.9737017656297
529 212.50351543112825
530 212.15301320961512
531 213.78526214568788
532 214.33101785543698
533 212.95316009563885
534 211.1493525359833
535 212.59970535882712
536 211.59923981358068
537 211.39124678980934
538 211.16099682848827
539 208.77435443047915
540 205.84544778235784
541 205.1534926629419
542 206.80960319499786
543 207.1333749260405
544 211.8086635897247
545 214.22377935742495
546 216.3821820702671
547 211.79083681763004
548 217.87734315060712
549 214.85124609555947
550 216.12785639979253
551 216.8641764752712
552 214.2226575779545
553 218.66263314769247
554 220.96847835461398
555 223.21645775451398
556 224.6663993157346
557 225.08483680290595
558 225.95609986520117
559 224.109023453589
560 219.07354859879385
561 220.07551535904747
562 222.1628330041159
563 224.18160354681078
564 225.36134323270093
565 224.38044406636868
566 224.5968689290403
567 224.26739273945904
568 223.23297343290847
569 225.2384028305412
570 227.31778936462095
571 230.4116137155944
572 226.63141984782982
573 226.7801536807701
574 232.82134128832698
575 233.96973872456235
576 238.26524861711385
577 238.38841703113494
578 238.9967717663025
579 236.56196579234896
580 234.696783010419
581 234.31053911454063
582 230.10086329953347
583 228.9792372920688
584 231.25426307740915
585 231.36293416937625
586 232.15620851342246
587 233.0906168934102
588 231.9308718455582
589 230.58823953323764
590 226.65737383989307
591 224.65546712641978
592 225.39766018514646
593 224.77719354954414
594 226.41445507835016
595 223.7535385508463
596 220.74581390090748
597 222.4056047265698
598 221.9308193474426
599 222.0531675426871
600 222.4975517396272
601 220.23226388255927
602 219.625392217359
603 216.67117331096156
604 216.61279319518752
605 220.02864722253278
606 223.73454770853124
607 221.60714675492025
608 223.0326186131779
609 221.74540927670031
610 223.15455368706253
611 222.24917100372153
612 219.48101486917497
613 221.27509446210897
614 220.15735974198088
615 220.4244265175365
616 216.68324437454106
617 216.3819925695271
618 218.57437259537448
619 218.745029563375
620 215.66134625724234
621 213.2676041299037
622 216.54502297399708
623 216.88705981882063
624 218.89931954476108
625 216.47650334810183
626 218.75580413329638
627 217.63149798598715
628 212.0396314037512
629 211.2063009330794
630 209.4217624611661
631 204.4082517697017
632 202.89687900978421
633 204.57110632220025
634 202.36143994133897
635 206.21649166620085
636 207.27234697266158
637 206.1272706398086
638 204.92706166577133
639 209.76957479794535
640 206.69471197040514
641 209.2028526011578
642 210.33364061544543
643 212.4471552630239
644 210.79873306652107
645 208.1900829385509
646 211.2493917074396
647 208.06609799102935
648 207.9072483501912
649 209.78582494647154
650 211.61316627518738
651 206.448726102016
652 206.50613551999595
653 205.63868738841586
654 206.55072850614945
655 208.35056439220935
656 205.1780471212149
657 207.28662111227294
658 207.92219696600077
659 205.60375602451816
660 204.26980542963037
661 206.54305526101555
662 205.70014965866835
663 206.59971488936236
664 207.40045910710262
665 206.27289785515094
666 206.8203698838285
667 207.06775080957132
668 207.38984759439782
669 206.68261698816764
670 204.0015462093671
671 204.16139456450372
672 205.98245940354988
673 203.83925692095602
674 202.92181473776824
675 202.29283097886722
676 205.70406997468422
677 208.10722543919582
678 207.3220746325177
679 208.32772775153836
680 206.85921955059032
681 208.9590640209102
682 208.6339818566036
683 204.30371553637167
684 204.39742498107114
685 202.47826886644964
686 206.77699156472988
687 206.029017892806
688 206.55148278680412
689 204.0071920990421
690 206.05302728791037
691 207.18895540306013
692 210.29568320350236
693 210.73425639617562
694 212.86554757506542
695 214.22841634231634
696 214.83612911095287
697 217.38108697391294
698 214.55480116490122
699 211.7636781475275
700 208.68465583272
701 207.04721249020938
702 207.78117917056795
703 207.69420987219138
704 210.08072244347335
705 210.4823303536803
706 210.64773914285976
707 207.13373372469266
708 208.36228268696593
709 209.56953212416937
710 208.07680882903412
711 213.06721399596444
712 213.52262717462006
713 209.57026365363683
714 210.8409023809253
715 213.63477192784484
716 214.2178888468005
717 214.06999234199222
718 213.91780910330817
719 215.68444388539214
720 218.11356892555884
721 216.4260816112554
722 214.84404754688003
723 211.9878480953408
724 211.0229336328934
725 210.60196105761455
726 205.50730953523126
727 205.3470504615356
728 205.34600567384442
729 206.15453592001631
730 208.12200620813587
731 207.34040416394689
732 205.31817988975712
733 206.72476998567944
734 205.14136435013862
735 205.3297377350901
736 205.50197833400605
737 206.81021094506022
738 205.83250671804456
739 205.58317143167255
740 207.2679229895039
741 205.40829350580486
742 203.74959754720732
743 204.60508136950443
744 208.05736094913374
745 208.52174783939884
746 205.53546952815668
747 206.01896143962415
748 207.30583656539568
749 205.78286995374143
750 205.20383784528968
751 208.31392761449118
752 207.4076743656604
753 210.20694143344284
754 214.04578787010357
755 221.75767165260262
756 220.50999524862576
757 216.57532072378135
758 210.78326958902318
759 211.84493609592678
760 209.70208743082276
761 208.58771466418798
762 211.22912296844453
763 205.03047723266923
764 202.95254727541163
765 203.50275228625296
766 199.21468675668265
767 199.49821528818978
768 203.37467619323377
769 202.40500077853451
770 206.62519286023064
771 205.38920620314738
772 208.35911224631033
773 205.5174070288129
774 206.12057903996237
775 207.5975293679607
776 207.99367882744784
777 203.16602429770865
778 203.94099780981023
779 206.28990121870604
780 204.68290532134358
781 207.776204618985
782 206.53607025616097
783 204.3245845484297
784 202.6620258166388
785 200.89000656357854
786 200.07954523551066
787 202.9791564660229
788 205.73492665626955
789 206.601149050014
790 207.886754423838
791 209.48646239119654
792 207.87872913366763
793 203.97463908847246
794 206.8842182051881
795 209.2992161275965
796 206.8736609728712
797 208.74406962824335
798 206.81316292851946
799 206.30382753854315
800 209.73983297400147
801 210.59418489123425
802 207.75903405489277
803 206.467160704327
804 207.62067462198752
805 201.65869142017016
806 204.4345831447693
807 202.83511957827182
808 202.3692675399452
809 201.5857051567663
810 199.64070527602246
811 197.29617829657442
812 195.7790761284467
813 191.1111523314576
814 190.5203093208698
815 189.28561643540644
816 185.41089272565324
817 183.04608905933415
818 182.13226129854056
819 181.79042029952026
820 181.4467008444443
821 180.77188776683087
822 178.83010223840108
823 179.63819638805109
824 184.96980087044852
825 182.6501190389421
826 182.56622555135792
827 186.39488986492725
828 182.2469179032426
829 180.4734056825516
830 180.61965129773293
831 181.21780843995774
832 186.0728322957049
833 185.20017820830736
834 188.132741855763
835 187.48027989948207
836 186.6097581900019
837 180.17025132538274
838 181.04733909518956
839 179.69300846464947
840 175.46073856141876
841 173.09376919097795
842 174.75630834701974
843 172.15053392987332
844 175.38005291144634
845 176.28773523679376
846 175.01167345699753
847 174.95483435350607
848 175.85894905306904
849 170.4961048470859
850 176.3399294122852
851 174.41610782521212
852 176.16956993665036
853 177.3248812545285
854 175.15991224293015
855 176.28431941640503
856 180.18920586869288
857 182.1410939038473
858 179.7906982554905
859 176.78886779903343
860 176.8915395645695
861 177.56287004180047
862 177.61929138995768
863 176.46742032608643
864 175.81824451135097
865 178.1866656986297
866 179.10896108943834
867 180.0884158719935
868 177.9430224719502
869 176.581760193744
870 180.16823193844303
871 182.0305478783969
872 187.1138363802924
873 187.65158772977043
874 189.59794112114523
875 187.50953481885318
876 189.64716661888622
877 189.08466322378314
878 189.53321920443733
879 192.24231641145772
880 191.39676389205542
881 195.47597185377134
882 193.93580435514548
883 192.2508995036348
884 190.68320004486782
885 187.6723999373909
886 185.63868095630477
887 183.66164067261627
888 186.4335908880617
889 187.50007875060558
890 189.80078141659556
891 185.34373718669124
892 187.73173320536117
893 188.0847651432791
894 189.68157242710532
895 189.48571343800972
896 194.95186732342924
897 195.93470900082727
898 196.32406142425566
899 194.02712855093722
900 195.9866274273926
901 193.3553876180947
902 194.08519839974775
903 192.60294728294784
904 190.9876958872841
905 186.75957352873175
906 185.6225955426693
907 186.634752672171
908 188.6341113822052
909 185.09737949670063
910 180.19177835870443
911 183.59299215907222
912 179.7899418871243
913 182.3195481358856
914 182.83674685966002
915 182.469182059581
916 185.12450894848254
917 180.27039658749342
918 179.16481783410254
919 174.4918309930936
920 180.73071296191608
921 181.34685079738773
922 182.97304000911365
923 188.43682265968232
924 188.9745381209815
925 186.8755956712429
926 185.56647249193418
927 188.64806869394917
928 181.42937860566025
929 178.9189472672905
930 180.15235939892747
931 181.50936733155507
932 181.5975120002167
933 180.8778505418669
934 183.46946145303005
935 185.88672568643753
936 184.0481614725769
937 180.22612192611695
938 179.13627578205922
939 181.54384024102276
940 182.46071807274768
941 183.73800569732768
942 180.2599526850597
943 178.43784484567516
944 175.50054194182877
945 175.03167919128109
946 177.05608021637875
947 179.306990938624
948 178.6604397773221
949 179.77273263186638
950 178.49255718602114
951 178.49007383753863
952 177.57989380220883
953 178.3038695834117
954 180.8619957041825
955 186.56677423359565
956 189.82080142820143
957 187.1611141851508
958 185.91553606491314
959 182.63240385501143
960 183.4861425390551
961 182.22752549505313
962 181.24965753227423
963 181.91620004008186
964 184.84130956234443
965 183.26824209192887
966 179.0661579922171
967 178.79185923598436
968 175.4657215603308
969 176.36488125579135
970 167.27884296353812
971 166.2115981043292
972 168.3244270615351
973 167.15004117073124
974 166.55387986339542
975 169.260508338283
976 174.26402340723777
977 175.42002996779922
978 177.24528243860058
979 180.4165008022345
980 179.70059744774375
981 181.17959396764118
982 185.41888620103637
983 181.11059554727174
984 183.22169365609227
985 183.42114117292206
986 184.3695461049503
987 183.74871463394274
988 184.01895459527177
989 184.95692460424297
990 184.63599195200666
991 184.28889884288918
992 181.49645911530936
993 179.24865316086806
994 182.66618875293952
995 178.87149888952274
996 179.57821404740312
997 181.10394303428296
998 180.13281777867508
999 180.05491867644167
