# iteración promedio
0 919.3377400215224
1 917.3037954193205
2 910.3108888597556
3 892.560426808519
4 886.597898740923
5 881.5919170454354
6 884.6956635491417
7 878.2705854390629
8 874.6226162614614
9 865.8474553037921
10 859.5777045707313
11 854.722457824174
12 843.0825534054551
13 843.65044296469
14 839.4850306865955
15 820.9195558100212
16 818.109292850217
17 824.6273927295022
18 815.4175203553478
19 806.5364053851818
20 791.1694515683355
21 790.3993183578921
22 784.3721939205675
23 783.24348439532
24 767.9692823899933
25 769.3816345720489
26 768.4901777268767
27 764.2074398217919
28 761.8398089872172
29 759.366015024924
30 757.5029175026524
31 753.3797143610117
32 751.2483780978296
33 741.5305750092491
34 741.5291138500882
35 737.0785173434399
36 731.2777579897919
37 720.4792878205704
38 715.091527921444
39 710.8375538033386
40 709.3163582316126
41 701.2742138732573
42 695.4014478364062
43 684.5389007980688
44 687.0948611907834
45 686.7594516550053
46 682.4206384110425
47 674.7797157778871
48 673.8656794617066
49 674.925708208656
50 666.6409266143902
51 661.465461410253
52 658.6778917732654
53 653.8053291181566
54 651.288194113285
55 646.5414265032147
56 641.4457167297556
57 640.5005326900673
58 637.9207988988178
59 633.6982782164106
60 623.7383210357567
61 626.0045615573864
62 619.6449691115268
63 613.5033027283539
64 614.5139852759025
65 613.1632037262775
66 609.5840412902879
67 610.6859673203824
68 614.2355492642116
69 603.0745714557241
70 602.2372205129892
71 601.3228348951726
72 591.120408057378
73 587.8386123376704
74 590.0898564313043
75 585.9873483079234
76 585.3792631823452
77 580.050123452998
78 579.1988752939772
79 574.5904118261458
80 577.6377588276255
81 578.4350118615815
82 569.7333517507687
83 571.8268572991003
84 575.9035513349271
85 570.0846016899962
86 567.8380645872253
87 561.9419557945757
88 565.9879211706107
89 557.870495694279
90 547.9688491256939
91 548.7702897995949
92 542.7430855850685
93 542.6016952826359
94 536.9290441582139
95 534.3874668111079
96 532.8040658505414
97 523.3463813809809
98 519.4425902258891
99 520.2439462471631
100 521.8432128219224
101 523.6620958573817
102 519.1109625068274
103 517.493327067668
104 513.2358471684457
105 507.07110417405784
106 506.7243087291327
107 506.52504568698237
108 504.1993916068266
109 504.2434687554589
110 502.69589051059944
111 495.72643511333774
112 495.99283127469664
113 491.14123486248116
114 485.5426286399893
115 485.7671016862958
116 485.6006529914371
117 481.9298686372165
118 479.4956026929092
119 473.85213003770724
120 467.54865249923586
121 464.74848551382473
122 459.0379799786165
123 455.810016492803
124 455.2474125310686
125 453.9429597425205
126 458.9114971295696
127 455.61650436049945
128 452.8109110110558
129 448.47630204871757
130 450.5922914010103
131 447.9199889519161
132 445.8780792163432
133 442.9879923354667
134 434.3206432261159
135 440.0929623417781
136 436.6697977497426
137 438.66029120440237
138 437.8272769628452
139 431.9392792300464
140 432.554095467406
141 432.15688551827907
142 431.8778462367658
143 431.96531328708886
144 427.4329080349947
145 424.0631859394257
146 420.42689683635064
147 419.71657653818954
148 419.91108020876476
149 415.1747339702713
150 416.44651994309936
151 416.30972787255524
152 412.82584311195404
153 414.64670164725067
154 414.29981218155984
155 409.8876395399244
156 410.5995186527462
157 409.5689502147972
158 414.5961667784855
159 409.89849191717144
160 405.69171386919334
161 397.9480528706463
162 399.3183367711474
163 394.4306251188771
164 391.2419410729859
165 392.02491961725997
166 391.43829586790065
167 391.33226002594324
168 391.0895789032887
169 392.73708611427753
170 391.10364435182856
171 387.8500325864874
172 387.5780560322281
173 384.7023164852217
174 387.43258472303927
175 386.46806570031987
176 382.98031925112065
177 380.940993952423
178 383.7605246801179
179 382.1224956010747
180 380.9113254259893
181 378.6305028781295
182 377.50806961052564
183 378.8300169834749
184 382.2726027414521
185 383.83640514699977
186 384.33990777857974
187 379.77738380406925
188 380.7899819886229
189 383.9366111074059
190 382.7606606588747
191 382.12610090475164
192 380.830922434026
193 383.7312170882727
194 382.2538641479148
195 376.82824007695257
196 376.4391421072131
197 376.2437739748173
198 375.2586925848816
199 375.0326999380488
200 371.60764040067477
201 369.84264207646777
202 369.21167327484443
203 367.64018611129256
204 365.20564221664523
205 364.3697001890385
206 362.00073594744237
207 359.0233434401439
208 354.19882224669834
209 356.47983534564514
210 355.94533225872715
211 350.1937721565708
212 354.47302106668104
213 356.85289690126274
214 357.34846336693624
215 360.96041852420996
216 360.8283558418942
217 355.9043910053461
218 354.3057792509343
219 350.94320243715265
220 345.98831487809
221 343.58876024195325
222 348.6763641980842
223 351.84293196891775
224 351.78039134859995
225 348.90788381007206
226 344.5834679173462
227 343.73535972391574
228 339.5905317968886
229 335.9602806162831
230 336.3188087879751
231 336.2503743482936
232 334.00708608624876
233 328.8703848561597
234 331.8757140625302
235 333.6422963830665
236 329.0108220561296
237 334.97597609850806
238 334.61756498793716
239 338.1396943744494
240 332.71206113244074
241 329.1715249123713
242 327.6292473275084
243 332.0447196669195
244 328.48332776384376
245 322.2998299689169
246 322.04804938980413
247 323.450349439477
248 322.47053401464467
249 319.91972452924324
250 321.84356390201015
251 321.1953555654911
252 321.9715553925592
253 321.7449521004548
254 317.7005892692104
255 317.192901954584
256 318.3044014673203
257 321.09286126031907
258 322.03793277331204
259 322.10147271743955
260 319.0202738321219
261 315.2706832431245
262 311.15538804625197
263 315.26539618831293
264 311.49508178224437
265 310.7456428320682
266 309.01341599268
267 308.7917010997984
268 305.92091896314446
269 305.74034248431025
270 303.80101390890263
271 302.9449215598193
272 303.841456930776
273 305.880650310709
274 305.85514235135616
275 306.34013531955134
276 306.14216564547985
277 307.86651253603605
278 311.20546811523013
279 308.3088301643084
280 311.292878452681
281 311.55174617802174
282 310.45457255798954
283 309.8086927474071
284 309.8532976849319
285 313.3852406017055
286 310.88585593681915
287 308.9456378253349
288 311.3804138242903
289 307.7033253270434
290 303.04922291460775
291 304.8347573283437
292 307.22243335326954
293 310.1458184193056
294 311.2179127499065
295 311.36345647083556
296 309.37680740309753
297 310.80474309421845
298 313.1495536406474
299 315.67853408249647
300 310.37768035871204
301 318.6322087637152
302 318.10702894082607
303 315.2875881791002
304 314.50545956702825
305 317.69292188089355
306 313.29363527782635
307 312.34467453136153
308 308.0947503261043
309 309.75555328949946
310 308.3022451218939
311 309.75227098239424
312 312.3575460856411
313 313.07142355403903
314 314.9005559280102
315 316.7559617978371
316 312.63839165780666
317 313.7262412329669
318 309.78533331326236
319 311.3658708794948
320 315.9215910137213
321 307.34558234286874
322 300.12350651755884
323 298.4122490808611
324 297.8033623780424
325 292.176132583863
326 291.84295401730503
327 291.1913073761645
328 289.6903845441814
329 287.73004354685725
330 289.5532416327345
331 284.44855274498843
332 287.22570545325584
333 281.26146189378113
334 281.3609370184136
335 283.6538763091018
336 284.60080468422603
337 281.2624028255594
338 285.27489116323414
339 285.05128905193527
340 279.8580719418958
341 278.5507717654711
342 273.17218705191976
343 273.2312928737499
344 275.2582580472906
345 274.40428575765003
346 270.5173026183725
347 268.87632950124305
348 271.9465514654116
349 273.13201309628687
350 271.3108786063159
351 271.28444082386767
352 272.83605669459513
353 273.23964130616014
354 273.2859346583856
355 276.2742068264387
356 279.15430302335835
357 276.98454658479363
358 277.3476780419784
359 277.9283765465981
360 276.0045903094565
361 274.5302572068884
362 279.57071578843073
363 273.87123733519866
364 275.47358470887116
365 274.72525254569877
366 275.8676773427781
367 276.6228376802628
368 275.8568406173556
369 270.7362164519768
370 268.1089089476554
371 267.73194164070827
372 266.3783828158624
373 264.55690036882214
374 265.3563291305205
375 264.13915546529915
376 261.2967357989714
377 260.3051195560825
378 258.8113870684812
379 254.04294305204678
380 255.39539430129165
381 251.34838195259033
382 252.49076700022465
383 253.03517751796736
384 257.877186053118
385 259.88077168467515
386 260.47960296919774
387 261.3394294110053
388 258.3787002861916
389 255.19250861431618
390 252.48462505117902
391 253.7336238092559
392 254.8306040986414
393 252.11650243052983
394 248.54562524178786
395 247.0883439069752
396 249.4605480256161
397 250.41547381104292
398 246.27131085157126
399 246.79895061659315
400 246.3873572329809
401 247.21692673433944
402 245.43900924018013
403 245.3347629570898
404 245.78262630469033
405 246.73134875877938
406 243.98182248750825
407 244.2197226714179
408 243.62659784896138
409 242.66775082857671
410 242.5333249531115
411 238.33099481493136
412 238.8469368445498
413 238.3189767067416
414 239.2712085508545
415 237.241264322077
416 238.06761570969033
417 236.20225138445323
418 238.93807025176392
419 238.9579725825746
420 243.69374780773316
421 242.26571564145976
422 242.64465135863102
423 241.02657819846016
424 240.29547296785168
425 235.68790671221555
426 233.17209117888143
427 234.33872033144607
428 234.57921228083552
429 233.228023741638
430 232.43608959786346
431 232.97737071067095
432 229.4224505170036
433 223.7688419221522
434 226.01020553876995
435 225.47659066066356
436 227.53424049685032
437 230.63336643389704
438 232.8986561795304
439 234.55455994835836
440 240.50612164549287
441 243.87743577664628
442 244.31069110749343
443 242.95395288289325
444 238.76968829845956
445 237.60328583077478
446 238.44706642864108
447 237.3372843337472
448 236.60335007469075
449 237.09093625893672
450 236.56799317579262
451 235.99169135651928
452 235.9333850329884
453 235.75488488199713
454 236.51637478052172
455 237.31192583739724
456 233.97736295641963
457 233.724794311799
458 230.81133667755202
459 232.53813607185023
460 232.2347388774946
461 229.3276747389906
462 227.7411550748268
463 228.46686856765115
464 224.35162875538893
465 222.2363212321955
466 224.6740173799208
467 223.06372596978508
468 223.22445284774886
469 221.07042331948222
470 216.8165311704344
471 219.09617843893622
472 216.03687960867552
473 216.48286691712744
474 211.75252547728104
475 211.62380984937576
476 206.20073721116495
477 208.5535852287242
478 208.53816911374724
479 212.0137670412869
480 208.88927152284643
481 207.1972061313937
482 207.47714167365146
483 204.5459210391365
484 206.67377668581423
485 200.34119949815278
486 199.25919818424444
487 199.13412503105553
488 199.6846931667823
489 201.64456479137178
490 201.12038823985674
491 199.67305149475536
492 198.03884052615624
493 194.76854147323752
494 196.16907468229252
495 195.47910602296923
496 196.7580191809312
497 197.67344981454227
498 197.9050813691287
499 196.5104017812858
500 197.48032448067897
501 199.1465879074748
502 201.1914738203341
503 200.79713138391685
504 198.2581112387744
505 198.53220995406394
506 199.4333543127641
507 199.6987049513128
508 202.02763799036688
509 200.47298597441267
510 198.85977985706919
511 201.79038905027025
512 200.19712819171573
513 198.96525159808095
514 202.57106649777043
515 204.15261046394923
516 201.07155314006047
517 199.84121829355703
518 198.5736913727816
519 197.84561303159342
520 192.9902858639957
521 191.20063132903212
522 191.3721808600063
523 192.92541309748572
524 193.50490630108882
525 195.92050951770645
526 195.84284543836765
527 193.50544952630156
528 193.96310411100504
529 193.5212370635941
530 192.59233019497032
531 195.74343615942226
532 197.22397729754422
533 200.4388561652776
534 200.44859739953048
535 197.22300362881867
536 195.9860521859069
537 195.519727037503
538 190.7584264621771
539 191.88609897429444
540 192.81840272262718
541 189.7999977741275
542 185.86307406764058
543 186.98990851523575
544 188.60966434784575
545 187.89279907483456
546 188.04161217721628
547 186.75032553083005
548 187.66636295791767
549 187.88572423659858
550 190.178749891014
551 190.28355930938451
552 189.42817932423256
553 191.24630507908216
554 188.52332905440448
555 190.94997599499106
556 191.4118529213993
557 190.6304057030129
558 186.85879704134717
559 187.8688564775944
560 186.05542736784898
561 187.59711231219987
562 189.81855184620377
563 185.69899214200726
564 186.47374985763642
565 188.21871853755792
566 187.40858777489885
567 186.86235633348798
568 182.22858232979425
569 180.85313511041014
570 178.1667157950669
571 179.5349155830372
572 183.75619978702633
573 182.09736202502066
574 182.45073367257467
575 178.25254692181537
576 178.03313437701763
577 181.35201610332703
578 182.23139515213686
579 183.8343285347911
580 182.07954446111034
581 179.1883732642533
582 174.93137598830396
583 173.3020634238578
584 172.37864419860875
585 178.8414089067011
586 174.62995750362424
587 171.89282808723365
588 170.01852810042237
589 170.26999624285898
590 172.3048911396277
591 173.09107620003672
592 172.20654921997578
593 171.31320113963997
594 174.36589097986456
595 171.46375092662026
596 170.3241026299662
597 174.4069948358247
598 174.66548726895067
599 175.74462564392513
600 171.02046700783376
601 169.49839453720662
602 166.9659427043172
603 166.8285294743804
604 172.22513703480442
605 173.3797272807982
606 173.10801746327405
607 172.91757362527872
608 170.9853750588132
609 173.34611640414693
610 172.79482376721506
611 170.5271613728806
612 172.76449928581337
613 172.10852321263584
614 170.9123704658627
615 171.05427468500721
616 171.08717681590446
617 173.09063247822348
618 169.09547858312155
619 166.1478608238636
620 163.63610395391964
621 164.8924252150819
622 167.7774917214451
623 165.25884303768916
624 167.78238982489282
625 167.1985905775995
626 168.79651031962948
627 171.81127844053913
628 171.26376947836846
629 167.33425311284648
630 170.64333249674465
631 171.25160973156002
632 171.50970127489228
633 168.67163326511024
634 171.54609949106427
635 172.07227169995912
636 166.33115536960264
637 170.13561032161567
638 170.40572214673878
639 169.21514984820195
640 170.24652525419006
641 165.67404166581252
642 167.30013532936871
643 167.36879222549095
644 167.52976790243042
645 169.31057140930588
646 167.1542460960455
647 166.2960274929661
648 164.1054911070791
649 163.89381410479407
650 165.39870845797083
651 165.4894003061887
652 165.26001845916042
653 164.18663259249917
654 160.57856013026662
655 160.398116267511
656 158.4027177810866
657 157.90276826818052
658 158.42227856598487
659 158.5391103020454
660 156.35973198972673
661 154.2081896320347
662 152.56296112213832
663 152.84855139480672
664 154.29911177639772
665 154.72230070941302
666 153.5609032953418
667 156.1470038132195
668 154.17309147474418
669 156.9941595429189
670 160.3083019818597
671 159.01526889048776
672 156.5769577744396
673 154.67173371592446
674 155.53321880784225
675 156.928915099909
676 153.5587419361908
677 154.47953500842965
678 152.5306412048208
679 156.38211401099974
680 158.10056371218275
681 155.98746475709387
682 155.33777990189853
683 153.12488865232737
684 153.25831498287317
685 152.00369644031895
686 151.81136482213896
687 152.61293453703746
688 150.18944464278175
689 146.4079355919766
690 145.40174089804202
691 142.0015207018495
692 145.00120014983975
693 144.14430078423297
694 146.12871935664924
695 145.41243914111814
696 147.76278597674855
697 147.30124818790514
698 149.79139006929424
699 150.14709906468534
700 148.88451277610108
701 151.5302765925435
702 152.94949921673128
703 154.17954328265307
704 154.67925403451733
705 153.99269459528915
706 155.9098394102783
707 157.27165445819367
708 158.2865698544243
709 161.26156864786105
710 159.9167469296641
711 161.14978308545415
712 164.49045330383606
713 162.13829340847872
714 163.14759760017444
715 164.852985449026
716 162.66660582538725
717 163.51405371709666
718 165.71058102136888
719 162.0985838558005
720 161.8282938818097
721 163.02509791562193
722 162.5909217301445
723 163.55706992345102
724 162.20420668568676
725 161.52656006283996
726 162.70344040188823
727 163.45460929518975
728 165.25532671382842
729 169.28808319932207
730 171.00285951682443
731 167.34761350381126
732 160.50381944648672
733 158.85435515541232
734 160.95742577144085
735 158.87034104559606
736 153.74747728406513
737 154.67278149758525
738 158.59513367648205
739 160.34828706858644
740 158.90266160003978
741 155.58243842583147
742 153.9729957564218
743 154.9560893055089
744 154.328202549926
745 153.26009567728465
746 152.83624254561144
747 151.1378444281956
748 153.4925614495264
749 155.60435143568355
750 155.51403552564994
751 161.0650012310595
752 162.73255275688982
753 162.85553370792036
754 162.54996934161068
755 163.7622887394407
756 163.83026753470736
757 163.29832346457732
758 163.14510126384044
759 162.56140830464042
760 160.53526922447372
761 159.9345859412979
762 160.79511071523453
763 156.84539617558525
764 157.11917178719074
765 154.38696811198344
766 159.79557840000192
767 160.18540311315076
768 163.1816653197515
769 168.11256563682014
770 167.20269921227037
771 167.02398662686355
772 164.95789604834576
773 166.44393032642031
774 164.11759794728422
775 160.4230184089267
776 158.1580163149357
777 159.38070505757474
778 158.24393521941803
779 159.54527270942634
780 162.8654811444856
781 161.48327636014778
782 156.6632041609873
783 155.30286257421864
784 157.92270475246488
785 160.14942093950359
786 159.09759639996201
787 157.79095307492386
788 157.52202932358657
789 159.78612665328134
790 157.93950975717397
791 157.98440240325533
792 159.23063998747463
793 160.79794787352924
794 164.01907270267384
795 166.86114939308416
796 166.8783762923044
797 166.85313415187903
798 168.17867744711162
799 167.93496423191095
800 167.29078328399035
801 164.49932192503766
802 166.66190379049897
803 161.32075293407954
804 158.44072472782372
805 158.99893017986702
806 163.39010407420545
807 165.47543314361585
808 164.27451432259414
809 164.06380400698887
810 163.38851132327977
811 163.30227787666763
812 165.5618029780352
813 168.03535987663173
814 166.20354689117002
815 166.24588138409746
816 169.62445841775633
817 170.03346059162777
818 175.7117995161751
819 174.10539066128425
820 167.4295844792308
821 167.95283855914582
822 167.03071618012788
823 165.92772622391306
824 166.6562622821673
825 165.87879561930524
826 166.70061026343333
827 163.57928631335358
828 164.37641836829883
829 166.59644626599788
830 168.36144298728865
831 169.14387045136496
832 168.59349343689783
833 164.7457936760527
834 165.07397316393096
835 168.44529142495372
836 166.24111464741435
837 167.9209876323499
838 169.30910126936996
839 169.4806507675612
840 173.5799267048135
841 171.53692711432825
842 175.06766882814603
843 176.87002531878233
844 174.46600944269665
845 176.96647922732313
846 173.93582238221606
847 176.86722203939698
848 176.10334466816627
849 177.06314655116006
850 177.40419111636444
851 176.44816714994215
852 172.13242714579323
853 167.2945946931286
854 168.396902566998
855 167.94402949320374
856 166.19933671562373
857 164.80134107424212
858 165.6629365204592
859 170.0629007456303
860 171.56874001224952
861 168.00599886492503
862 171.38270512883975
863 172.49264101617027
864 172.98809424526496
865 172.04991615981479
866 171.93113508567293
867 171.56268364957216
868 169.64026105019408
869 168.776869859921
870 165.64996122754647
871 168.03463106380107
872 167.86582845538658
873 169.03963404017767
874 168.18884361374708
875 170.48467283679346
876 170.28682364666253
877 168.9331696568808
878 171.52210269016973
879 165.94768510845586
880 167.31217021893826
881 170.73439041058026
882 171.22223602835157
883 171.0726763830567
884 170.19037383086254
885 171.73022498339003
886 175.8880435311463
887 176.83404442579172
888 176.1446664610209
889 172.29487394633455
890 173.04847082849648
891 175.46066011286254
892 177.3475711909602
893 178.07917674576873
894 176.6493277867661
895 177.04538377742546
896 175.96799538888914
897 171.28898536250242
898 172.2956171270555
899 169.70617181857662
900 170.68186419601517
901 166.34308122060662
902 167.25532539019173
903 165.86241868616577
904 166.5084479010185
905 167.7253163341716
906 168.42018646540947
907 174.5828819524619
908 173.90322221070926
909 175.23956066001548
910 176.5721946372988
911 177.38374463550497
912 175.75133652237585
913 178.45595050122571
914 177.6678696631772
915 180.0678574721351
916 178.6524120607353
917 178.1391926689504
918 176.6800299470258
919 175.51500158781025
920 172.1232275685866
921 168.4141672200748
922 167.57572507917973
923 166.3251228122952
924 165.55400445800493
925 168.13099777770168
926 169.8201781031075
927 168.72766829495492
928 163.89281542532797
929 161.17737544026713
930 155.93853396787839
931 154.72536043046952
932 154.6573764707733
933 156.76859812194098
934 157.71524841471015
935 157.79932998845425
936 155.72514159274112
937 155.07087700778035
938 155.8106220026534
939 154.74456182264055
940 158.4819147147444
941 159.69409022146678
942 158.41665816459124
943 158.5668208465699
944 153.83790806008673
945 152.59810730219564
946 153.74756804813902
947 156.36060831858293
948 155.5344250123066
949 158.02436662301665
950 159.45383172875714
951 157.53663919983248
952 159.69869515698377
953 161.84048475306219
954 163.85310754547828
955 162.90289206357448
956 163.96493320145865
957 167.25887819035665
958 162.81474241891013
959 164.20094829910988
960 160.5277318707045
961 163.73452137614007
962 163.24429591006995
963 162.22805537598808
964 163.1650946805465
965 164.81177227511137
966 164.95413578434815
967 165.59763987702266
968 167.18426946181495
969 163.57377077558527
970 162.83884884014162
971 159.01958653980373
972 161.56220335094525
973 157.04336098461422
974 158.25685922745916
975 158.04181585084407
976 155.76798740823557
977 152.73422319936975
978 154.7736985603097
979 154.23690272555206
980 152.2803537299341
981 151.06926913645543
982 151.78975243598313
983 153.3264421505829
984 156.874662281035
985 157.77647726871533
986 159.27330279855695
987 161.26467267834423
988 158.51775146330675
989 157.98526431573498
990 158.3885132462231
991 162.1832365461859
992 159.80063629796012
993 158.94095414498463
994 159.79688187814952
995 161.27103922123584
996 157.4498340684032
997 160.23615284599856
998 156.72862574436454
999 157.9251672990936
