# iteración promedio
0 929.6028551277981
1 923.3529152289594
2 917.5772783359045
3 915.18825218851
4 910.6830333047282
5 916.9991549309141
6 917.6318413523745
7 913.9871756321091
8 906.8873719556435
9 906.7763594021053
10 899.8185010838241
11 889.0507546231532
12 881.2751169046682
13 885.0420358795824
14 875.9312358727988
15 864.9219263351072
16 860.2238257876692
17 851.7706181106466
18 837.5601344940811
19 828.3310562192369
20 824.3418513783414
21 823.4224026438269
22 824.1511512291592
23 827.5398052356552
24 823.0606107941499
25 815.1058996059703
26 814.8502539680557
27 812.6712470800907
28 806.5009194861119
29 799.0558007467695
30 798.0013159361453
31 786.5518001809457
32 790.0717987918287
33 782.9321010632807
34 786.1175113535312
35 781.3966001681235
36 773.2857759805238
37 768.9352499141122
38 766.768836264745
39 760.9627567194868
40 759.114735730585
41 760.285707829109
42 754.7844884008236
43 742.0517225633881
44 734.172447588736
45 721.1469844916354
46 719.1664413854439
47 711.9882141847495
48 706.0012793369989
49 699.6228827841625
50 698.0551353912614
51 690.0633224002817
52 678.6746581299494
53 681.1786856473145
54 673.5950461548296
55 671.3919818414932
56 665.414107699285
57 661.903714192199
58 658.5873835192871
59 659.8335232300996
60 653.6035733892437
61 651.312307045556
62 652.2943559928232
63 643.2746760845024
64 633.9535118643776
65 632.2565113764892
66 643.6070122712783
67 638.6172898660554
68 629.829858975479
69 627.7403942216217
70 621.9603771729489
71 616.6240770310026
72 612.1364349142372
73 611.0663869700574
74 610.1619671906952
75 611.3408145976514
76 599.2613693562248
77 596.1827774836084
78 593.4429287796276
79 585.8285027542155
80 581.2446158218405
81 581.2328765370859
82 574.1927625892193
83 573.0384307882591
84 576.354503253127
85 564.843467251028
86 567.4594077058058
87 563.0121115063515
88 558.8756513064868
89 556.0216973300825
90 549.5643187816509
91 546.2033277879827
92 538.7392063751339
93 541.2040093185506
94 540.4385460801731
95 535.4591683276553
96 531.6360775682389
97 527.661804659687
98 527.1907563799682
99 520.3303246694295
100 511.7253578177814
101 510.47695614208243
102 510.22624613805857
103 508.889786004753
104 506.40359413853787
105 505.5052163012463
106 500.4618613641728
107 499.2336870005367
108 493.3335651736979
109 491.4535477619101
110 484.3292323225896
111 487.0354705501273
112 486.1682500363521
113 484.1794275259508
114 479.5956129223497
115 480.6484792302909
116 483.50535833800035
117 486.38924934789446
118 483.8347555553565
119 477.36714983027247
120 473.7311354273795
121 470.45964648564996
122 469.00061048438306
123 468.7422338502529
124 459.7091002064178
125 460.85205198337377
126 457.6511568690784
127 460.0702269150546
128 455.98191015706357
129 450.81642499366905
130 451.336064644336
131 445.49497145654357
132 441.9625726514116
133 443.5866452476054
134 437.3788846491119
135 439.32916367307075
136 436.7201064197311
137 436.54616950232105
138 433.16333630027907
139 432.23193311302964
140 426.6534778577884
141 430.86761979977854
142 424.36807254871246
143 421.7737867187645
144 422.77672897867495
145 417.03288349445495
146 413.7129484191082
147 415.1684590240027
148 413.34437371790176
149 410.06786970875163
150 406.6165119156483
151 404.4210639932064
152 402.6424176576089
153 401.23362194511196
154 400.8971305038688
155 401.22478261831543
156 397.0271897993209
157 396.0403083383099
158 396.0361620943718
159 393.2788438718853
160 389.61290644121203
161 387.7240700707147
162 389.79396231862097
163 383.6961377107746
164 384.0379112285967
165 384.63062408461883
166 382.73786671751435
167 382.54538625749274
168 387.39798938007783
169 386.95993928020494
170 382.0192904728057
171 381.07983680522483
172 375.5012496834065
173 379.2206723010471
174 375.6947176559156
175 372.7759910233374
176 369.6761672363477
177 370.39948686646363
178 368.39874852649797
179 369.5763999148115
180 369.7030964088467
181 368.99251238634037
182 367.04210573037983
183 366.7281348875222
184 364.6752318028019
185 360.3692527460473
186 355.7336135663026
187 358.56498856856865
188 353.61038142405795
189 348.0869669701382
190 348.6770057333114
191 348.78373245673106
192 352.49038444739324
193 349.5372609081645
194 344.46665926670414
195 342.5813281018018
196 344.155175596236
197 338.5719420871221
198 333.9212673754539
199 332.82340672909254
200 329.9956226578154
201 325.8626587513031
202 322.1678016342876
203 320.42366629178105
204 320.3326512666541
205 321.5421986187089
206 317.04768610658573
207 315.76192862492195
208 318.01961812318905
209 318.09761088426984
210 312.9070596038754
211 310.58519343659077
212 308.88415034454573
213 302.98792740274354
214 303.08325564519413
215 303.9266597204358
216 302.49502863502056
217 305.701890835909
218 309.7244904870148
219 309.5934652097156
220 309.9739995419723
221 309.6660575415997
222 306.7417436939156
223 306.60469430110703
224 303.2958054141121
225 301.81386608234055
226 303.82354991412745
227 301.98110044571456
228 300.1475580454364
229 304.7921427217315
230 298.95602089530144
231 298.98326510915416
232 295.9083600652307
233 294.56802933749964
234 294.9827163577985
235 290.3111709547335
236 289.545227613415
237 289.55769003775464
238 291.93085616358246
239 286.02033894632075
240 285.10753041894253
241 284.8133454320829
242 281.6992246576733
243 281.10773991095505
244 285.9579912141721
245 287.57362575106254
246 287.77976349401547
247 287.9578417190159
248 284.62451361450485
249 280.5791216805179
250 285.23793156904276
251 279.63083203913243
252 274.1382065375791
253 270.943882359562
254 275.76082662162065
255 275.5190344465734
256 275.0159975331742
257 273.39890990456706
258 271.5970810886138
259 274.2542345310791
260 275.8907423818475
261 280.16730994215914
262 276.2493661384631
263 271.50465753953233
264 269.26707094490206
265 267.8430947624275
266 266.9076179568223
267 269.2873756631531
268 269.4303145574866
269 267.5566368274614
270 265.807926424222
271 264.4494943889556
272 263.43654030050044
273 263.8610799019582
274 265.0588813478688
275 265.79946211256544
276 264.5511126449209
277 266.4719400242421
278 267.4770721267913
279 266.5981779935709
280 264.11109508511254
281 263.5939699384198
282 260.1384214263931
283 258.86768973066984
284 253.3776568238921
285 256.14059725416496
286 254.7245128904828
287 255.0673790171409
288 253.42981875112255
289 255.5058473030559
290 249.40108023211036
291 247.8028051954742
292 245.808199083622
293 249.67730135306604
294 246.89524195319987
295 244.64931000153993
296 244.43446995275843
297 243.37525936880115
298 242.8927891133544
299 240.5363964475144
300 242.60916942455185
301 241.2453856631097
302 243.065883433633
303 240.49821856375078
304 238.9908594078644
305 238.28659817579603
306 241.10268584420155
307 241.3660404427055
308 235.63060222103286
309 234.5790806661167
310 236.07549734275008
311 237.6334488663053
312 237.33193804273103
313 241.68844643182194
314 242.3881449147245
315 244.35939427126144
316 242.26892691864853
317 241.36201394117907
318 242.63833879918158
319 243.4410008338127
320 240.07970557195029
321 239.38448088807945
322 238.5685943100142
323 235.84186623685716
324 239.63879750952424
325 239.6372926543288
326 238.38790383652156
327 239.42148101807922
328 237.5518818723919
329 237.8606321633367
330 234.9773774871866
331 231.15956152881688
332 230.85898088424597
333 227.67334317451693
334 225.82510427489996
335 226.08375880422565
336 224.86042094377285
337 223.2499409498106
338 218.5779657714898
339 219.84252660289104
340 219.37299886258978
341 221.71565532545668
342 223.28700117168978
343 223.12820762456704
344 223.55944981517877
345 225.15607975677955
346 224.56320459147338
347 225.41579386729916
348 225.00327892385968
349 227.77334089215165
350 226.59157698595217
351 227.40547484262555
352 225.35287032309472
353 227.08838392721083
354 226.92883992703818
355 225.90052667579866
356 224.91541864489093
357 223.08088029361278
358 220.628182568545
359 220.78451259829396
360 224.43225142189624
361 228.95890676317657
362 225.5380105892344
363 228.1379079641421
364 228.861994944653
365 230.15236344287572
366 228.92281468475736
367 228.0098254960315
368 228.36951993097472
369 229.61067162494734
370 226.5493992552416
371 227.22630728624586
372 224.65166944159995
373 227.43982213288385
374 227.34133228818183
375 227.861866798139
376 226.172916108439
377 227.39315662453117
378 225.29248668688786
379 229.25665215884624
380 227.8221980467763
381 228.6975885111094
382 230.31663691920204
383 229.92279758236174
384 232.48934177844777
385 235.7379087565365
386 237.5338404622003
387 237.29208600587816
388 237.22871030898662
389 234.49214755039472
390 235.37948848817098
391 236.12970748163437
392 235.80976883480366
393 235.69779764296555
394 238.3979755322732
395 235.99290101072577
396 234.43676039606038
397 232.29392160481902
398 233.5507614339471
399 239.14271994236856
400 232.95456908696877
401 229.4905429441469
402 231.26999366730226
403 231.1135077043811
404 230.6109316784852
405 228.18092879932013
406 224.43167598919973
407 224.7689033560673
408 224.29177576473361
409 223.9376365548873
410 224.79535693648955
411 222.41562340764483
412 222.56054045428468
413 223.90584063350153
414 219.51116213795228
415 222.1712125281023
416 226.8238919248612
417 227.52001565936237
418 226.58798885125995
419 226.01839497424496
420 220.62205525028872
421 221.1156981350753
422 219.67983434912824
423 221.5051385061676
424 225.2825178827117
425 227.8348198466253
426 227.7757061287045
427 227.33839604897747
428 228.01317120674565
429 223.20265375891645
430 223.39119831204346
431 228.2116170731256
432 229.70501046159225
433 231.42144328965594
434 228.91487756202608
435 225.83743306795392
436 232.60131364580903
437 232.84675016658989
438 229.8513492585273
439 231.56172688508389
440 232.82302328470203
441 234.0859938985164
442 228.53562061030433
443 229.1899504417547
444 231.4822853654251
445 232.0956465567779
446 234.98775184254117
447 235.96451825413607
448 234.27193434165997
449 237.70893897391466
450 228.70800696287625
451 227.33368691049884
452 224.4509801786105
453 226.0415413458576
454 222.143497380849
455 228.34240979651852
456 223.68629631007454
457 222.180254802812
458 222.39059615791757
459 222.74926003901584
460 223.5384343609283
461 220.25778962071735
462 221.56482794446399
463 219.11671210307054
464 217.9761136471329
465 218.6014978578129
466 219.98696751346242
467 219.72565876449087
468 221.10117758002178
469 220.1311408239078
470 216.40386077423253
471 215.70799220879837
472 213.05651230295734
473 213.9524487198575
474 211.13926909864304
475 210.39406040101727
476 209.5544764955024
477 210.0250707638688
478 209.42664276687074
479 208.70918589720026
480 208.24035057084518
481 205.92656307802412
482 206.98672209992475
483 208.25593134844857
484 207.5607553805356
485 207.6313759979807
486 208.6566918415479
487 204.60377787058195
488 202.83311060200577
489 196.74958039970716
490 196.54953991517482
491 197.42860286753555
492 195.99163713712815
493 196.40410504571085
494 195.46980545653176
495 195.56914363357754
496 194.04226850205447
497 190.30105441616095
498 188.86716563477745
499 189.52300173377935
500 191.42033596588087
501 193.6238573400712
502 194.7729559942211
503 191.33738869876018
504 191.65510763959958
505 191.77125254880735
506 191.49770987864173
507 192.6133250813277
508 191.0681830694831
509 191.9752914744487
510 193.4630778128993
511 191.2092340429335
512 192.33296979097398
513 193.47055979096433
514 192.63831435499756
515 190.2367818347535
516 189.90649395320267
517 190.51844653213055
518 190.7530331733428
519 191.5199973872801
520 192.05129024543396
521 191.53167369926433
522 190.8353679092054
523 193.52178781819634
524 193.3388044037334
525 190.3325734441955
526 190.68664661741497
527 192.82517468644855
528 191.41745556410444
529 192.19095986752208
530 196.3735872457556
531 195.44859348091143
532 194.44196105980302
533 195.42075657504327
534 194.38769254379332
535 192.47846490874795
536 191.45565742187998
537 191.08467664627796
538 190.62964100646298
539 191.52070288167386
540 192.5090701800065
541 189.41966054758228
542 187.11997653577262
543 185.15250037607552
544 182.43924374783342
545 183.45364505375866
546 184.40965322719413
547 182.87297365855738
548 180.05115090239113
549 178.4760906995229
550 180.04376412734254
551 179.73894712037676
552 171.83538393779835
553 169.6050461032136
554 166.43540552080904
555 166.24148299413795
556 167.71258028793972
557 165.6829312018522
558 168.8541452520398
559 163.34444034662744
560 164.2951231559784
561 162.2475689440172
562 161.3815466230691
563 159.91967132925217
564 159.49594777262138
565 159.6076440830224
566 159.85263705398992
567 162.20170894858654
568 163.43316504690506
569 164.22109680483706
570 164.59445874203743
571 165.0991472800375
572 171.03587360391978
573 171.32509472750408
574 169.899394977055
575 168.97580063551976
576 166.3291010518456
577 164.01498676867283
578 166.20297682873561
579 163.79044578852844
580 163.65622754441446
581 162.9326150554782
582 163.633422767251
583 164.60730808919845
584 168.6904252399314
585 169.654914611611
586 166.98953619376903
587 165.86018200188678
588 167.38666241139526
589 168.86594537126967
590 172.514412580315
591 169.5291590854473
592 172.9798290420504
593 174.430761261588
594 176.75225690860162
595 174.56890142256793
596 171.0726175327439
597 172.0892469076041
598 174.48237946187604
599 173.54503326215644
600 175.00661258289395
601 173.17025941688487
602 174.11599644626583
603 173.68021365837294
604 170.34435369431148
605 169.19214611497856
606 166.45010604038808
607 166.11027156674848
608 169.11563792910627
609 172.19328784571982
610 173.74093121043944
611 174.58113671651873
612 173.21858460710826
613 173.58727324497107
614 173.70355563870916
615 176.1230471817073
616 174.10777190699508
617 175.013452414485
618 176.4278833499474
619 178.4026513114694
620 178.28193022054177
621 178.56005590443897
622 181.05024283748168
623 180.39011009473504
624 175.37684467337175
625 174.81107055705084
626 176.48006460593925
627 173.75727714600572
628 171.417937718919
629 171.54158401215736
630 169.3522468515812
631 170.35438236355117
632 169.89917370106613
633 170.11780768706
634 169.19942856816212
635 164.87413253239774
636 163.03464278273034
637 165.091397093826
638 164.68148973869586
639 163.79375865692538
640 167.0004761644864
641 165.92614634482194
642 168.02257047227639
643 165.6907252062443
644 166.09021836367322
645 170.44699329854896
646 170.05472473075938
647 169.80076167673104
648 171.5024465506329
649 169.7961394478921
650 169.95577288971958
651 172.04403229432302
652 172.14269464894875
653 170.61188473241822
654 170.16249622523878
655 168.2372246596385
656 171.06742229532895
657 170.41417375852973
658 169.78001156187642
659 170.6731187814246
660 172.13571128412275
661 171.70775580627685
662 174.43679910912934
663 174.14640631741003
664 174.21029916293097
665 175.37083182497776
666 174.33618716788547
667 176.3785002366806
668 174.55818923348968
669 173.80400596944773
670 173.2388256118387
671 172.210946909467
672 172.6211162941162
673 178.20454887518957
674 177.91392548273788
675 178.02117175692874
676 179.42240170932814
677 177.7813482937948
678 178.68569958560988
679 177.5136124627331
680 180.2958762483378
681 178.30431219331902
682 179.25273565326015
683 175.14857968666223
684 174.18729992616613
685 175.6901846165292
686 175.5592207235528
687 174.05099954081442
688 173.54150082493493
689 170.44732360848244
690 169.59035101188496
691 167.62135233002624
692 168.71349328960565
693 168.45008146709412
694 165.63298656208164
695 166.2811728633378
696 166.50691995985795
697 162.96778074129944
698 162.54094769137836
699 160.02324666758753
700 160.5575693062858
701 161.20362280535664
702 161.90757226069454
703 160.24811314740586
704 159.24806312534415
705 160.14516550913658
706 161.79711911846323
707 165.03632240740234
708 165.68011718813415
709 166.38102175558623
710 164.90697528106506
711 162.32579658916057
712 164.3073060124174
713 165.2444185913581
714 163.31599040318142
715 164.52187129684265
716 167.56080120455846
717 167.21450865381314
718 166.48266245783935
719 166.3462505984531
720 167.82266690944303
721 171.84886356851501
722 170.8057296058923
723 171.26189740402282
724 168.7647020284499
725 167.74131306617383
726 170.01494168386043
727 166.4883326526827
728 168.46489553613995
729 169.32806105423904
730 168.38367865063418
731 170.46997907486715
732 170.22437875142842
733 168.70861375478802
734 165.16587354295513
735 167.7283643883394
736 169.77063550554584
737 169.87870106201527
738 171.97754976667247
739 170.99493910772378
740 172.28316533457112
741 169.25968513297838
742 169.6203047209071
743 169.3904694502333
744 169.9219134214596
745 172.31377509225513
746 174.0370302642034
747 171.71819410397345
748 167.43311462188737
749 167.4106592517375
750 166.8442029186901
751 166.4542286723872
752 167.9555608933198
753 170.1848170258745
754 171.53611238422877
755 176.54224660477
756 174.70867021588856
757 176.55375888576188
758 177.57394530360764
759 177.28820345327063
760 176.9566484947461
761 176.10497664497794
762 177.3330163672457
763 177.90945848254978
764 174.4510157935005
765 170.8132639577056
766 168.79524975185143
767 169.05331736829143
768 169.04695294171108
769 170.94992133208223
770 168.6875087219378
771 165.57429232744292
772 166.83489452558663
773 162.3877937956083
774 162.36585394672497
775 160.32252198647075
776 161.71191472959654
777 162.5481800395314
778 162.19238529855707
779 167.1725662547849
780 166.36064682836582
781 168.7729325274922
782 169.02966395940143
783 169.32869489485827
784 173.0600913826582
785 173.53428183896978
786 170.37877436286905
787 169.0242727691923
788 172.01521495706626
789 173.89865940481158
790 172.52051035934062
791 169.01987911607773
792 169.13578716802195
793 169.11886243655562
794 166.65118650047214
795 163.7719982533323
796 160.12642512543115
797 160.93555503233222
798 160.5797637917184
799 158.7858214903073
800 155.13051798674104
801 154.34889852568557
802 155.58453701496737
803 155.23460984207202
804 155.63752501660662
805 156.99932067069872
806 153.64713182420113
807 148.18859685338452
808 147.3364198443414
809 148.1847991615742
810 147.33606310967082
811 149.79700676887194
812 149.4969777693012
813 144.69458950146895
814 143.56966304933178
815 146.0868325839458
816 148.49008151026655
817 148.41660559269414
818 147.5765650258968
819 148.91428276919322
820 147.43857812116042
821 146.90491409727954
822 145.83546941853646
823 147.2623819775778
824 150.25591525282877
825 151.1893174623434
826 150.55715848541885
827 150.26558929649548
828 151.31228228548022
829 151.6986404826788
830 149.7525188882559
831 151.81512291874992
832 155.10518187382587
833 157.49494652541927
834 156.75040777130835
835 154.61442711797716
836 155.03648653102036
837 155.11677156922232
838 151.81495232839228
839 151.65293645591188
840 153.2227170820998
841 153.5882526433181
842 154.6071749966854
843 150.9565793171003
844 149.72662640097917
845 148.64616667798572
846 148.4778165234811
847 149.5400080983305
848 146.7604124400037
849 147.7474406562004
850 150.7926947376456
851 150.68773601140293
852 148.86869901573212
853 145.7923726270807
854 148.48888809421254
855 148.29202249590722
856 149.21722012552166
857 146.0356745351349
858 148.528190726197
859 149.3889176555993
860 147.80882392808044
861 147.13450299193713
862 147.405389966762
863 147.19903193582678
864 148.9281193293343
865 146.95941303759864
866 145.26583489907682
867 143.4585507232444
868 144.88426687130678
869 144.06422615374217
870 144.22080889253627
871 143.658010280764
872 145.65789291365635
873 145.33800253430616
874 140.88358656364247
875 144.2059168246391
876 142.32745106865443
877 142.13849437755135
878 142.42126351131145
879 141.93822986807737
880 143.71581239570762
881 147.40268617001723
882 150.4847889456992
883 149.75179434807475
884 147.27950333726142
885 144.9406551445745
886 142.86693958938315
887 142.3385316471443
888 140.65264555110164
889 138.32443452541355
890 134.66272824359214
891 133.7949365063543
892 135.4493213219077
893 134.6926819572245
894 132.2274185353936
895 134.3171454700336
896 135.83008606190646
897 133.0598971356155
898 133.2214240648608
899 131.89228002271105
900 133.7859686799267
901 134.4562523200979
902 134.72029777246377
903 137.11069377359655
904 137.45098520762437
905 138.33610484875302
906 136.75636945684172
907 142.9822381736396
908 141.08084631389076
909 142.22100293933545
910 142.87282618104257
911 146.50241609915585
912 145.41997169851402
913 140.55888197113774
914 140.79319852414721
915 142.40176985877318
916 142.17519691793225
917 140.93975714728484
918 143.7768099206742
919 139.39286568548974
920 139.7827138464825
921 145.3770854852654
922 145.6267187581157
923 146.21623598744037
924 144.68977760587785
925 140.87346354007107
926 138.295950872233
927 140.4207023137187
928 142.10545114048725
929 143.93639796300414
930 146.22385471163832
931 143.96991164475963
932 144.8885381177799
933 144.9501645460638
934 149.97540146481683
935 146.47878397794256
936 147.38677315730695
937 143.1546583627762
938 141.79481802017662
939 141.58604825468817
940 139.13827394842968
941 136.30406177664577
942 136.79408619335751
943 139.59452012875263
944 139.78357813424293
945 136.9625420678135
946 135.7422539683023
947 136.09460281329987
948 136.5077406881377
949 139.629917956706
950 140.7037889864745
951 140.02272789237293
952 142.19697558098068
953 141.38674796065422
954 142.03477749321092
955 146.10446854105479
956 141.16026829485492
957 139.2579956652392
958 137.71234875961596
959 137.22679534446533
960 138.63570760259228
961 141.2736937612481
962 139.26136568075486
963 137.07405096183933
964 138.02252694786267
965 139.99555702589194
966 138.3834174793091
967 138.4079629576625
968 137.70043240468272
969 136.6231743548807
970 136.71455793121305
971 137.19311820212815
972 137.26177155024618
973 135.21062225790348
974 134.3415886661164
975 131.51442892856608
976 130.01722881898593
977 130.20657768872653
978 131.10254929402797
979 132.58534619184368
980 132.4388821981041
981 133.1607791864012
982 134.3214691718302
983 134.19632712984844
984 131.10458143205196
985 132.52986794560312
986 129.91052109245695
987 128.86032495325037
988 129.89864608537476
989 128.07972538316318
990 128.99724254723364
991 130.4376606836664
992 129.0111702386257
993 129.60794929097
994 131.57223465143048
995 131.63527737289255
996 133.89422082836566
997 135.65224879527312
998 134.0247245685244
999 135.16482568949246
