# iteración promedio
0 922.0695806167073
1 921.6472447443151
2 913.9866932152364
3 916.9097939312171
4 909.7559156696608
5 917.6320841976398
6 912.4977076033581
7 892.5350102488125
8 876.3304641587841
9 865.4952927891126
10 870.8765427785906
11 864.5823810005015
12 854.1663583165933
13 846.2334379811051
14 836.041789394434
15 828.2033565478132
16 818.7705251584465
17 817.3475982633879
18 811.4096124237626
19 803.5728528885307
20 808.4102805117525
21 810.5804477610513
22 803.6715075104612
23 802.8698804775033
24 804.0979890613958
25 801.1114216349656
26 802.2194555942358
27 791.1190958281982
28 785.6151413269737
29 788.6090575641134
30 778.6065351218598
31 773.8691192250354
32 768.8452211078194
33 763.3598051419096
34 765.1249021369871
35 762.8869163431362
36 759.7433521791085
37 756.0776285379824
38 753.3476774995939
39 741.8868952326004
40 740.9277319842829
41 740.3520529429084
42 731.1310605624572
43 727.3585039137962
44 716.4721290366609
45 721.119652478016
46 715.8402620134809
47 705.8642222477658
48 703.6286618681366
49 706.7315278958891
50 704.2234960613673
51 697.309503001768
52 692.9380711678006
53 694.8026514713421
54 691.7548719742031
55 687.7216939715945
56 689.5606981765918
57 691.1464732497788
58 684.5520829049669
59 678.0119647741533
60 672.0343465779092
61 665.5769922180893
62 657.2071439458979
63 651.7739294396084
64 645.598782786635
65 643.1320844450431
66 639.0918354216797
67 631.3144640841822
68 612.9021145771245
69 619.1935613358446
70 614.2744102004026
71 616.5341809040121
72 608.8126005449178
73 609.580462503961
74 606.3834345879561
75 606.0044021822196
76 600.4567593946384
77 595.628638085673
78 587.4266480283624
79 584.0286280052292
80 577.4663475299732
81 576.8258382363744
82 570.6247531554056
83 571.127933450279
84 575.1855726262697
85 579.3275808450014
86 576.1739538585002
87 574.7893557687397
88 571.2184658203572
89 559.8460141008053
90 547.4520959491955
91 540.5478244372814
92 537.8573879582841
93 532.4780832469683
94 534.1685052633768
95 528.2985535303945
96 529.1033021634961
97 528.9060456353463
98 527.4121682145549
99 526.347676399641
100 525.5148679105085
101 525.2184741388598
102 530.2303493838547
103 527.3015821780635
104 519.10374496956
105 519.8891240280053
106 521.8980124026432
107 515.2755349850195
108 519.6487085052237
109 512.5637635882717
110 514.7443715852378
111 506.34445635299744
112 507.16585973839886
113 501.947654879046
114 500.9518486190353
115 501.59009715699807
116 499.0545232132383
117 496.7696544548939
118 497.89400983517095
119 501.3581598233701
120 499.94006442425933
121 498.0833089542715
122 494.98252340313
123 494.86537546741056
124 491.92343629440103
125 484.4386737747952
126 483.606025668939
127 485.331257514634
128 485.6156511084441
129 479.9259028470644
130 477.40293309005347
131 473.5047245563438
132 467.1611327898237
133 461.23668479120045
134 453.9481624105147
135 453.2380871506919
136 452.0062070648474
137 447.2249185400731
138 444.6279349743163
139 445.69796636049614
140 444.7922171866266
141 445.038527022902
142 441.45524183832936
143 444.5610204689859
144 439.70300700806985
145 437.0965023057917
146 432.0363510574293
147 432.79378951792756
148 430.0156357677481
149 428.9265991838235
150 426.49843219776136
151 426.082555659332
152 428.4511741474608
153 428.0199725828287
154 425.4710096215325
155 424.1334492259378
156 420.29117669373625
157 420.2106726056726
158 421.7499980381511
159 422.5840883997131
160 417.5465717531759
161 416.5070213702168
162 412.4666218637192
163 406.4425042385838
164 410.43513799481786
165 411.21499177680744
166 410.29894019015126
167 411.1882958158396
168 407.2192530610939
169 408.26043540430584
170 407.774415980298
171 400.15315157320344
172 403.0578558522866
173 398.67998718049085
174 403.2352290429776
175 398.7525043777171
176 400.13418317058904
177 397.7761248418997
178 396.3726580873559
179 393.99996211382074
180 393.9555059442872
181 395.91760766391644
182 394.2047646625452
183 400.26989766007966
184 399.54180188293395
185 401.58128999044413
186 399.45413748628846
187 399.0172812779048
188 401.3738807943716
189 395.946167607893
190 391.5965334759362
191 388.51801351541803
192 384.4905024540696
193 384.5126969437276
194 383.6842464055745
195 382.4224921928245
196 381.34454032830445
197 377.05016137482374
198 371.93781855503795
199 371.71358204642087
200 367.11943728769444
201 367.5966895161025
202 365.3814894851632
203 364.0208976728737
204 369.206034017513
205 362.3408329009129
206 360.9830908735492
207 363.2930983008474
208 358.5908383512194
209 356.77708267981563
210 350.31541256562707
211 356.51552683869863
212 352.52471026232996
213 350.02988420473923
214 346.5195958235096
215 353.6280825240029
216 349.56881196309934
217 348.0979188124607
218 349.3574527193136
219 348.4179224869123
220 346.704376788469
221 346.65480835260263
222 347.3536508996924
223 350.1747830408792
224 353.56576034970567
225 351.6368288912818
226 346.0447563205787
227 342.32990255248586
228 344.00149025839085
229 335.3813630031216
230 338.14237786997813
231 340.3381371167836
232 339.80280568755416
233 332.2571549006807
234 330.43013969457854
235 327.080204409272
236 329.1016069117339
237 329.3230986566424
238 322.04911978372326
239 323.54802819244793
240 322.63038048960226
241 323.42593685596034
242 320.1774437642647
243 323.4544632919398
244 324.4304705164283
245 322.2379672610256
246 323.211607576126
247 323.0286326630191
248 319.96195629592484
249 320.54224640808957
250 321.17475488822083
251 317.7242756127256
252 317.38830206278334
253 319.41825056313263
254 317.9398181271237
255 315.9871778732527
256 316.8221965291056
257 319.2842299571402
258 316.60080953689777
259 313.33450175287527
260 312.8298490558617
261 312.7668286308932
262 308.7665451852464
263 307.8846308028232
264 305.68667937766594
265 306.78101518571236
266 307.95964378722493
267 306.34301280602006
268 306.0075600700781
269 304.84708770019756
270 304.17856126743027
271 306.3877014988994
272 309.5448954036426
273 310.81032310890606
274 314.3552308848506
275 313.3080998521667
276 312.3732205195391
277 312.10775068107733
278 308.3422932700889
279 314.5111201138865
280 315.4783586714271
281 315.5229372546842
282 316.4830058412262
283 315.6713969730149
284 317.0590528453936
285 314.4299727191182
286 313.8968719437931
287 315.7599859943704
288 313.08179487388486
289 315.70906503762916
290 317.0357921563266
291 316.97924368418694
292 320.88246968662224
293 320.29356151713273
294 318.3070295800997
295 320.60362504954617
296 320.1663124705598
297 320.1742307316581
298 320.0216731545805
299 322.8005617179155
300 319.08443881057843
301 320.6097955470949
302 319.36933337331675
303 323.34047671367006
304 325.2790557736342
305 324.55962585107164
306 327.19414792100474
307 326.7904083203892
308 324.39157169129
309 328.34018682587566
310 327.4269493918721
311 327.90616096817257
312 327.0904340493908
313 326.3997874872399
314 328.881636921953
315 326.64432456647364
316 328.38222252819764
317 324.71316430387554
318 326.47187523944183
319 323.4443630352449
320 324.6960109366418
321 321.5056468720992
322 322.4228555271468
323 322.500864476595
324 319.64150397517085
325 319.69433478169884
326 321.83651825078994
327 321.65912433791243
328 318.8189376065224
329 319.0523444643437
330 320.6355224835952
331 319.7688785595487
332 321.39081877866715
333 320.28105654229006
334 318.73374179627797
335 325.05740838193685
336 326.4961935594132
337 330.29564050294823
338 332.7899372336404
339 329.83502677305876
340 325.25443338747556
341 322.3339093669311
342 320.7656831598244
343 313.66996860235946
344 314.63117758947834
345 313.38971659013134
346 313.8687751396289
347 313.37098547593746
348 311.5390501272048
349 309.9912292958498
350 307.08934435486293
351 305.4204275622759
352 308.8946687792875
353 307.33032231851263
354 307.8461499067297
355 307.4070849218475
356 301.92398847920043
357 303.7175346068584
358 305.7509231373358
359 300.365352063684
360 299.8352407217373
361 301.5184823832123
362 298.94212981843486
363 304.2018384011095
364 305.5145284899783
365 303.3787063164625
366 304.3388022692556
367 304.94792639607357
368 298.9324641155323
369 298.36020597582296
370 297.4221257276109
371 294.97768791280055
372 291.31779094891453
373 291.2555525262585
374 288.87959350399075
375 285.06950272070526
376 282.5671924805117
377 286.18457537597465
378 282.72428158593203
379 277.32728674862483
380 275.06774848831515
381 279.53819030642376
382 279.9727067150566
383 274.1895100998129
384 276.6813343830113
385 275.73609823566505
386 276.4825808584287
387 276.72092822655685
388 277.00861685287424
389 274.51122055758145
390 269.1812371379503
391 270.99307238646685
392 267.8539305548188
393 269.2560789141419
394 271.5133893918296
395 272.31965847140685
396 271.43413154640314
397 269.85534470595854
398 274.1230424302346
399 278.0383459345612
400 275.31665495254566
401 272.65594514927017
402 273.02089479760144
403 266.9801747443296
404 263.4004417230211
405 263.08336055146845
406 259.49614914389247
407 261.08117989522617
408 261.97183072348366
409 261.8629049960426
410 263.4592256975919
411 259.20410341104963
412 258.66059980153966
413 258.047515443705
414 256.98634735188
415 258.9144745429219
416 257.82971430822187
417 260.4270081161062
418 263.265905268884
419 261.7143814305001
420 264.48872611426646
421 266.0883078204524
422 265.13829397494044
423 266.7977993662704
424 268.11509425692196
425 271.83170670099
426 271.9365299161444
427 272.7292524877394
428 272.6903749794736
429 268.23260866335465
430 273.65649184100016
431 270.3509729787652
432 271.3477985609203
433 272.7185504364513
434 274.26414590851095
435 271.3312780071477
436 269.9584639966687
437 272.096368477503
438 269.0714349834754
439 267.06140395314384
440 266.08270822815155
441 262.77369630601663
442 262.7418140582191
443 267.80878040663157
444 261.9635824239331
445 254.53503965094515
446 258.1375028456583
447 262.8898799559349
448 262.38527738719995
449 258.83356217079506
450 256.7608005319989
451 258.38898278489745
452 259.9713385577504
453 261.9231694284903
454 260.7139940452637
455 264.6389559022889
456 263.1464131863948
457 260.27099342475003
458 263.18355237757083
459 263.9409339272913
460 261.2413588820397
461 264.06297571018166
462 266.8634471689578
463 265.9220449164109
464 266.5078465335647
465 274.04340743353464
466 275.45249080862254
467 279.63774861268934
468 282.700780728754
469 279.8725883385594
470 279.21838746135717
471 280.06004186670384
472 279.0766032056719
473 276.3291863657548
474 277.10899448169744
475 274.0256618827224
476 273.0010527235676
477 273.35530450354145
478 271.26601244225947
479 271.16108285416084
480 264.2852183123868
481 262.2857717360192
482 264.936977384466
483 265.3234561756767
484 263.8240205090089
485 265.80932462368605
486 266.31255513877784
487 268.6599178478373
488 269.9359640345534
489 267.88144397853654
490 269.99132229471684
491 270.54768890544506
492 264.3622700455
493 262.39978723073074
494 261.4425445639657
495 263.6566182388577
496 261.8761734559428
497 259.3509717499123
498 259.5849805274784
499 259.7998214787345
500 259.04889233966054
501 256.94074309107805
502 255.45046355559253
503 255.43864904659694
504 254.7740070381698
505 251.4339995105399
506 249.84861722252464
507 248.686001090209
508 248.5110042182743
509 254.76617103452605
510 257.057647964678
511 252.989110671671
512 246.91167711369457
513 248.26888365221745
514 247.6929542009756
515 247.16663666041003
516 242.3679695732152
517 241.158479707724
518 243.32246788708238
519 241.45856601919238
520 242.56453756066978
521 243.94871756718615
522 243.71333541133376
523 247.3063464675939
524 245.02630529763715
525 242.4512709005065
526 239.18467098181168
527 240.4250266910854
528 239.97367531101273
529 237.4919394904224
530 240.69836398904724
531 239.72507999055944
532 240.56953190540582
533 243.93029443617658
534 243.4100713464665
535 240.9355330590115
536 241.6260363492364
537 240.4960746586233
538 240.61095694996172
539 241.7963156011225
540 241.1049950343062
541 240.66588742124028
542 242.58153710086665
543 245.504781382119
544 246.44951150404424
545 244.63697829802152
546 246.26188030092334
547 247.22421826925708
548 245.24498783286134
549 246.4515075849204
550 245.71690443005468
551 244.91497189828416
552 246.71983652178113
553 246.14852529590098
554 243.39507052758142
555 247.89305260741673
556 249.0317174712567
557 247.6998696485962
558 245.12878485541933
559 241.458148984416
560 242.97940448613727
561 241.46677501812243
562 238.28660970463855
563 237.9225035798347
564 234.2498432428874
565 238.80612163394923
566 236.23313853426924
567 233.32154081390738
568 234.6721307384447
569 234.2854639357687
570 232.95018485784357
571 236.49787352672666
572 238.92588631865902
573 238.27874087490125
574 239.65308202663851
575 237.98222855709048
576 237.91706330776037
577 236.38261983027343
578 233.9649023677091
579 231.2021694832279
580 230.3482051590677
581 232.92232438453422
582 233.09946144039947
583 235.02384568151527
584 230.25035727155102
585 228.70122951329057
586 225.4469238242027
587 225.14175294698123
588 225.45447898048545
589 225.54663778469606
590 223.33905617566248
591 224.93322789987292
592 224.43399494159155
593 226.17900439493621
594 225.75375863208467
595 225.6998574528029
596 225.2298339343714
597 229.2039408812268
598 229.71121753652858
599 231.6466829410942
600 233.65790870516813
601 233.63054940082628
602 232.19180555215746
603 231.7625274060092
604 227.60920353095628
605 227.51576267389842
606 226.7291151011091
607 227.7273272896841
608 225.84260093669863
609 225.05584297859252
610 224.37675103188704
611 226.9539469424521
612 225.84518074592125
613 224.50170238878178
614 224.812213839742
615 226.77247056856322
616 231.2653651923933
617 228.70496165191923
618 228.91292373250303
619 226.8816372983635
620 229.53155284619186
621 230.96357802755196
622 233.99512122265523
623 234.63985904893326
624 233.49354985759456
625 231.7803184894834
626 229.80761853588214
627 228.72997440960924
628 229.2838207724307
629 231.88767967443655
630 228.7283560211359
631 226.99322634109288
632 226.41875151627934
633 228.8485545678607
634 232.29749305725056
635 234.18901562231747
636 235.0149603703342
637 235.3548104117643
638 234.57925311582326
639 238.41887084334832
640 239.6518751137324
641 240.21374140061576
642 239.03437786227187
643 240.30983546637776
644 237.14075859634985
645 237.59281870669537
646 237.6506171123453
647 242.20689968033702
648 242.9989700384358
649 244.25785862571828
650 246.6462594221449
651 247.86296202074766
652 244.73023528657615
653 243.67391786916326
654 239.965565557101
655 239.2584415027457
656 236.41870027103815
657 238.88000069512825
658 239.06819413004996
659 236.92208030568838
660 235.50502828236077
661 237.8089872774001
662 240.31827667869263
663 239.74052769390536
664 240.30672726984565
665 240.01111760439122
666 240.1709054491896
667 240.3858990814091
668 232.45017420733274
669 234.27474506668875
670 234.16262303988606
671 234.6572310341592
672 235.49552428051717
673 233.60456832725396
674 237.026198189792
675 239.16287622578184
676 237.9105686292352
677 237.90757478984926
678 239.29300838266423
679 242.03440989962593
680 244.70524700263195
681 241.39091428990062
682 241.20036841743075
683 240.13218527424837
684 242.4613653716601
685 241.0605669390639
686 238.02209847079703
687 239.0082133363994
688 240.28905871308544
689 242.22732750214604
690 240.8284758122416
691 243.53238001055567
692 244.2307905117085
693 241.6164277750469
694 242.23185946014235
695 244.26963839560185
696 242.92630085816342
697 236.9452533661672
698 237.0442779424506
699 240.23855509111974
700 239.54674278259924
701 237.22377304759678
702 240.6416317079707
703 241.17512797009837
704 239.3325199979204
705 239.89079365920225
706 240.22689526659812
707 237.40380862757004
708 237.15128745025137
709 237.0321092750106
710 234.4485442260701
711 234.09149720133672
712 233.09120024553874
713 233.40348536265486
714 233.99277228197235
715 235.20995014272827
716 237.24952044253934
717 238.64087671635855
718 237.4912398764394
719 235.01162326733
720 232.05805171351022
721 232.15376322074496
722 232.6103924115083
723 231.20163957868672
724 233.51237569901855
725 234.33707774548512
726 230.21857313302553
727 231.37687114256514
728 231.69325053278237
729 231.0817757061779
730 225.95885597066484
731 227.53158863233435
732 225.97672151593764
733 223.13795865200555
734 221.8106134522354
735 215.150549754944
736 216.00081687042362
737 216.1768769646126
738 211.51616163302342
739 208.08086780765478
740 208.63371340665705
741 207.81784548881652
742 210.28381609076402
743 208.61509053878245
744 210.66411267237785
745 207.19424387289382
746 206.7475433085445
747 209.46351279049313
748 208.18726587007038
749 209.25423295658743
750 207.59981794842406
751 210.84020543238535
752 208.07893775196112
753 208.06445316448523
754 207.49095886800714
755 209.15701172700741
756 208.15380278067863
757 209.67458257550234
758 210.01511630686963
759 209.40079589192365
760 211.0430561523381
761 209.07937783097665
762 209.67870065404244
763 214.01434419233118
764 214.76303569100853
765 216.5825872902295
766 220.96779317355683
767 222.548101488001
768 221.08739196950347
769 221.48565725492037
770 222.9492912110989
771 221.4732666088297
772 221.8890294393059
773 222.31352140754618
774 221.14948822118112
775 218.6038083092426
776 220.08782601104585
777 219.50918154423488
778 219.7589823721362
779 217.71123634893814
780 218.85525875193042
781 219.27642013709894
782 217.5353263695735
783 217.17142889643495
784 220.1796163692031
785 222.12211441364383
786 224.63515010721937
787 220.24012387570227
788 222.68271305918952
789 226.70061726536693
790 229.75726342859664
791 228.6197593428793
792 232.23358453434545
793 232.60807488334973
794 233.2032767026876
795 233.21146125415072
796 232.19806972532268
797 234.07518605868125
798 233.86611162347683
799 231.93819037051964
800 235.8875063860556
801 234.80834649555914
802 235.19731761276654
803 235.10994030890885
804 235.79968930558985
805 232.88556189948696
806 234.77835078228907
807 232.85426206462557
808 232.04831967665416
809 234.19220785368933
810 234.77566174120554
811 232.39112606507206
812 231.366700754912
813 228.36486215475767
814 230.25135317516455
815 229.5121382764977
816 228.9650073087548
817 230.53501615138077
818 230.46976589977578
819 229.95519671660406
820 228.16736373635615
821 228.22518344469313
822 222.8199419223547
823 222.96517617078095
824 221.01824310181425
825 222.62560114513556
826 219.4292286349872
827 218.8856150086593
828 215.63423676877096
829 215.25768852892062
830 214.2986783133674
831 212.38173754466112
832 215.21064978842406
833 217.06595384331814
834 217.46951181745226
835 215.33913069820258
836 218.7452535732551
837 219.81284067616383
838 223.0830220129922
839 220.75514699819968
840 222.80525720898407
841 221.9214137493409
842 223.66162223108188
843 224.2661227271048
844 226.6848754923668
845 226.30678858603585
846 224.52985636257176
847 219.43074962705018
848 216.54013217983996
849 213.03137922523035
850 214.41463180482333
851 220.5390410338062
852 219.13198902055044
853 219.5338466431
854 218.21580476860163
855 219.34496621449642
856 218.66527506156282
857 219.81609473246067
858 220.50700775741478
859 218.5073905143048
860 215.34320992650967
861 213.98145337330914
862 214.98044735152016
863 219.0048345718938
864 217.43945461051916
865 218.59659985047006
866 220.71248853545484
867 222.55939841713564
868 223.0141137541264
869 218.99997800253553
870 221.4784443712968
871 217.89153683757482
872 217.3838995100058
873 218.88020251435483
874 217.42617041291516
875 218.49531488018147
876 219.36072706213574
877 217.88199956110228
878 221.56740574175018
879 218.29052610858957
880 221.88298875100608
881 219.29475265872304
882 217.75241683378002
883 217.79837748429676
884 220.84225645114492
885 218.71301781479747
886 217.0360148933933
887 214.1405303608104
888 216.7859342968163
889 219.33172092631358
890 218.03052676782764
891 222.30035184508068
892 221.75785894360175
893 217.2578856245998
894 214.9353614041029
895 213.25708462229562
896 211.58617735345638
897 212.8229132562478
898 219.8854597493372
899 214.92155878906811
900 213.59858131237567
901 210.97834865118494
902 211.51665783432622
903 212.1175628737236
904 207.2577515770826
905 202.667186607642
906 203.70744953429568
907 203.13621859365924
908 202.93859408948572
909 198.98319747848487
910 200.4721188798328
911 198.26032255845035
912 199.11994935455706
913 201.5150043720745
914 199.78027703676344
915 200.9505206778994
916 199.04259982950052
917 196.21258701373935
918 195.70667468133593
919 191.7156829038252
920 194.2004446506652
921 197.08016501559135
922 196.65021568483147
923 196.6570768258946
924 189.8766142108435
925 193.53162827888443
926 195.33707809060783
927 195.64048187678162
928 199.29204161925315
929 199.7897712696172
930 198.7509240116911
931 195.67995319592256
932 194.68429933491797
933 198.7435802800401
934 200.69297020589818
935 200.8462316536629
936 194.93921864901876
937 195.9840270379843
938 196.15216246719993
939 196.29190793330145
940 194.3557077352417
941 197.13244834529732
942 192.9996355531232
943 188.52476466985303
944 189.97741584557482
945 195.76259483725852
946 194.49280343174843
947 199.6135819913681
948 202.15003589456046
949 204.0278404320092
950 204.98925304460178
951 203.9699087797862
952 200.27216710768207
953 198.25356929085103
954 201.07561705836187
955 200.22601479521313
956 200.10801090791654
957 201.04221197826556
958 202.0991789859907
959 203.6545486199155
960 205.25414402131503
961 203.47958253949284
962 202.8705742765378
963 199.32243858643074
964 200.90750056684698
965 198.1583709925377
966 200.71103124607347
967 200.95757469361405
968 198.6923505296474
969 195.6970225065353
970 191.4819396931971
971 193.1396034688318
972 189.73681994357932
973 192.33595236709922
974 188.26381557163742
975 192.24374337263217
976 194.7405572110336
977 195.60937314529713
978 194.65959450547416
979 196.5596046033919
980 194.81722136582712
981 193.71111358798612
982 196.69023797466264
983 193.66212639728835
984 194.7908981437545
985 196.68852622837602
986 197.76794303337138
987 199.04026231421548
988 198.2782125261796
989 202.2172148925707
990 200.16496655552817
991 200.8550831841481
992 203.85040376481905
993 208.3339977405675
994 208.60644060959123
995 210.0064889817874
996 205.71513667331678
997 205.9008082731476
998 206.59018771552178
999 205.23028107054463
