# iteración promedio
0 926.1569369176079
1 919.1967855685043
2 914.9851031315795
3 905.3901520036084
4 902.4661775278098
5 893.8886335174393
6 886.7551157176691
7 873.9761181095694
8 872.6727894067943
9 855.5806179762034
10 843.6939630314396
11 823.2121542136404
12 812.5250550534223
13 799.4735953223492
14 801.8411980518531
15 794.3075265925567
16 786.6166697888012
17 776.2519109295448
18 762.4411423735656
19 757.3659037603161
20 755.0636576571555
21 741.874747660099
22 735.247109229258
23 733.9507668247171
24 729.5193707031826
25 719.3897676600769
26 698.0540037433011
27 691.9220138389219
28 696.2061083008384
29 683.1098407820587
30 677.2572998307716
31 680.4276690174343
32 673.5319884859025
33 671.2429095177118
34 673.8526400136623
35 664.544437450746
36 653.6951866113649
37 653.6406802708017
38 651.9704626690203
39 640.0698930595963
40 635.4005401638142
41 622.0804744994808
42 614.3754566566356
43 604.8624753802674
44 599.2356027236727
45 592.8021390061863
46 589.7054605874835
47 580.5900885636705
48 576.699113632698
49 572.1070559390403
50 564.3375435724241
51 557.7430858285043
52 553.7670925932739
53 548.3549174189686
54 540.6418073316395
55 537.8779931325196
56 530.6597919572995
57 526.3117483485911
58 520.4320271532879
59 512.3699552707288
60 502.97125949967585
61 494.66358412364497
62 486.1929309844366
63 482.7811857995441
64 478.52376513924725
65 475.26058248819686
66 476.47410017653505
67 479.09658882448093
68 477.51351478347533
69 482.67827420394946
70 474.96523154369675
71 475.6051241962012
72 473.5370185082307
73 470.7048159110129
74 471.355532460477
75 465.8498507343723
76 465.884105991014
77 462.5700768464811
78 461.317858909777
79 462.00526391424427
80 462.6978905924449
81 455.2521979476577
82 453.9027306173608
83 449.4245498908771
84 446.20575492951576
85 435.0843918239974
86 431.5957799139112
87 430.22174490084166
88 432.4493961772787
89 428.5055047507929
90 423.651077938079
91 422.44690796890717
92 419.15376726267874
93 405.9154761318654
94 402.1407461430265
95 398.88007116964
96 396.7007543451283
97 397.9595575408675
98 393.90895894562635
99 386.18250566198464
100 384.1443197295256
101 383.7112611224841
102 381.65176294780946
103 378.9686241756996
104 373.0514578378794
105 370.7474439467998
106 369.06692356232975
107 368.9295870634529
108 358.33313442507927
109 361.0381838096431
110 364.4097264805556
111 361.23258859038265
112 358.84210013063114
113 354.60194515968396
114 346.9551688671687
115 345.81049824599484
116 339.009345688034
117 337.3636277268675
118 334.32209194536523
119 330.6163812343427
120 334.47635686881927
121 330.4396181440188
122 328.18237705513206
123 321.50835139392916
124 319.081015425859
125 319.27915152522587
126 313.185354524929
127 313.9817034824903
128 315.3394121196467
129 307.9220804047898
130 306.084928432807
131 307.6153135411821
132 306.4433996530878
133 309.33299973873454
134 309.53231747628894
135 305.2196169345216
136 303.9874676437115
137 305.31189284502824
138 303.2698345449451
139 300.63621738351156
140 299.86711507324316
141 304.07256743306954
142 306.71208292831545
143 304.63692509365546
144 305.8781451057866
145 304.8603410708505
146 301.53087003070914
147 298.3016399014039
148 301.6140515911306
149 298.6575575095423
150 294.18445936060124
151 292.84308462859974
152 294.38547722085616
153 294.38843985709394
154 294.82470382843655
155 300.6320538705279
156 297.2379565552192
157 293.9137238630737
158 292.81026724367143
159 286.4214021654288
160 285.94439270883606
161 281.2577198225459
162 278.58764243014315
163 279.8779559176661
164 280.1643186074879
165 276.5737592027168
166 274.0695480962328
167 273.06615132321616
168 269.0772288676495
169 260.4959285746702
170 257.33389725660953
171 251.17569493601192
172 251.6872233479448
173 250.3876321371148
174 244.79515539140172
175 243.00267777319982
176 239.0559858035194
177 242.19409671488356
178 241.0229788164023
179 235.02514323300483
180 234.4975777473284
181 231.26208853336746
182 228.75763099589517
183 229.9432805927189
184 224.08515294806568
185 221.0393460466026
186 222.18768224402237
187 222.702953681039
188 223.73017029346673
189 222.618110613096
190 225.72324329875673
191 228.10622747667531
192 228.6089091232889
193 229.10851381425397
194 228.82794305890116
195 226.80629976378938
196 225.98958972050448
197 226.5160876306485
198 224.0693903413937
199 221.41835870892612
200 220.06128485875263
201 217.73968638037425
202 215.04256420793942
203 218.03179355717057
204 219.42562474240268
205 222.7389232054971
206 221.60867459501486
207 222.17891346369979
208 219.22651015607775
209 216.89457023937433
210 213.04723250919477
211 214.74498226385515
212 215.51558283096466
213 216.66707041902134
214 214.1340802491133
215 213.0150492738737
216 211.72657151122215
217 211.62080780817686
218 213.84147447577527
219 211.89021731494813
220 211.73575881892782
221 208.63025189381474
222 210.2859126873652
223 209.3179369936707
224 210.03238158761425
225 210.40636081968773
226 207.18129117269768
227 207.6183614494024
228 207.34239265402945
229 207.42101690825547
230 204.88893445196092
231 199.7969220491586
232 205.86436536399154
233 205.48295554370333
234 200.53605673718732
235 198.5761135278054
236 197.22127828382315
237 198.3864540631648
238 196.35935406967218
239 196.8291419887896
240 203.44792564483691
241 203.33874603938065
242 204.1095047765662
243 204.0911816693425
244 202.64574353926295
245 205.9558161021592
246 202.62820177491335
247 204.1228653700951
248 199.37772875386077
249 201.167788147524
250 201.76000349803854
251 198.80434960928
252 198.81219418309504
253 199.1604400664128
254 202.84043061944584
255 203.78876930866187
256 200.9824489121975
257 201.87681207451814
258 204.60931431565837
259 206.25027216378624
260 210.65163884060985
261 208.391288788395
262 205.38994720374183
263 203.90819992456602
264 203.0581993461161
265 201.85618023682574
266 199.89257422838034
267 198.33675831369794
268 200.03484295068557
269 202.53943552102487
270 200.92909570123112
271 201.05240578533366
272 197.3041820164086
273 197.67173962903962
274 197.54235447221868
275 195.4568890001173
276 192.91047274804652
277 192.26506604332292
278 190.03651443228097
279 191.6288582139784
280 190.9366702213194
281 192.26093716352517
282 193.1045772442845
283 190.76208456969132
284 188.69359773251625
285 185.96269009223627
286 183.04111570898888
287 178.49253707882218
288 178.7823181385281
289 180.8562511598358
290 180.11997758103777
291 182.28586884442717
292 182.43336941642391
293 182.61685136909952
294 178.38302967372098
295 178.2562441124036
296 177.66094158637546
297 181.68500774805372
298 182.99510277687372
299 180.4649221501088
300 177.8091912517724
301 175.59199087342543
302 174.16604507410815
303 174.7039461440311
304 171.5129501314058
305 169.8913075842042
306 173.34564053006216
307 175.67344327635715
308 177.34434159950104
309 176.3843773256561
310 178.2766289258716
311 176.8730731751114
312 175.57188967378337
313 172.59544962290983
314 171.0840439273581
315 169.46432118207318
316 167.74016241941038
317 172.206528924204
318 171.2811471676028
319 172.99740683092074
320 172.3876190041653
321 171.72491006090124
322 170.52152226406636
323 169.56403147059757
324 171.17093323215235
325 170.48229266641752
326 168.3452701859612
327 165.73778732346298
328 166.43218048417776
329 166.62592274861842
330 167.85266470142594
331 168.55943752139154
332 171.86037497285812
333 172.9135910530709
334 171.67090837591186
335 171.4790365983811
336 174.11521475170673
337 174.83640415265072
338 176.8423330557488
339 177.31009488593884
340 178.02543265544816
341 182.91944545610204
342 182.5428142620198
343 183.06260536622128
344 184.38304803187748
345 183.57690957539
346 183.10035403201957
347 183.32265471711372
348 182.40871895745832
349 184.384001513134
350 186.8559195837381
351 187.24401539210336
352 187.0413814238474
353 182.1177953769996
354 186.80676215177704
355 184.50943966192622
356 187.7871436895495
357 187.92908009154846
358 190.08297226688418
359 184.87435629937576
360 185.20823467425947
361 185.0197147259419
362 185.8119088552002
363 187.46646956068471
364 188.14469270699115
365 188.88535535660657
366 190.748534454376
367 186.7400314806208
368 186.72297919338794
369 190.71302094230876
370 190.6762754009039
371 194.2707195254041
372 191.57993671528646
373 189.35177438324624
374 185.33328027214594
375 186.4932658449132
376 187.8779599339551
377 187.80185036241687
378 189.1465850096968
379 188.28248861359077
380 191.9479273707737
381 192.4819023096774
382 196.3492515658371
383 193.48965374967713
384 193.70726466422573
385 193.25824488246838
386 191.1848333669006
387 188.31378492383894
388 184.52421211542193
389 183.6929133015854
390 180.15698989159216
391 181.79854563359382
392 183.2526693068422
393 183.39391473571644
394 185.24957912868976
395 183.7648478077198
396 176.27372825762296
397 175.10584516082483
398 177.68727078729435
399 174.44301520256343
400 176.00632160820237
401 174.9186798113716
402 171.25444350477602
403 170.57602625058064
404 168.23182063782107
405 166.87571026545612
406 163.96780298819604
407 160.87486203196792
408 160.01415736205564
409 157.11096322288475
410 159.89914715336624
411 159.70038333199196
412 163.58791423519287
413 163.26646645835808
414 162.64677469223273
415 159.78745783851565
416 160.55894149269986
417 159.59557919159033
418 159.61665695639542
419 155.05655600643135
420 156.34346734799036
421 154.5675056852575
422 153.4192148484347
423 150.93537188505397
424 154.09377407146502
425 155.16846688675471
426 155.41743222945675
427 155.56151431111473
428 154.30563974172586
429 153.02094224557948
430 147.9299326745101
431 148.72255836571662
432 147.47908236982053
433 146.39881093059722
434 143.87999557882168
435 141.9681895520523
436 140.76076390980288
437 141.65269267313386
438 140.33849148608599
439 141.6322829310841
440 137.54566520108904
441 133.29049270542214
442 134.26434123771705
443 135.0972069061536
444 135.18210612222254
445 137.17555593288068
446 136.66708169781904
447 138.9358336474593
448 137.1816684232279
449 136.0439922845579
450 134.55176151657312
451 132.78481107603045
452 132.0486920739194
453 132.98117792864474
454 134.15647374789663
455 134.44741700841416
456 139.2148567721914
457 136.99894165356847
458 135.0053495349947
459 135.60102558986733
460 134.33253625635152
461 134.75534318495326
462 136.75601389580237
463 139.67013985381692
464 143.12348733565045
465 145.0956475277599
466 146.64921555866275
467 149.5052783225914
468 149.3394052081842
469 152.25658840389235
470 148.43023201030687
471 149.6211020752925
472 148.21809473873446
473 146.46946880100865
474 147.2087049268593
475 148.83167770342337
476 147.27541181102504
477 151.25959770945167
478 153.94436427326255
479 153.88363447228502
480 154.8856821002957
481 152.46106414440996
482 151.43883111762804
483 151.22737145337132
484 152.31686386667891
485 153.6800045614611
486 158.41268729261543
487 159.5344433281374
488 161.88498978181423
489 159.76399824555128
490 155.12496631009515
491 153.57262666333202
492 154.26482235959375
493 155.78617894379857
494 153.7506671642862
495 157.13289621590673
496 159.2740108118486
497 158.02066993015333
498 158.64219277547588
499 158.58181225219704
500 160.81399249468714
501 158.6297293961965
502 161.1876809737107
503 158.9081595468669
504 158.65869367288917
505 156.61846475469562
506 155.08040971367558
507 153.96940794063443
508 153.25858220389378
509 157.7462469279025
510 160.82706195522726
511 160.41974391848188
512 157.2608067735133
513 154.49019488618794
514 151.60947865500006
515 149.97460079744684
516 152.57575776576022
517 155.23934390854984
518 154.04239682442102
519 150.20349360226953
520 147.33923781951495
521 146.39153008306693
522 148.4680752073874
523 151.9262731321588
524 150.8413572813317
525 149.59632874342392
526 150.76498118791682
527 150.7355407828598
528 150.26161466999105
529 151.5073029277988
530 149.9831541507972
531 150.19168057933638
532 149.10615982766979
533 150.3109847670272
534 151.9498115999543
535 154.3204520419353
536 153.34738701262754
537 152.38795235551387
538 150.206116938377
539 147.78572728402366
540 147.3204654205956
541 150.1590694329742
542 153.2420990706444
543 150.80962940969326
544 151.03592268607713
545 148.99702733479995
546 145.5360924679848
547 147.15885914692967
548 147.52188562222895
549 146.8713092577635
550 146.7169778893818
551 145.9054127252114
552 144.24172728396402
553 143.20291109870428
554 142.66478258713502
555 139.72120939818979
556 140.56366692321464
557 143.63470744789424
558 144.3957976015933
559 149.25056058119839
560 149.53038438899156
561 146.7766250713081
562 147.37907625501433
563 145.54139888469683
564 143.38796979553896
565 142.63640592086352
566 144.24077704606196
567 149.77806450499955
568 151.84187975237285
569 152.7076127105006
570 149.65244640074602
571 152.36473495665072
572 149.66863777271894
573 151.97586972896525
574 151.97328065477774
575 150.57716024396709
576 150.82059796968383
577 153.5292342662042
578 150.78983415085185
579 151.0788376306894
580 152.70680273950174
581 154.47799006689647
582 155.31277092257588
583 155.3959688699725
584 157.66251185209447
585 157.8078375687054
586 157.58549135600822
587 160.71070457898034
588 162.2118302857374
589 159.49765794583246
590 155.83081684175204
591 158.65952580392633
592 152.6473739551844
593 148.84190874363057
594 148.87411924448523
595 149.6173563350321
596 151.46242128024664
597 147.99748444523254
598 146.71325138797053
599 149.6054974296881
600 152.95515413232363
601 152.09404742188278
602 151.98767595441842
603 151.4907740016065
604 152.91516194147343
605 151.5395011648448
606 150.17712655424563
607 149.15408844024563
608 149.78690963484289
609 153.2699700895448
610 149.81564637515012
611 150.92639841918998
612 153.82364985567148
613 155.26968576160382
614 157.29276200786953
615 158.50076870989548
616 161.03870506531604
617 161.19278137588287
618 159.81701512912562
619 157.07436941977983
620 158.20457107305626
621 156.8564653637589
622 158.36050367122084
623 157.0179692480467
624 158.21817241489092
625 158.4708013992341
626 156.14449025076263
627 156.42606054467421
628 157.00381735106555
629 154.62767820532187
630 151.66101845687083
631 151.1132385845186
632 149.36640517837054
633 153.49129674050863
634 152.57705126878312
635 151.6824590908699
636 150.25137343978585
637 151.00225591132187
638 150.606147064758
639 154.04010069626432
640 153.0508400816424
641 153.0115395185209
642 151.71414790277885
643 147.6125226694786
644 146.8598800998066
645 147.73457971987887
646 147.8306962829017
647 150.60980550029436
648 149.49603937241508
649 150.38647044389728
650 148.96712098186936
651 145.47944036092306
652 145.40779958555436
653 144.39273337079578
654 142.33866198609178
655 142.89959888528657
656 143.9961988852513
657 141.71592661100058
658 143.97259583289173
659 144.50297663625514
660 142.95372965915706
661 144.12186026890976
662 142.17801135663817
663 139.58678115153015
664 140.87510279311107
665 141.73919147443706
666 140.40610420453177
667 139.58699227847313
668 139.62060798570684
669 140.47762347750523
670 139.20167530885195
671 141.94301464426692
672 143.38484743098357
673 144.16484820450438
674 143.95560277860648
675 142.06353614556667
676 145.20121964925247
677 143.4353095029048
678 140.64769746792896
679 136.94509846374976
680 138.27653177584153
681 135.83809221632305
682 133.141298507961
683 132.5782891333068
684 130.55050541101434
685 130.4303914588285
686 134.27024857586355
687 133.43641905682045
688 134.89765494403255
689 133.34933980934105
690 135.34270673006563
691 137.14378332305927
692 137.52423535062195
693 138.17950566364706
694 139.30562427214778
695 140.92867629633383
696 141.47760936466918
697 139.15502957781283
698 136.31232242905017
699 138.59093243897055
700 136.4766591959632
701 138.17518536962717
702 139.76918063300184
703 138.8317136424117
704 141.6367481809916
705 138.31121850856852
706 141.26081307147163
707 139.70111959558344
708 140.158063272393
709 140.47669529878374
710 140.8536066422266
711 140.7700620094719
712 139.5307153946993
713 138.04814023518173
714 139.46939615172406
715 137.23921480380355
716 136.5433024227272
717 135.04003434756459
718 137.95143217639037
719 140.68140088072496
720 138.58297566719733
721 140.40334866587554
722 142.9340375930086
723 140.97955101341387
724 142.22510871105786
725 145.7785076668157
726 146.05191023332193
727 148.23042537105795
728 148.78202795980584
729 146.90640621679194
730 145.0107426832728
731 146.44714045742995
732 149.4228126355357
733 150.87227258230047
734 150.6641251272894
735 151.14086748928798
736 151.6391362271546
737 152.84610578419725
738 148.13468349825894
739 146.36950476240006
740 145.78178168379438
741 147.31414608361962
742 147.40040172512442
743 145.0675855730217
744 148.1888555683028
745 147.13680420460616
746 146.96303934110182
747 143.33531601846255
748 143.87032172519267
749 145.04363885269078
750 146.46561394274056
751 150.1331148142524
752 149.06465917766187
753 146.9523319188496
754 148.30901476734454
755 149.609387787458
756 150.04344914788024
757 146.41686353761216
758 145.85046034290994
759 144.32132394549598
760 147.7172129688702
761 147.3711524123362
762 150.82167296822058
763 151.4940974327687
764 153.01305917435582
765 154.82864148914706
766 155.93367542111176
767 156.95788496168603
768 153.9408779012522
769 151.66348714742344
770 152.24074525388502
771 154.50477334990833
772 152.4816231505176
773 150.45475510458124
774 147.5966436298
775 143.65337481507723
776 141.15994758283335
777 143.10048211099036
778 143.0541303917741
779 143.15346680626
780 145.88177110820953
781 148.52144213489245
782 142.9767578642313
783 145.76901197014348
784 146.22132104857084
785 144.97633852645438
786 149.25668216341424
787 148.50814463276876
788 150.9332737012677
789 150.00643363508928
790 155.03458739206525
791 152.1401550227514
792 154.24626764277787
793 156.41095904638897
794 159.5304053195028
795 157.2682462816573
796 156.94109521106938
797 156.73093142249283
798 160.58997790408702
799 160.49233177698366
800 160.99376757758867
801 158.33438315325802
802 161.49424194360935
803 161.1068356574673
804 158.01034814093003
805 157.54484724851392
806 161.23313964479308
807 161.27491194723893
808 158.94703947136676
809 156.85015929824465
810 153.53613437380434
811 158.2027682715372
812 158.61073276648517
813 154.78775803464225
814 153.47404285483748
815 152.88977340287133
816 149.67780555781428
817 147.48597344717564
818 146.36591967851098
819 150.1445203639376
820 147.30108365301228
821 145.12408272690035
822 145.85073673270114
823 146.17709805676955
824 141.79681863840503
825 143.94590909965143
826 146.51174136774478
827 145.07424348303675
828 143.5847935409618
829 144.24025235551295
830 145.37687996060268
831 146.8390360392116
832 147.19397642770573
833 152.69707012748324
834 149.22621553461087
835 151.51200840082677
836 150.04713894761153
837 149.61962943885058
838 148.3197695521085
839 147.42526216158606
840 150.35922237419155
841 148.57479382850886
842 152.4445400112685
843 154.0660083858629
844 154.72162346800403
845 154.7928405422667
846 155.33201616566924
847 156.3645022511195
848 155.8995964454659
849 150.8475381142832
850 152.29743926078316
851 153.9563464138085
852 152.53057619980268
853 151.93079527604834
854 155.61409056656194
855 154.23336706249472
856 152.0699017505115
857 153.50458315429566
858 152.1855442840653
859 152.69313075178775
860 150.0882779549913
861 148.63045514815818
862 147.50631303516303
863 148.19823588215618
864 152.64467466331016
865 155.89919399158788
866 154.16192657730178
867 154.04595440469336
868 150.78095264342357
869 150.85113480068242
870 150.11069491924928
871 147.59951813401372
872 151.94805101400502
873 152.8907988050524
874 151.31265027177474
875 153.57273554992423
876 148.9814277320986
877 149.86694383343243
878 148.46721373010408
879 148.23551589536675
880 145.1183462035689
881 146.58549240264955
882 147.39951357177452
883 148.05770154542626
884 146.69913382943537
885 146.29564230870656
886 143.2641010861381
887 141.80265835355954
888 136.91951885597
889 139.1801857658973
890 136.07067134561842
891 131.31525522769866
892 132.94286597700847
893 131.8871886930777
894 127.92014025509147
895 126.29428147673953
896 127.86129177508501
897 122.36778787270805
898 121.05935869386948
899 121.93175046155282
900 124.43327574599147
901 120.66012523520861
902 121.36990196295517
903 122.39476181877384
904 123.52039166059296
905 124.29574524639847
906 125.10910527804462
907 127.45523982887957
908 131.5128941772209
909 127.48167908562317
910 127.54157281707798
911 129.57656814545766
912 130.31878981840345
913 130.09434610307545
914 130.91865243023742
915 129.66365271104914
916 131.43387086014468
917 130.41122493983875
918 129.60827971757055
919 131.3423199362032
920 129.51047373065487
921 127.45412516930912
922 130.12041071510575
923 129.56884730664916
924 128.35670827563735
925 124.52976377997064
926 125.94836000269457
927 124.73447398470026
928 124.69397242413432
929 127.16101238323479
930 126.53978527163237
931 126.29001940118508
932 125.30371889457058
933 125.87077687279907
934 125.43043744900707
935 125.80656450006597
936 125.43173337602575
937 124.55371134487267
938 123.25511082125537
939 121.816029957428
940 123.12408132750065
941 123.17828621585394
942 124.02914525268876
943 126.71911015986962
944 126.12009629170336
945 127.20760382771789
946 126.4052935865937
947 128.87596948379834
948 129.6261395890588
949 124.9508564068164
950 120.09977701654766
951 121.23166754245509
952 123.61273510629552
953 122.8102612995647
954 122.90488029930879
955 122.61922396227503
956 121.70575287548608
957 119.03289054729161
958 116.91114333475797
959 115.77599824928298
960 113.73003606848846
961 113.14962032543383
962 115.87060985971611
963 115.72149111944594
964 117.71397920746718
965 115.42219319774857
966 112.70725990509516
967 111.38130999886677
968 107.22144989359822
969 108.32186799347441
970 108.9828297374458
971 107.85264755691233
972 112.87406239531579
973 114.88187760006457
974 114.52668198830881
975 112.50162471835355
976 114.79725243871893
977 117.01175809943533
978 112.74114248534774
979 110.37205961348123
980 108.46636553269745
981 111.32225191242313
982 115.35640893323729
983 112.04294846780547
984 111.60756475009904
985 111.54082214483263
986 108.96033884120945
987 111.86426797272979
988 110.52441239056026
989 109.59100450412228
990 112.64625112337497
991 112.80401297842421
992 109.57952193205256
993 108.553225678435
994 109.15022302650819
995 110.36066701028412
996 110.85416797479522
997 112.6468789907777
998 113.87348745270178
999 111.69268706354153
