# iteración promedio
0 923.5179880785021
1 926.188912981592
2 915.326897251417
3 899.8023579064508
4 886.7421237293435
5 877.1484944166946
6 864.7112711237118
7 855.8811130491159
8 847.4822401848553
9 842.8885051516384
10 822.6366313647857
11 823.2962455695167
12 807.0871861988999
13 800.8703977153973
14 799.1947665967516
15 790.9003015660004
16 782.4786040196788
17 774.3047693473868
18 766.3521464377386
19 764.3778555151559
20 751.5776878841501
21 741.7458184328101
22 731.8963255499891
23 728.8837520089344
24 717.7011207734706
25 697.2276330295963
26 695.3003608746976
27 691.4388973317407
28 683.7504789473679
29 681.7540589348132
30 670.5905742462278
31 660.8120930597755
32 651.5065540469651
33 649.6693457707555
34 641.1530873954799
35 636.1858161220972
36 628.2476481897378
37 622.3074147226073
38 614.8784324749671
39 613.6724649864137
40 609.4181640879099
41 604.9656521297428
42 597.0847120372164
43 593.3839101966081
44 584.7731109083542
45 585.1519504233016
46 581.0314743815541
47 581.8603397882109
48 588.0504722881681
49 585.7003472026627
50 580.219673327628
51 579.7290819148154
52 572.30458841265
53 566.4897895020329
54 558.503254821405
55 547.1370239532497
56 542.7921742076986
57 539.5852090503155
58 539.0947680847526
59 541.5826458349223
60 536.1941231399876
61 530.2872445639547
62 528.1366149886584
63 532.9133908519733
64 529.5941158693363
65 527.9330928810542
66 530.6930513169223
67 526.876717476434
68 522.1284413970054
69 523.012109868539
70 517.439240287541
71 508.9176493468222
72 508.3140384180753
73 506.65342417962506
74 507.46350565698145
75 500.70779615855673
76 498.51428290556163
77 494.06997856260796
78 488.1642432016995
79 487.76037854354007
80 483.6042867743236
81 481.65304649866005
82 485.120962512836
83 482.3328391302046
84 481.98200163212204
85 474.17215802891013
86 470.5644494414807
87 468.3324600188457
88 465.61046840863344
89 460.88703221573354
90 453.97747871253955
91 451.7097982012121
92 449.09208758475256
93 444.0911310878549
94 445.9986761954621
95 438.9179221207719
96 436.29403540269664
97 433.09498992670603
98 426.42695284673465
99 426.54948348850206
100 423.72116886427483
101 428.9942721919457
102 426.4010712528532
103 426.11118813681236
104 428.73707718135466
105 430.5945092404189
106 423.4275591714353
107 419.253105683337
108 419.3367207700075
109 415.41524792092406
110 416.2349136064604
111 414.21006026116584
112 409.82135126946383
113 405.0029942026289
114 407.6669061039909
115 407.55954185794474
116 404.10970415073234
117 397.60972472043517
118 393.9552684261617
119 389.97560695525596
120 391.40200729470854
121 389.2612360120653
122 385.32662478332946
123 385.5300668792108
124 386.6624029685463
125 383.8028280631532
126 385.0506907705444
127 384.7599943806594
128 391.8784957641259
129 391.56513449452393
130 391.79082361556874
131 388.7718688797644
132 384.4456757072829
133 382.3556289418653
134 375.77600219124315
135 374.71067957650723
136 378.9867598951768
137 377.0954368725569
138 376.23455966569037
139 376.18598317194113
140 372.5511294319297
141 367.5563486791969
142 369.65773541463744
143 365.54928680794336
144 362.37253625625095
145 363.60486686681406
146 363.4380273764207
147 358.97266361772336
148 355.5729714621134
149 354.40966097082384
150 351.5171691858216
151 354.12551714202493
152 349.6294470551339
153 347.5939164676035
154 348.0639885179244
155 346.5138253245105
156 348.7984311290311
157 347.2282273837183
158 345.6140011840241
159 341.4497810397809
160 340.21954430574436
161 329.8439956325915
162 327.6654278468959
163 328.36586180004133
164 326.394568236669
165 326.5632385972288
166 323.2570135858898
167 320.37473254526935
168 321.0805598358891
169 319.12068363496553
170 319.5800761062679
171 319.8433725756172
172 321.61190207748297
173 326.53510298886374
174 324.07901269501855
175 316.15886013318635
176 314.59168924871733
177 309.1184669132747
178 307.04537901283487
179 307.6327523413224
180 307.10745422097375
181 310.74548327363135
182 308.0229293698162
183 306.0852448322386
184 307.71161594490286
185 308.17584117804853
186 307.38624878491754
187 309.78890540765633
188 308.7541289321198
189 302.2678044299812
190 296.31707808981747
191 292.8047920846604
192 293.60998198611554
193 293.2279970695488
194 294.06525821473963
195 293.6492953738825
196 293.6259042717088
197 292.7723813260936
198 293.2721640913757
199 293.58584869486265
200 293.15733194462905
201 288.7649641748087
202 284.364264659581
203 287.5216482190982
204 284.84425514765684
205 279.20899139763065
206 274.05047554313785
207 271.83802413227824
208 272.933689843795
209 272.02111379841494
210 267.0165773689489
211 269.05595275503214
212 265.2005236340562
213 268.7365264801776
214 268.85420094210104
215 269.21847704193465
216 269.8248470790623
217 268.9403321088332
218 271.36617383307987
219 269.23205325100656
220 264.4035799625395
221 263.0653770676313
222 263.2405189867237
223 261.5632108586365
224 260.31761087339095
225 264.23030338499484
226 259.3651976687326
227 258.38401264949107
228 258.4157539574953
229 256.61628693711003
230 258.9233842738793
231 254.07493540603772
232 254.1225841612753
233 252.09780356361105
234 252.88443281825866
235 246.49711855125733
236 246.68273041683318
237 252.56533110264132
238 251.8902155760703
239 254.3375354970216
240 254.76955863789055
241 259.40253017925346
242 258.2728590341315
243 252.72014684800104
244 253.19525532189385
245 254.75633117835753
246 253.80923534147124
247 253.81011620171802
248 254.49460703893251
249 258.83867064001663
250 257.9214374572628
251 256.2914585705355
252 255.357551997249
253 251.69382974242785
254 252.5385753668673
255 249.04415699172046
256 250.77065497085133
257 246.55476028564317
258 246.28802812853047
259 243.05785452007686
260 244.81689959391028
261 243.15446717006623
262 239.55247744796998
263 238.65706403439444
264 235.077063665148
265 231.39048880883297
266 228.43039241915002
267 228.74627109783611
268 225.06744055019004
269 224.32141770555683
270 225.2644353384104
271 225.32320936564625
272 225.1924150275067
273 223.161512220374
274 222.6284401784712
275 222.8201700854899
276 221.11881041435333
277 220.70123357880047
278 215.6406324186837
279 215.36796176087952
280 212.785206811026
281 216.48404648321997
282 214.8327468004579
283 218.68154160080846
284 217.9486227253076
285 218.31098256250573
286 209.34993297856363
287 207.6263820595155
288 204.65034853395392
289 203.6587580887375
290 201.71679430426923
291 202.2582691001006
292 201.66491449064665
293 201.06534648898278
294 198.88587672791465
295 201.0275412920992
296 199.2878472027549
297 201.5100800825279
298 200.20363318252515
299 200.8500322593376
300 201.62491540198812
301 201.8007169266414
302 199.47969956801447
303 200.22401449260707
304 200.72354904902784
305 198.52814043121933
306 199.35507235744734
307 198.82682645484962
308 201.19267490862669
309 202.197522057303
310 204.60749235260923
311 203.6937149746931
312 202.06025176167765
313 196.87168502429034
314 198.6775181672582
315 195.4878124467847
316 195.879538590088
317 195.35996192891128
318 194.95643424372437
319 195.13792303193426
320 195.2586081046311
321 197.38284558044845
322 195.96451540341678
323 192.67440465474402
324 189.69451056993054
325 189.93818914096533
326 189.8883111919931
327 188.017253855464
328 191.4539378746643
329 191.0929807551152
330 192.23745028667247
331 192.40896113158826
332 190.59912361081544
333 189.3710319096761
334 189.54491451500672
335 187.35381283063234
336 189.82272712864037
337 188.5303945420192
338 184.97101951079193
339 184.1508646954635
340 186.08792993622848
341 183.92900813788677
342 181.0086727434878
343 180.7083199613201
344 181.72121930185705
345 181.82760171987127
346 180.95512224817656
347 179.52901122579703
348 179.95349767535893
349 181.94259995598335
350 180.8441486881806
351 179.77750392595172
352 179.7407522525901
353 178.75837005803686
354 180.55885852413346
355 180.76542664402783
356 180.2065633318402
357 179.25863691980322
358 179.4379858344971
359 179.2698784626507
360 175.073917167842
361 177.2690207049721
362 176.93813342815977
363 175.6697225124103
364 177.71280048206074
365 179.3400899464569
366 183.3038859837924
367 183.62138138157795
368 185.5714370700284
369 185.54963882745514
370 185.48562966953787
371 185.11004362342177
372 183.26830210108935
373 184.49077334956937
374 188.71088441957093
375 186.231843441906
376 183.18983508996502
377 185.01474760346463
378 186.50123274993246
379 184.9991166188836
380 181.41556733008426
381 181.37699592780157
382 181.35597680230177
383 179.13933507356745
384 180.43091440171287
385 183.18918595181697
386 181.62908365688097
387 180.42340011851374
388 181.45912565547172
389 182.04850078127828
390 185.13346121737337
391 186.1302546722349
392 188.06439875118429
393 187.61614712570952
394 187.52221829733926
395 186.2808009443782
396 185.77439459507866
397 184.8117601853204
398 185.16852974158948
399 181.12259069210265
400 183.19583594357715
401 184.18549097095422
402 184.04056105536998
403 179.13442489900652
404 179.72219989159922
405 183.25171560762828
406 182.6177417834497
407 183.93575633180214
408 180.85483829835695
409 178.68438791113854
410 179.1421492389952
411 182.7447937808461
412 184.43234077378256
413 185.07925139583446
414 184.589935214252
415 184.34455951701602
416 184.15298969893206
417 184.65464580430825
418 185.64458421675639
419 184.66513384574907
420 186.9573866643135
421 185.67703825968448
422 189.9471639672945
423 193.77516531718828
424 193.86176935027066
425 193.81041568923484
426 192.1048457737701
427 192.82698201577824
428 191.5280068228639
429 193.1757623216352
430 193.58872780849845
431 190.69631853898989
432 188.75621671822873
433 188.75154829154013
434 189.3454566249201
435 188.7616353876134
436 190.99755171468706
437 194.25036233744476
438 194.90592349736164
439 194.64937884655578
440 196.37774224205856
441 198.23989160652215
442 201.3632718051142
443 203.58109511139693
444 205.6245518212316
445 201.89511215075615
446 201.9414789485035
447 202.7988240618234
448 201.43431084588457
449 205.08690469273043
450 202.43287729010848
451 198.58918846169988
452 202.99951296875042
453 204.1681487004944
454 203.87298684455536
455 200.21529339523815
456 202.46046892902484
457 201.8015349478944
458 200.04938191337484
459 204.36744378949044
460 207.1116782276239
461 206.45125294987204
462 206.5751722027291
463 202.9906798821263
464 202.4173002751945
465 201.60059756669446
466 204.77521938026203
467 197.7524902677774
468 200.524406891232
469 201.29386478366357
470 202.65012005184482
471 200.29341574204543
472 203.4570379790709
473 200.43774331545643
474 199.61380493473627
475 202.29250875803675
476 201.29712828962045
477 202.0119160079398
478 204.57478799151303
479 202.4502146716738
480 205.07995707439866
481 207.01093276953983
482 204.49779008277122
483 203.84308106429916
484 204.3553941624701
485 205.38341742307486
486 203.2890370395504
487 201.76558092569664
488 201.40226008212815
489 201.69473747890478
490 202.8278180894322
491 205.66054580345227
492 204.36959183696192
493 202.7069923070676
494 206.72417026556025
495 203.04754146318558
496 204.66887085246864
497 204.62054135500904
498 205.31649820424846
499 203.1966445818433
500 202.76392194014824
501 197.86432114364456
502 199.76129695069193
503 199.12198988588193
504 197.05338418626138
505 195.263360855941
506 196.93130264530194
507 195.37793240038891
508 195.46141700372715
509 195.49935340497348
510 197.80202441845142
511 200.39993574795673
512 201.67641855607792
513 205.8412520996015
514 206.38422452478767
515 205.1044300704673
516 206.7587316905509
517 207.71931110549704
518 208.40519120692298
519 210.54375857018266
520 214.43474597903298
521 209.03017814408875
522 209.363660634888
523 211.16050733682638
524 211.28349335203663
525 206.59560082643267
526 205.4027770593809
527 206.23654464438187
528 203.09372322763906
529 204.61790081358777
530 204.72269664274623
531 203.1118973255398
532 203.2775594096808
533 196.5913857886345
534 197.30614974774576
535 192.53872198690846
536 193.46238691020326
537 192.81354197528537
538 189.02380618137173
539 187.86717887687504
540 186.73039821637911
541 190.20865160558972
542 188.14362381874201
543 189.6087211834231
544 188.11600597220277
545 188.45930382907284
546 190.8285856256193
547 187.67281599805054
548 186.26954416657065
549 182.56081812369618
550 181.19837084108968
551 180.14161718242485
552 181.316645789845
553 181.0987405769699
554 182.12142836051913
555 179.3511712648196
556 176.85125698140627
557 177.10174582887572
558 176.93647987828908
559 177.63455701690896
560 175.21740989178906
561 176.44496435246393
562 175.81670588925587
563 180.430979146339
564 180.3729870807169
565 180.56796547775724
566 180.14830239578748
567 180.9027651669758
568 180.87185088146092
569 182.4175760918088
570 183.23144578382872
571 185.96002686564188
572 186.30355172666938
573 187.2014452625829
574 185.45549865542043
575 188.9543182405864
576 187.19435738077533
577 185.4665099607203
578 182.82742126027335
579 183.485773145848
580 185.31598542408497
581 186.538651005634
582 186.41480538088777
583 186.29423034320578
584 185.45757765685704
585 184.59611876427599
586 183.77428126696915
587 181.79081922897203
588 184.36131698465917
589 181.02919267267617
590 178.58083168992897
591 178.14229943607998
592 176.09774326359332
593 177.07349715177065
594 176.69492838172323
595 179.35621292809753
596 180.69063450672576
597 176.8877407293241
598 176.57376814104654
599 179.40151249120646
600 183.00326302876456
601 183.58827915840251
602 187.7289824663499
603 188.19179132287752
604 188.58710991565422
605 189.1955170152479
606 186.47448526838488
607 183.62089488300538
608 181.39524135198155
609 184.55714424391317
610 182.11769158160172
611 185.06650053660226
612 185.65828856473993
613 188.28083422751698
614 186.44891760902948
615 185.78514739065767
616 185.29599680319757
617 183.42757190928117
618 185.16680232930187
619 184.01729217958152
620 180.42075138309826
621 180.32366183464947
622 177.5671954656877
623 172.99473643407467
624 168.284792975887
625 168.09530335368655
626 167.11589334609215
627 164.7139241596637
628 166.18512115213395
629 161.4584250518774
630 156.48798378610925
631 157.9560346502212
632 157.02049640690132
633 157.53749018796904
634 154.95195534834636
635 161.32350729882157
636 161.56183627743283
637 160.4015640936763
638 160.5376551106372
639 162.5715713948636
640 164.0351374470674
641 164.2141763750364
642 166.95519185031628
643 166.76678206575923
644 166.16871190422088
645 167.15298216364027
646 173.25742025133866
647 170.38737467485052
648 172.5644042378642
649 174.64857620983847
650 174.22428503757604
651 173.13426820098113
652 171.24251547501714
653 168.56863179901381
654 168.29756262629388
655 170.87790650039588
656 173.22694914111452
657 170.52827364925054
658 174.02825326334502
659 176.58196664276684
660 177.56487101265742
661 178.04163437751671
662 179.33968065639345
663 176.6521693858482
664 180.48267634083834
665 178.463066988068
666 175.42180818420871
667 175.5116982743388
668 177.05317952886705
669 176.64473785022216
670 176.93111898446256
671 176.36092420165474
672 172.70102595611482
673 172.7106914734224
674 172.5685986212685
675 172.47034909112412
676 174.6726191880316
677 174.2523888009767
678 171.00095810635437
679 172.66519043313943
680 172.6905931653682
681 167.98950090479147
682 165.44855579874383
683 166.76195458409723
684 168.5365079640518
685 168.14547816439747
686 169.28439288222725
687 165.92434315339412
688 166.77824070514626
689 169.14994700811687
690 171.6984733504049
691 170.2156024642318
692 171.7701810742812
693 172.22383532740048
694 171.7835802965139
695 170.35111821220977
696 170.1545269526634
697 171.3624477076489
698 172.92669554913286
699 170.4900427320124
700 170.14155793131147
701 173.42262081460157
702 174.0201794774169
703 173.95269729712317
704 172.20157732038288
705 175.7184439953339
706 174.54927619920204
707 174.73476104565626
708 174.13800977882403
709 176.80537408907344
710 178.5968225009002
711 176.3658348120003
712 179.72031820717532
713 173.9413428047754
714 170.6179090819718
715 172.92194097224828
716 176.47056256713563
717 172.238042953222
718 172.44248971121738
719 170.43500214853154
720 170.53848241180785
721 168.94534993199548
722 168.92616019366687
723 173.40805421774817
724 170.35291941508783
725 171.95024017330203
726 169.57417074770024
727 166.9960039926291
728 165.6197705444689
729 162.8259449718183
730 156.63739635685712
731 160.5877005206488
732 161.13272399766234
733 162.1470244744705
734 166.73576202024614
735 170.00068648591525
736 169.00683180280694
737 171.3853478520088
738 172.48852247215237
739 172.82553292560283
740 172.2732820738802
741 171.78554240737347
742 172.01267492488384
743 172.13503740082922
744 169.8719691902565
745 167.69176853035052
746 169.786351245238
747 170.20658717532268
748 174.26401834903444
749 174.15509900447512
750 173.15375783739105
751 170.68620323967605
752 169.13814285802607
753 173.13804165996186
754 171.01166949327316
755 171.6622540598415
756 167.3608716466105
757 165.27993941300926
758 167.6034575610982
759 173.38343677657238
760 175.46238132828827
761 175.39562541667146
762 175.90832042803765
763 177.07645632318952
764 175.15981809173562
765 172.6478380502858
766 169.66412231327536
767 170.74735419988198
768 168.09956020774396
769 167.61168055534668
770 165.71379520244093
771 167.00403494918243
772 166.7843483046398
773 163.1610438880444
774 168.03498341012525
775 165.16560183262052
776 167.57948696158692
777 165.99881287675652
778 164.91286151405987
779 162.3753655137959
780 160.63361236698643
781 158.74041127582552
782 158.58459001679734
783 158.11917410933006
784 157.21710823588197
785 154.02033157528044
786 150.18836663195523
787 148.8718099203595
788 147.48948473154115
789 146.0077574887599
790 146.32829449123096
791 147.7059000620044
792 146.26912784065766
793 152.48165764700084
794 151.52421422924752
795 150.85590165393847
796 150.6028112229964
797 144.32712596325763
798 143.61180152183545
799 144.38718180755143
800 142.0817391195247
801 142.25620864664097
802 141.78629832084732
803 142.62478042479768
804 138.58528621638004
805 135.62882601667903
806 135.1774958935075
807 133.7517636008855
808 135.7372108847802
809 135.98486284787862
810 136.97762759967245
811 141.60706634847134
812 141.1865845872096
813 140.32250701292458
814 142.51825494385417
815 142.03789088164578
816 141.08823093264152
817 140.87577859261356
818 136.6869911506012
819 137.79955378484203
820 139.06654841067106
821 142.0330441048113
822 141.13366595456395
823 144.75089606433164
824 145.83193717995903
825 145.74497920170418
826 143.63764088510325
827 142.84363187112555
828 145.51453504283228
829 144.7820904727107
830 141.62199553142867
831 140.44587157375653
832 140.22820968565117
833 141.2713020285183
834 141.2839808584504
835 142.40500651437583
836 145.9170534517886
837 142.03333135724318
838 142.43657793847788
839 142.36698293331835
840 143.13874981993968
841 144.1584323843654
842 146.715478038274
843 143.98416906202993
844 142.162338070627
845 140.1914397675897
846 139.33865593910647
847 139.6448657933132
848 137.8413490971637
849 139.60825786515613
850 141.91820638211027
851 137.5281244015828
852 136.950501946658
853 139.36031348688235
854 136.82549526555607
855 136.35863255751048
856 134.77029153149172
857 135.56925781702324
858 137.71422010326813
859 138.97900202985056
860 139.85408500087829
861 139.7502345782903
862 138.23724180379966
863 139.60362616948674
864 137.87366091708046
865 142.47603652531626
866 143.92028839685952
867 143.4300121820801
868 143.20034894868942
869 147.25890726178284
870 148.65199880667674
871 149.14977250375824
872 150.53728411837054
873 151.2123992098438
874 149.50200140535628
875 146.05284220870104
876 150.3900489427466
877 153.6215281528848
878 152.73060544132142
879 156.67607498595814
880 153.6316875134154
881 152.75210747305678
882 153.71744075331907
883 158.38468802436194
884 158.0505651686969
885 161.54081078165026
886 163.1257539871863
887 168.14097112018283
888 168.774642282825
889 164.34182583158767
890 162.91108358852864
891 165.15650899437523
892 167.1251416964133
893 164.49644347725447
894 162.26088512464514
895 163.77789170099211
896 158.46448154127742
897 160.50370020763964
898 160.99194292813766
899 159.5471307642695
900 161.50925624680477
901 160.49038643734823
902 160.10868856735314
903 158.6366045359411
904 154.969115263776
905 155.89059162789158
906 158.89923217068994
907 157.5980172438683
908 156.00528286165385
909 150.49392940254194
910 149.28579792430756
911 149.9143200185508
912 148.67096288762752
913 149.7414190796456
914 146.67920222187828
915 141.8184799409043
916 144.48140925993437
917 145.0423024638545
918 147.62572405974822
919 145.58742698547633
920 147.18909702705517
921 151.98889377838296
922 150.1320829879115
923 150.17934262323607
924 150.34154982159478
925 147.93166649673446
926 146.4321797106729
927 149.50900516103138
928 150.7773529367007
929 151.59398961903312
930 149.65067593103475
931 146.41865414265362
932 143.62027218249017
933 143.8731584059633
934 139.5933506360568
935 139.71715150667168
936 138.14502616869143
937 139.16635516682072
938 139.4078337296943
939 139.89715787502223
940 143.0942098137002
941 141.49613036589886
942 139.7677356011164
943 140.05559116860522
944 140.42946645119585
945 141.1255560098721
946 143.33399428486717
947 144.18275822967232
948 145.14374288177262
949 145.44029466469811
950 147.58551071250696
951 148.53126487884484
952 150.06991533822165
953 151.34676288052134
954 148.72426763536888
955 150.04629053264878
956 149.6802589264974
957 152.91401474246385
958 154.70777021614413
959 156.54521525197347
960 158.91850699340455
961 163.75470117655928
962 165.66281135623743
963 168.2271093391478
964 167.2690124196473
965 162.80507876826033
966 163.7817045212235
967 163.03758443537924
968 161.52563024888818
969 160.1448110292239
970 160.54868623694068
971 159.68332209215976
972 159.6691331050882
973 161.7023843914692
974 164.90433380322574
975 165.74377702020428
976 164.21863138425525
977 163.34765100760103
978 160.3626511162067
979 161.50410655426384
980 164.48913228560997
981 170.45906904557071
982 167.95039440015898
983 167.2179652180145
984 169.98261489013785
985 169.45940669688295
986 162.74827044173446
987 163.368942741759
988 158.66338833914008
989 159.45409451500578
990 158.31054126502877
991 161.17638679048125
992 163.08736517573115
993 164.82186541851985
994 161.38598398783407
995 159.6295989316895
996 160.81522103410975
997 161.9834078652664
998 162.65331511853145
999 161.4732084670885
