# iteración promedio
0 921.3774876745963
1 913.6826847384099
2 901.6619109163339
3 897.3524427803059
4 893.9115620543624
5 881.4341383503141
6 872.8517048238497
7 871.5369014697047
8 870.5057619158289
9 877.5567667634751
10 873.3673014305292
11 866.7405280906341
12 854.8402710246045
13 845.6144043356616
14 836.3346163037585
15 835.4555187211004
16 824.0698436207394
17 819.205414626212
18 806.2190304352752
19 800.0677131516219
20 800.1036457505629
21 792.6785012106017
22 780.9796176229751
23 771.2010027371402
24 770.1286237437547
25 761.6206756247631
26 743.2321686429891
27 739.6722920778735
28 729.6180401514097
29 720.1456220125484
30 710.6892357405635
31 698.6486791953106
32 683.0375329291285
33 670.625262380873
34 668.3082240782725
35 658.2655779327646
36 644.852887184346
37 639.5571763157982
38 628.779450917938
39 622.9376345234319
40 615.1597409772962
41 602.2503907487993
42 603.2772376346231
43 603.0036791245925
44 596.7558162812081
45 593.0343711463363
46 587.3777290698305
47 585.0169354505556
48 579.4529238870418
49 577.233053098871
50 576.9663159573032
51 573.7881542965815
52 574.3249850598977
53 564.9403081809065
54 562.0695502228109
55 553.8312855363765
56 550.6191041240165
57 538.7295522793796
58 531.4141202856433
59 523.227319652676
60 521.2678177875209
61 518.1540208439524
62 515.5764494426819
63 519.3283966099037
64 516.2267542710124
65 514.3284479121053
66 515.2075541653504
67 499.5085165555063
68 498.47774899130667
69 502.02065182740165
70 497.61394445560603
71 502.42958814930273
72 499.8742476901925
73 496.27725116173775
74 492.1999626236833
75 485.5130240353099
76 485.00124998974076
77 486.2372316085488
78 490.07775337660206
79 484.6122554259254
80 483.16950002044575
81 484.551640191578
82 477.63493264525175
83 474.08541126176056
84 474.30115272965696
85 474.6161427590406
86 472.9228288267513
87 471.1118153464169
88 459.17407963265447
89 459.03548473836287
90 457.3351630205988
91 456.8078871158093
92 451.7010299218109
93 448.2327264677138
94 442.8444113262166
95 437.5943257442266
96 432.5791782670074
97 431.68749782062446
98 433.8772422061936
99 436.4216400611083
100 430.3457300022919
101 425.9884653329814
102 427.44954502085363
103 422.4282877104616
104 420.08282966970125
105 418.59067981086935
106 418.057261438751
107 413.81729813951506
108 418.3274659448294
109 413.16063614987945
110 406.6256412920348
111 405.8250150490448
112 401.3466186747192
113 400.43628695883564
114 400.8009403772001
115 394.8315683321641
116 392.8471809621284
117 393.38490618266434
118 388.99549222779444
119 385.8757084588287
120 388.0165784129693
121 386.08704723863923
122 386.17786955506375
123 389.60899518622
124 383.6921834279627
125 380.6674166886264
126 380.1029544284952
127 377.09818155447107
128 371.9835980829486
129 371.6608514218286
130 373.4022326948485
131 371.5566904255756
132 366.19265905593807
133 364.5527005069268
134 363.2702795946845
135 359.71677468079804
136 358.46666938832857
137 356.13505364075246
138 359.29629825256046
139 353.64242908091563
140 355.4599399823773
141 356.86894005969174
142 353.56985631904985
143 351.8603110246154
144 348.897555058498
145 346.18176746664176
146 346.5256157899383
147 345.36421743723184
148 339.7603533196873
149 344.4852969761534
150 343.59912737840307
151 342.1307342273943
152 338.1880298410257
153 335.51295120617914
154 334.2853303980014
155 336.5125066238417
156 333.6704937768924
157 333.1156437760872
158 334.1406694089876
159 332.19637037368324
160 328.1125163845196
161 327.00465657624903
162 332.5137519215953
163 332.0922418069458
164 329.8093215130359
165 328.47116762926686
166 329.2977351313343
167 328.1583829108997
168 329.5794861514724
169 325.15400446315374
170 325.4852546962084
171 322.84231675493623
172 319.3498838108191
173 321.01755576790396
174 321.1862688522383
175 320.51505772216694
176 313.92182808425946
177 314.5337809875386
178 313.4938579004714
179 312.5250285743909
180 315.859903955389
181 319.69781424671123
182 318.08962791880987
183 320.4946526644239
184 321.57367463505665
185 320.48816838728055
186 321.08849126432756
187 315.7278862613114
188 313.55687953451894
189 309.18835137798
190 309.43127186624855
191 309.1772589841324
192 304.8553398565337
193 309.04275821333323
194 305.9210954975875
195 305.60579980940145
196 303.48152717982083
197 307.3197045877952
198 307.53081756155416
199 307.42914026016604
200 309.85307342757386
201 304.25268808702054
202 301.27084921968185
203 306.07950356652344
204 309.04732461048116
205 305.831608312045
206 308.0715851999113
207 312.7398542385223
208 310.9510368307814
209 310.696074536593
210 311.57145076672805
211 307.4172783615942
212 306.75465206445904
213 302.8641793481611
214 305.60376512226424
215 300.6063347320832
216 301.06234425686125
217 302.5687098717719
218 298.2701356267025
219 300.75089894215455
220 300.3252901378209
221 298.1282935726516
222 296.50600329848544
223 289.2812643844884
224 290.59592737460093
225 289.0487224361637
226 292.69178266100903
227 294.1317167723216
228 294.98936426530713
229 295.9197138406619
230 296.4034004458928
231 294.7422626129771
232 293.85571532069224
233 294.8862006188214
234 296.8313582663676
235 295.94193823283683
236 295.2322572469541
237 292.6677986384704
238 289.9235268017912
239 290.729225000079
240 292.87531981523074
241 295.04314393607626
242 294.5953076249826
243 290.9426108502179
244 288.74152560279487
245 285.5212563485149
246 282.13809815502077
247 284.27133857106963
248 289.0489909540619
249 282.51904721992355
250 283.8049848526374
251 283.27745392547246
252 281.5747480976539
253 281.7667463372096
254 278.01756870673694
255 281.2446060803934
256 281.0070866514523
257 278.8295651274407
258 276.51013728399886
259 276.6711480122443
260 277.5390517812333
261 274.1741776417311
262 275.4489416247532
263 275.9538791302179
264 273.0713203886907
265 271.2935063133215
266 272.9583866290289
267 275.5400558192838
268 274.2752981641663
269 276.073650936794
270 275.39444660506973
271 272.77783232630753
272 273.03905680658306
273 273.4188466849546
274 274.5624121870818
275 274.3893074767903
276 274.0125448364651
277 276.5162672618872
278 278.4117564429261
279 277.86936102865116
280 275.21616381485074
281 276.6923881571165
282 277.37628469564316
283 276.04252791458094
284 279.2508723445173
285 274.63038642374886
286 274.39770313841314
287 276.4470271041053
288 275.7918628264608
289 274.4528136172524
290 272.8192557683902
291 271.30156637389524
292 269.5710109781769
293 268.24262751301575
294 271.66043088402677
295 275.953318946389
296 278.5285908374896
297 284.1684350871964
298 282.1066450529477
299 283.159891724157
300 283.7701795390977
301 283.3957339666949
302 282.86842607471544
303 284.0416906813235
304 280.85207112579184
305 280.6311648421152
306 279.997794362844
307 279.5774602132243
308 281.23935545343414
309 278.2866594189963
310 279.03932163016583
311 273.3128852678044
312 274.2454958852316
313 274.2184602155138
314 274.7076362662338
315 270.83017136715983
316 274.18068334720783
317 272.26778749218414
318 268.68932390152696
319 272.377366042413
320 274.1252920588994
321 269.1815134192878
322 269.3995020311892
323 268.43614617126
324 267.30447941971556
325 266.49609070177377
326 264.2577525344457
327 262.39469334357005
328 261.035259561037
329 260.72875147105935
330 258.11213276383586
331 258.1152005117363
332 258.0452550822022
333 255.74929710208892
334 257.35375891651245
335 260.5389412342862
336 260.2161988959626
337 261.50052124115047
338 257.29872028022425
339 256.72767225805023
340 254.4595030016853
341 257.1100625157944
342 259.1856147183677
343 264.678611162697
344 269.33341764376485
345 263.41121592064525
346 263.6244082916864
347 260.0217488366322
348 261.9636618597261
349 265.2444350289285
350 263.57340130260377
351 266.2310415691253
352 264.7817455828971
353 265.7760499417258
354 264.77762489995825
355 260.85857485985105
356 263.0032038968491
357 262.3390145339045
358 261.3845008072376
359 261.4685479998114
360 260.215758879911
361 258.9491001556043
362 260.5437100110908
363 262.73752528483396
364 265.599941059842
365 261.3735506972819
366 263.38317334502835
367 263.0335273287889
368 264.49709531956887
369 265.23599724318547
370 264.2781935270288
371 264.87712320011093
372 263.04740927196167
373 261.36297467366256
374 261.53697588913985
375 262.2470073413676
376 264.6345541046742
377 265.8508886925014
378 265.2149648796905
379 262.5551586249846
380 258.07513909822
381 255.81027591503164
382 261.2437658031395
383 259.26766684014626
384 256.4938780617517
385 262.5755165523616
386 260.51395980604644
387 262.781808452946
388 261.74005594168693
389 259.59930538770374
390 255.28742952562166
391 258.03846093337233
392 259.13254050776845
393 261.03552550339106
394 265.5867631343822
395 264.0919402501797
396 264.4558542649744
397 262.80022505264003
398 263.6989147744445
399 259.32392517750833
400 262.30433612816415
401 264.5347403365775
402 262.5159511243471
403 262.33040611434734
404 265.33107033815406
405 261.1983617701901
406 261.4146183326217
407 260.39764405583287
408 259.94895225086753
409 260.19782410672303
410 257.6878502943195
411 259.9284490846032
412 255.8081076652982
413 254.23819280741372
414 251.8985744270462
415 252.98951908832515
416 248.62830584323245
417 248.11349843365008
418 249.33663675760897
419 248.28142575853315
420 244.9774414847659
421 239.80257213405602
422 241.0592273356076
423 237.97407024482882
424 232.5178328381541
425 231.26847487345586
426 230.17752308489668
427 235.2023036532858
428 234.93657161523322
429 239.93552676846903
430 238.42382337906528
431 241.3469909325572
432 238.32635538081112
433 238.95494924414717
434 242.19482701603175
435 246.09450263109306
436 246.4110641469696
437 249.5695437343462
438 249.70712251447966
439 243.7600376963843
440 241.1434179275266
441 241.83428644006202
442 241.25741169806545
443 237.11174353847792
444 235.26119546559912
445 237.77469204799357
446 231.26566102237814
447 235.1079274421827
448 238.551788163985
449 233.43995996320209
450 228.76301804675626
451 228.3544233611192
452 221.55743970543375
453 220.42287841614024
454 222.44555738324004
455 222.6944605746192
456 223.08156301363405
457 225.21361978247919
458 225.89359963029273
459 220.3973873567543
460 220.44552704855843
461 219.4440699836507
462 220.1130944189308
463 219.56666839864513
464 217.3696424776676
465 216.77138283717383
466 215.92000579262395
467 213.10762245646345
468 213.97609155540718
469 215.9944282854998
470 217.0561043977992
471 216.9571790124989
472 213.87822319431012
473 211.67021794525903
474 210.96003210185313
475 214.0903755422138
476 212.9453907908512
477 215.46362314414677
478 215.81457947581023
479 214.64727258611484
480 217.20457009084367
481 213.63993726405818
482 208.00693805942535
483 208.324983417696
484 203.44885910004905
485 203.7085195205478
486 202.657749090286
487 204.61243320996596
488 206.82113310837863
489 205.52765915827797
490 204.66104376813095
491 206.71167723702862
492 209.4979323808233
493 208.36199670659076
494 209.37194275650117
495 211.045617348372
496 211.54132082471423
497 210.26837644930325
498 210.24681929376194
499 210.01255429022413
500 208.9856575819506
501 204.93350558065376
502 204.32151769741725
503 204.6420497543628
504 204.81453630472268
505 202.4788618709194
506 202.3394412693513
507 202.75882881880756
508 206.15021989081032
509 207.81298895533737
510 204.46614007885483
511 205.26680384146295
512 202.9140546131067
513 204.77485912913627
514 204.94604849126856
515 210.7401256589493
516 210.45018973154495
517 207.70584714610413
518 209.1415714889155
519 210.09594240782917
520 212.28455619885244
521 209.54507287479746
522 206.3336733209131
523 208.2884540049109
524 206.53368717970378
525 203.4321348945006
526 200.78880406379773
527 197.71117029360357
528 198.80581893839778
529 199.10911729660182
530 198.07404784443665
531 198.12429222915662
532 194.63657535797748
533 194.86471711321795
534 190.7458891333977
535 188.95870123575045
536 189.79188095271533
537 190.3653460594151
538 189.18858676589014
539 189.60559506636164
540 188.86791068935565
541 191.22157269239867
542 189.76932978621295
543 191.136706700076
544 193.34448120782886
545 188.75602213489285
546 192.4600290032492
547 192.88089337289122
548 191.33124803958444
549 191.9173972924942
550 191.95043337141627
551 191.48098761509934
552 190.55738065733857
553 190.0545180940616
554 189.28689157809674
555 190.8767328774056
556 191.20752985197163
557 189.5503276658079
558 194.26749854508486
559 195.65934956798918
560 195.20685533140716
561 193.72173839377012
562 193.91384879451755
563 195.3121422879314
564 193.2546664749163
565 193.23026799989643
566 193.51360565605953
567 193.24087442169966
568 191.88764531026447
569 194.1323148188509
570 191.9672266425967
571 188.66995681925135
572 190.96926848055574
573 190.19461289158542
574 193.94458047520766
575 194.2689511140724
576 196.3704897546457
577 196.0201727412263
578 196.98020049971663
579 195.72486267851488
580 197.0819990541392
581 198.26372844242516
582 199.7209317481744
583 197.15975547666497
584 191.3513701821355
585 190.7873949570329
586 193.0095689982358
587 193.5128820213999
588 193.30948787020526
589 194.33058141127682
590 194.55713750769533
591 195.58791081538325
592 195.1687787341477
593 196.17709863838917
594 197.26832644436382
595 197.22536032040156
596 193.7527201583846
597 188.08539323051858
598 189.93716309661897
599 189.27401946750265
600 192.07843729112457
601 193.92631739221673
602 198.34182375543242
603 194.89597232043434
604 190.83180502083226
605 190.4875709801725
606 189.70140163996516
607 189.39616789449607
608 191.51800921989707
609 191.24999260265645
610 188.02312029575296
611 184.58120927676507
612 186.5029015752235
613 187.53439365205094
614 193.4450108614398
615 192.5239329958113
616 195.55407066987743
617 197.40235320005996
618 200.65359846214972
619 201.12420454570966
620 201.88959370202068
621 202.29992303497357
622 200.93490251548127
623 201.59426117069287
624 201.49258488707343
625 201.74186822456016
626 203.6372285296884
627 202.10414253944649
628 202.7879374602224
629 204.88086049821365
630 202.46261908238543
631 204.63572169659292
632 208.5051805765639
633 211.96263903858392
634 213.29643981572232
635 212.72002980886435
636 210.4785474930394
637 206.55235722582785
638 205.32157578259495
639 207.92103057113272
640 207.18773581432907
641 210.72875479296047
642 210.29500399759698
643 205.02004887779935
644 206.7287266779368
645 207.35334568702612
646 207.68619121077958
647 209.5349949061065
648 207.85828056153437
649 208.81685359959712
650 213.10852687659244
651 216.83397001890003
652 211.62077645519693
653 209.39437197405638
654 206.50682332792007
655 208.74846747350006
656 207.83684207972337
657 212.62151367775965
658 213.6090092483159
659 209.79557933727833
660 209.00044949443864
661 205.00402191035303
662 207.29740258744275
663 206.72875682290646
664 207.93821065363394
665 208.04470514234123
666 211.02309529049
667 206.60072106216055
668 208.40724444788484
669 211.0367807120904
670 209.78274677192232
671 212.19746833148437
672 213.97003949692328
673 214.31725282851366
674 213.4883754432463
675 212.50536094436305
676 211.71362243116243
677 210.43542126141645
678 211.46565401240983
679 212.73614692980638
680 208.76095862598126
681 207.53472193295252
682 209.02828444037797
683 204.56779283148057
684 204.0401999201027
685 206.1432201584273
686 209.12311049752628
687 208.05958998157118
688 206.7878778975609
689 208.71729950892495
690 206.36556381918555
691 204.12955895258463
692 202.51354909601935
693 200.67920856878277
694 198.1556005668952
695 199.8111609570574
696 198.64388034370236
697 201.42832119486945
698 204.002764813793
699 200.97472573875817
700 200.97329830553278
701 200.00093598614237
702 198.95607794588722
703 201.21006686766725
704 198.6160084283989
705 198.9656438880558
706 196.1556691834902
707 196.69568647335367
708 198.21317449823206
709 196.13410565201036
710 195.7462979760737
711 193.18253322175565
712 193.54629070858286
713 194.80769581109132
714 191.9976084566255
715 190.16229648373502
716 190.48734364203202
717 191.25290595103485
718 190.68896436997161
719 187.09441680249097
720 185.0901169579715
721 187.874077575675
722 189.32504431996298
723 187.69973852025277
724 191.355972854156
725 190.34240696475473
726 188.03596150896422
727 184.6442705754012
728 181.91522258688673
729 181.25394654090292
730 179.25787172146948
731 181.24415583857783
732 177.55439463055905
733 179.85309690034003
734 176.46652406274615
735 175.42099627023373
736 174.31747343638852
737 170.9315997286345
738 174.29495446730695
739 171.60473197002023
740 174.7916249547791
741 177.19456339736175
742 175.76083141844367
743 172.68083340674838
744 171.33506750854482
745 176.3742170051615
746 177.84061010947187
747 179.4144153276301
748 176.11714981051304
749 174.9986238618164
750 175.23814308286816
751 173.48827582332356
752 175.81225685537768
753 179.93376458955245
754 177.45045063578925
755 174.2377681819037
756 171.96203406028803
757 168.2545071083566
758 169.92764986142785
759 168.86908302499657
760 168.55263946023598
761 169.01235533088393
762 168.08346965865258
763 165.06161297123438
764 166.89009163034615
765 168.41077336290107
766 172.48112608824488
767 171.44849524595054
768 174.58898048356133
769 174.00061028091005
770 171.075870292812
771 167.2245461340142
772 168.84194573393768
773 168.64054846528686
774 167.36719203896126
775 165.25452967991333
776 166.56230684431972
777 168.73050858075635
778 169.6774798826905
779 170.15553460010764
780 167.20835977243084
781 167.47836385667688
782 170.00422412030798
783 167.6238211568782
784 167.75466224094555
785 166.64413240197206
786 169.83748293534882
787 168.42333509106683
788 167.42273392461436
789 167.8250283957828
790 167.00237172059013
791 168.5497598608927
792 167.1497895022729
793 166.81898111765247
794 166.57504509828144
795 168.37226667477998
796 169.65217036756215
797 169.23334327973697
798 173.42157716916324
799 171.2867227298505
800 173.61177799313344
801 172.18637957093844
802 175.3924566374642
803 176.68743186396281
804 170.95529735134784
805 171.86879307401708
806 167.04928487136368
807 169.61563871914686
808 168.82726804184693
809 168.83838979271945
810 166.22074660130326
811 159.6698625607591
812 159.11868768915855
813 159.04055591731216
814 158.98032193386354
815 158.33940851772775
816 157.65426579802323
817 156.80337740077664
818 155.09399010544476
819 154.91750236102112
820 154.19757433020607
821 154.2293389969203
822 155.2400459131606
823 151.8952146412824
824 149.98893742878744
825 148.15252645990188
826 148.43684746373293
827 147.9174634681813
828 147.46628411867508
829 148.65484034639087
830 149.6109908884891
831 150.69787674860564
832 150.85246112336014
833 150.8966249737941
834 153.49713392918972
835 152.48191722890274
836 152.93181622573414
837 152.0325763881021
838 155.05648517989
839 153.41200748353927
840 154.73533862791973
841 155.9539054172732
842 156.3826199032336
843 159.72111166005936
844 156.22526446414764
845 157.06074216702316
846 156.09058221172072
847 154.56200675001475
848 156.29745040593423
849 157.41676903091005
850 156.48132383302823
851 155.43561974489333
852 155.56787383326972
853 152.84884755165749
854 153.09082055578162
855 149.0602760880002
856 151.68022861026856
857 153.09741682334598
858 155.52007795598212
859 154.90051351934395
860 153.80387176041302
861 153.28861212964352
862 152.16391089287885
863 153.8964692023598
864 153.98442911280716
865 154.5790879765447
866 154.6951858922108
867 155.2567448978493
868 158.56750071198476
869 158.82796875811252
870 161.6011138494892
871 160.5929687018124
872 163.32624482537372
873 160.2525921272918
874 161.87621917896118
875 160.5615731378117
876 164.50550921597858
877 161.04016116521154
878 159.84832432667758
879 157.417940131225
880 154.05413608842628
881 154.77851093301112
882 154.83950846893484
883 156.63571377687114
884 157.40691867748504
885 161.92489537985784
886 165.63108021819417
887 162.1724003277054
888 164.16434759857708
889 162.40197805865574
890 164.2475830303379
891 162.31306806881167
892 164.72743962107455
893 164.0723888443997
894 162.92511471858234
895 163.6722194226894
896 165.6707365880515
897 165.78179265232708
898 167.46753284321767
899 166.41338562598995
900 168.8594836105177
901 165.6429790877126
902 165.78319613581883
903 164.43557680260545
904 165.48885495285427
905 168.47902559380617
906 171.9739539499179
907 173.51183466520303
908 176.02148136115167
909 179.85117650411195
910 177.77399722579702
911 176.28760233962748
912 177.8688942165986
913 174.16077243219232
914 174.406541453891
915 172.84346676388537
916 170.90764698288524
917 175.54248693718887
918 173.38362895460784
919 173.1204452374647
920 179.94205071984976
921 178.66846882315986
922 180.67665667577347
923 179.82031203891012
924 180.3354198116764
925 178.3002738656669
926 177.50414002485934
927 177.75194672931622
928 174.04081172459416
929 173.0509582198631
930 174.2580012115213
931 169.36754030547593
932 170.11431272512672
933 168.8438677076637
934 166.59991961160304
935 168.23880247527396
936 163.69988614833684
937 164.32040399296176
938 158.9018819354741
939 162.77046062201217
940 162.6475583129294
941 160.66838351803924
942 165.37342766772915
943 166.78986998898708
944 167.11347902350863
945 167.07783238220847
946 169.70630633270866
947 162.66455322203046
948 162.02375933422013
949 163.67787896496384
950 167.81731109314345
951 169.53827948506398
952 171.70040314113513
953 165.86113557367315
954 167.5748705758633
955 169.531514989539
956 170.13611126386527
957 172.94375994924997
958 175.0185610449607
959 175.6253381080907
960 174.03973282306367
961 173.17576886388957
962 175.2059127349338
963 178.39670611476217
964 176.4016437046899
965 177.455580756225
966 179.3620136005534
967 178.36660159220438
968 178.24650324941624
969 178.67212445102538
970 181.33807720184168
971 183.77601071857364
972 187.18634202766654
973 184.94799383054593
974 187.05380811824278
975 187.3012360015687
976 184.26089234333952
977 186.38351294912007
978 183.65136674210876
979 185.1470953033437
980 185.0599923381871
981 185.23815964504004
982 180.7812588975969
983 182.36458669149047
984 185.72635168014295
985 188.29986789872981
986 190.5103977835048
987 188.92753614960426
988 192.20766224090272
989 186.10182640725324
990 184.78819998965355
991 185.26102886706795
992 185.6838104933214
993 186.71362445443762
994 189.56953305572162
995 192.49373364368657
996 186.71998073038463
997 188.97695370071588
998 192.47349810507848
999 192.09339824013668
