# iteración promedio
0 923.6032527420731
1 893.8251461565103
2 864.6547243792495
3 839.366806714518
4 818.1733331825018
5 797.1960578981724
6 774.4936586029736
7 760.7257706624254
8 751.6604086580638
9 733.968615438102
10 719.053380571261
11 699.8675095411926
12 679.7105580382456
13 664.1006998222521
14 651.7221412375839
15 637.8533367806654
16 622.4537272603816
17 613.227566990399
18 599.5022633728254
19 585.4803925650651
20 577.8175085859939
21 564.6672318644429
22 557.3758559812909
23 543.1203214644228
24 528.6618951839603
25 513.2904273641874
26 502.81226241785663
27 495.6682909362325
28 487.01464387954627
29 478.4194822689313
30 469.76135436406156
31 461.0835800564328
32 451.1075313066495
33 444.7206230672542
34 434.2516325596511
35 427.3333915452111
36 416.8520146386184
37 410.55769166950734
38 402.005135521046
39 395.07909057157076
40 387.4378866008982
41 378.7560374864487
42 372.18137084143046
43 366.3421459830638
44 361.0470086763855
45 356.97452858673597
46 353.3782957550819
47 346.25718334307135
48 343.55411503648537
49 338.14809550510415
50 334.4206697919588
51 329.60375586554414
52 326.28487114118445
53 322.08498699322035
54 318.8325429068785
55 316.6377677240123
56 312.9006060972749
57 312.4525063376777
58 307.8529066306378
59 306.54869844526854
60 304.8222240453539
61 300.14778565456976
62 297.58881140905544
63 293.8140718553012
64 290.96772061832763
65 287.0658979383115
66 283.6766448473202
67 280.590202571111
68 278.88678927819734
69 275.9471590137606
70 275.39589600427024
71 271.5886792864135
72 269.84051857185443
73 267.0790458884062
74 266.86205946662415
75 264.1143045448828
76 261.870872943242
77 260.760109353376
78 258.55153229602917
79 257.62238118903144
80 252.48136550972993
81 251.22010271424145
82 247.98306632396145
83 245.16443158479575
84 244.13865117103146
85 240.4806364215383
86 238.58471167310694
87 235.98125693182973
88 236.016644470834
89 232.55655144326622
90 230.18015963519568
91 228.642057309382
92 224.39399861243209
93 222.27079989178725
94 218.4037668668421
95 215.64162136360994
96 214.12360828411653
97 211.15905474814932
98 210.73495707261296
99 206.90469738563033
100 205.43234788290115
101 203.32331708909905
102 201.39620958615416
103 200.04467420269498
104 198.18427089678326
105 197.7032459679627
106 195.25047654705241
107 195.1787743855176
108 192.25455508592134
109 193.9895577046049
110 190.4396695041225
111 191.0627077839032
112 189.47291850774985
113 189.3473110225463
114 187.81530547394442
115 187.94600482790312
116 185.94599300303005
117 187.26748084599487
118 186.7443375292166
119 184.7616663506443
120 186.35781721476096
121 184.09712410853544
122 183.56669393243897
123 182.7533846384723
124 182.61077792563938
125 181.08541822755188
126 180.73398963087715
127 180.57920812591883
128 179.48032401937417
129 180.12183276479615
130 178.3438289828119
131 178.8340352269184
132 178.6557566770372
133 177.40996331576866
134 179.08577003172962
135 176.80478556929864
136 177.84269983095973
137 176.1183866595475
138 177.2273230250017
139 175.8054712609172
140 175.76197868176823
141 175.5582593883846
142 175.23245360603153
143 176.5339591788622
144 175.20839721425776
145 174.32451815758304
146 175.63860347707512
147 174.59448665553182
148 173.64599946969196
149 174.97543126349888
150 173.00796732203395
151 173.83075946435642
152 172.08238310444779
153 173.51617928571414
154 171.65710102623075
155 171.55000013805136
156 171.65677887895905
157 170.32033607445337
158 173.15968972595044
159 169.8687975089143
160 170.2308433090732
161 169.25242247809248
162 170.05366275522218
163 169.27078424101936
164 168.54966615604562
165 169.4800320020552
166 168.0780184805661
167 168.6231853768739
168 167.83315440588274
169 168.63391571092765
170 167.14980633572685
171 169.77464117009825
172 167.5437524998195
173 166.64199427889923
174 167.91806186843834
175 166.51992575474304
176 168.15994609752542
177 165.62187428741152
178 169.44936345148818
179 166.45402471957667
180 166.12364362301932
181 165.01609262268815
182 167.63033666677842
183 166.26905734636523
184 165.0760571513027
185 165.94224809956938
186 164.65743950510404
187 165.6182317231922
188 165.57119790833084
189 164.35262557474792
190 165.6640657264371
191 163.96295388928502
192 166.71540864740822
193 163.95612383086623
194 164.12814667532334
195 162.61283696858658
196 166.2339002274576
197 163.6344033050668
198 162.03840184883734
199 163.45722873168592
200 161.80862620203712
201 161.98051850964046
202 160.48287372368105
203 163.41774390475604
204 160.43027387057836
205 161.02634546867458
206 159.39139728032106
207 161.9513364665935
208 158.90028260313284
209 160.78049304831154
210 158.4069410831552
211 158.37005338485494
212 156.8853568280378
213 157.96760398971117
214 155.7300020552305
215 154.826755704391
216 154.18883256044114
217 154.27114844570315
218 152.67658858788855
219 152.79128158655706
220 151.84365512401016
221 151.72684423123133
222 150.8385424886531
223 151.1517676594489
224 150.78828789936068
225 150.24270858943015
226 150.70281189322515
227 149.87758905269087
228 149.84425403033086
229 150.21049777776972
230 149.78895638851694
231 149.18831853221616
232 150.69797476636967
233 148.61639343778114
234 150.6688146521612
235 148.36980422370192
236 148.57644211383808
237 147.6984206911326
238 150.60330883241912
239 148.44986714376589
240 147.23104395756323
241 150.004396928986
242 147.34662917721707
243 147.6805946204632
244 146.6333203617421
245 148.81626484767338
246 147.27887187799934
247 146.90666374234456
248 147.05990682047727
249 145.7556153202543
250 148.27177902033287
251 145.8118134031817
252 145.80020488539728
253 145.189973262646
254 146.9417727148747
255 145.30582937611604
256 144.86208519059994
257 145.43926334932164
258 144.37046514928727
259 145.86492235803647
260 144.2037929504976
261 145.27741327071482
262 143.76439410706354
263 146.19271747443045
264 143.69313363446315
265 144.40363420408576
266 143.5328006908395
267 143.39319812940795
268 143.78345989569604
269 142.36790979945133
270 143.8022416966311
271 142.23422561091888
272 142.961859536334
273 141.80497346338166
274 143.0320976671312
275 142.0994449044298
276 141.33561244411928
277 143.46646881719624
278 141.4723220675865
279 140.8481811582583
280 141.07860215208677
281 140.39426545698262
282 139.92331096347428
283 140.62093712865075
284 140.25308301471722
285 138.96879186298517
286 141.24505051998983
287 139.0483043091036
288 139.12739074037782
289 137.83742743989197
290 139.83971468447783
291 137.45545962025543
292 137.76857619227812
293 136.5685397274454
294 135.51176663913716
295 135.6337012302991
296 134.44522299798922
297 133.4760699432667
298 134.56307901543107
299 132.20535297005367
300 131.46797532331112
301 131.50573001795001
302 131.0364875830314
303 131.01511060725983
304 129.9655035086373
305 129.9270384709617
306 129.86924969785994
307 130.18003993372406
308 129.45327654151154
309 133.68382155852524
310 130.42818584912627
311 129.73566164612052
312 129.65548287798597
313 129.5864395258767
314 129.77869220038983
315 129.31750188030432
316 131.09336509839494
317 129.12401066031333
318 130.66780750978214
319 129.02596285156875
320 129.94471249541795
321 128.91479376655283
322 132.4637402886228
323 129.46236996702748
324 129.36884982037978
325 128.7321614441839
326 132.39408001469803
327 130.05029599152297
328 128.96431097467658
329 128.7179793193358
330 128.6827152531261
331 129.02209610484687
332 129.06219610376576
333 128.45503751356864
334 130.9610875183052
335 128.61591777112235
336 128.48258758550844
337 128.49149608951183
338 128.54329604128273
339 128.26541961798193
340 130.5483108268994
341 128.98340813671032
342 128.2162770363541
343 129.86013676785478
344 128.4052646678317
345 128.18507875719152
346 129.3997034018786
347 128.58434308723022
348 128.35795299476732
349 128.1157302003884
350 132.07747496027395
351 129.14185406796366
352 128.12505291108448
353 129.7630128909199
354 128.29877187803606
355 128.16861868823756
356 129.03368583556173
357 128.19920937789374
358 127.99938220420843
359 133.9993624043622
360 130.20847421979718
361 129.01026248521228
362 128.28192110683142
363 128.83400595045188
364 128.0195240354629
365 130.68184162468228
366 128.66573236103807
367 128.08286071986416
368 128.60348137473494
369 128.00868425656657
370 129.2462961817682
371 128.68896167338886
372 127.89720716330075
373 133.14458927259773
374 130.72964334030306
375 128.8949994999293
376 128.40481690273694
377 127.74401773237344
378 135.43503027936683
379 132.25423655760665
380 129.02714942686785
381 129.21288401904368
382 128.32514144184188
383 127.78926487998028
384 131.32536482737208
385 128.38553301406463
386 128.82476846785914
387 127.89627531833612
388 129.1482365782002
389 127.71638577621611
390 129.5805422242719
391 127.75037860003164
392 127.29281558259743
393 130.159870800347
394 128.31080369725964
395 126.74554387448626
396 136.06521573906056
397 129.67796541599898
398 126.74726928743905
399 128.95626775821628
400 126.02830788783169
401 125.70092813207785
402 126.07372288472183
403 123.56539215684576
404 121.25367285960445
405 121.21246058790432
406 120.76352493580895
407 121.1235207776279
408 120.67155450801471
409 122.44627812940728
410 120.67440581255728
411 122.34522466054288
412 121.04911144735165
413 120.64265344543509
414 121.45162829553783
415 120.67175161049978
416 121.17971303450838
417 120.5967122525343
418 123.3215001959375
419 120.5433574149269
420 123.6727796755023
421 120.86565078134272
422 120.47958831135892
423 123.06765849669972
424 120.86601891009308
425 120.42711554975065
426 122.83155903773269
427 121.06590337799764
428 120.8237083376009
429 120.29478746221352
430 126.8811005495627
431 122.47124363976243
432 120.9893434351769
433 120.81984139737244
434 120.19171264322694
435 126.53654084714573
436 122.58607234558087
437 120.37058658736713
438 121.14755377274994
439 120.60875277131312
440 120.30282816003873
441 120.76389629577753
442 119.99828411936082
443 124.10350766164713
444 121.95947974147585
445 120.94021413328339
446 120.42828277877143
447 119.85850254446504
448 125.48349643150483
449 121.49811447533705
450 119.95705678299673
451 119.8311502730961
452 120.41935519157941
453 120.22821788841871
454 119.6991753509506
455 125.56270697013343
456 120.55938874995654
457 119.6408203417787
458 121.06479997847478
459 119.81520716536178
460 119.91921318720618
461 119.57241212173936
462 121.1687714214613
463 119.50101099747866
464 120.72909442231503
465 119.73256329709437
466 120.51351633812304
467 119.38674092256275
468 123.76550099295382
469 119.72260405198409
470 119.301567636553
471 123.04652155273392
472 119.74219559273321
473 118.9077453991588
474 121.02046532298425
475 118.73278332313475
476 118.90135729461184
477 118.33518506313452
478 121.08343286680208
479 118.60492272956186
480 118.01808948978778
481 118.02737380639495
482 117.86477148366625
483 117.50066988064286
484 119.03518356890353
485 117.75406971432858
486 117.71714759674434
487 117.71061138757283
488 117.4319935336899
489 120.46600188666584
490 117.769946837115
491 117.38754040915211
492 121.55458156403394
493 117.89990181284493
494 117.37266321492321
495 121.24803542048976
496 118.45121416243967
497 117.59568519180448
498 117.34003498476585
499 124.64338678679704
500 118.40737799348761
501 117.39886438113888
502 117.43283485262528
503 117.27039642056243
504 121.33327972708962
505 118.01403445207721
506 117.21321388883733
507 119.89439681695559
508 117.3655500629289
509 117.58462574334864
510 116.89510574896548
511 117.53525610980019
512 116.91078599676445
513 117.07938829673563
514 116.702440666275
515 116.8249518874748
516 116.40514492426428
517 117.9883771492047
518 116.55433770549791
519 117.32612429192041
520 116.37339524706199
521 116.7504092931253
522 116.45864773957808
523 116.05240256869631
524 118.36335892658673
525 115.82670149895884
526 118.51632814051995
527 116.34534466054878
528 116.13618863033442
529 115.6294279047157
530 119.65858643278067
531 116.28950693417157
532 115.59820543267467
533 116.9573890174175
534 115.66300557326363
535 115.6596419360272
536 115.53507863396258
537 117.74798032769078
538 115.72333940779177
539 115.6146661680703
540 116.6106639990003
541 116.12348043888488
542 115.4410401037573
543 117.25347039988421
544 116.05027485353631
545 115.40230538300492
546 118.09481250842965
547 115.9801505429764
548 115.55107992972644
549 115.69780470446892
550 115.37169764236333
551 118.31818376135861
552 115.36303827443524
553 117.23761165251847
554 115.76357809489745
555 115.34757956424244
556 116.4455445736543
557 115.34091868326914
558 118.35522216666308
559 115.61872131675563
560 115.33577347289774
561 117.03071451526131
562 115.49759605231557
563 115.33237357195179
564 119.96040851437856
565 115.50107767035708
566 115.32946613658493
567 116.12586281347012
568 115.32657257275838
569 117.07703930482745
570 115.39150726855125
571 115.32353389378419
572 115.94579194886302
573 115.32019681792883
574 116.51748006093199
575 115.50814608788438
576 115.31781604272717
577 115.71858420775527
578 115.44525277933236
579 115.40572839891054
580 115.3156042012799
581 116.5379334367559
582 116.05597311123323
583 115.31407618526809
584 118.20460502215205
585 116.11642493461774
586 115.61519254529985
587 115.31293477079312
588 117.8983720621151
589 115.72925216950419
590 115.31238940423898
591 119.74538949880558
592 116.022680670797
593 115.4001309267816
594 115.31201767678026
595 118.80585196384536
596 115.93831040055187
597 115.69626533504193
598 115.30168004178714
599 121.03359017933593
600 116.8579924647499
601 115.47550408240423
602 115.28985595131913
603 119.7477918981443
604 116.2356410623848
605 115.2799803730169
606 115.61375112137746
607 115.23849757752991
608 116.85677006042489
609 115.56181025064998
610 115.46520063360775
611 115.11809220978361
612 117.10953312760705
613 115.06534898907186
614 118.75612202681474
615 115.71242507839521
616 114.66352104124213
617 118.3570703400462
618 115.42101652798128
619 114.6128861322607
620 116.2055615495841
621 114.198712485857
622 115.36904354086968
623 113.44775827552725
624 113.74599165881254
625 113.53559315234705
626 113.44264990388291
627 113.44616717548791
628 113.28649871859221
629 118.92509243197324
630 114.81973550442444
631 113.34958946673038
632 113.59971305265417
633 113.22514934618214
634 117.69211840288382
635 116.05805877247037
636 113.62473212552268
637 113.71229372597347
638 113.16285199864214
639 118.15153945001404
640 115.30103732286119
641 113.99525039728489
642 113.02143937637075
643 115.95469621804729
644 113.35795175664731
645 113.0539069992316
646 113.270100307196
647 112.85815847394447
648 118.79736893833824
649 113.80233519461076
650 112.59541193270896
651 115.00761664810727
652 112.62279358812276
653 113.09544481384314
654 111.57119812566732
655 113.34430828951326
656 110.39059598006992
657 110.84664305636886
658 108.93840048910695
659 108.14726229010823
660 107.74580874204725
661 106.42917041230126
662 106.62033974599504
663 104.21128638641773
664 105.21898354751558
665 102.96613338335506
666 104.57484956521128
667 102.59055787324269
668 102.36953198201057
669 101.59994373158504
670 103.7424214487712
671 100.65708140095427
672 102.2049202077973
673 100.44665603932202
674 99.9855689725503
675 101.5781405062229
676 99.4963287431816
677 102.00046772905814
678 99.38179686634153
679 99.89835649828483
680 98.4350627972069
681 98.7904905649677
682 97.87176147198598
683 99.04978138325892
684 97.41832233062917
685 97.25612420720034
686 96.57608753630424
687 98.03733903907943
688 96.22426937187967
689 97.18082933338741
690 96.07423672407596
691 97.11026652931085
692 95.7649262364317
693 95.74786805324993
694 95.34852912071847
695 95.38823400552818
696 95.36482513281139
697 94.81260671881648
698 97.23366715183018
699 95.34646957783062
700 94.3444163642382
701 95.40259780130427
702 94.78112809010565
703 94.14922750318127
704 94.16996804382126
705 93.62737315530987
706 96.5493881441321
707 94.47214787302919
708 94.09487284206627
709 93.6854890426135
710 94.10623978196598
711 93.3544592696845
712 98.02318638863849
713 93.94649829628848
714 93.5547712667767
715 93.80237678748875
716 93.10927490710117
717 98.23487944849343
718 93.46706942812216
719 93.04013425251645
720 93.29172125621548
721 92.86957960947255
722 94.0429199612286
723 92.90708021474414
724 93.0056222814816
725 92.9607337314071
726 92.36032278114804
727 95.42558929639095
728 92.81549915648209
729 92.43080490925598
730 93.48971548652942
731 92.71659337831703
732 92.52646036667697
733 92.32225764898867
734 93.03215053926293
735 92.06823141577667
736 97.8064565066509
737 93.71946507963023
738 92.63560155223456
739 92.55101831177086
740 92.13473504563561
741 92.97010924679299
742 92.10055745556045
743 92.16093163294131
744 92.18683237431799
745 91.92993404613466
746 98.24962669894374
747 94.46015390787807
748 92.21406975908467
749 92.19883326685074
750 92.44392005723616
751 92.34311417427467
752 91.8247535313913
753 96.7570768636405
754 94.01423235620508
755 93.12990548787444
756 92.37752969579977
757 92.01794369116682
758 92.86613301864594
759 92.81515661216918
760 91.68882650420292
761 97.95982838490046
762 95.03874910660517
763 92.38063681055911
764 91.97289194256648
765 92.68959894396099
766 91.73661193161576
767 94.32000360148207
768 92.32879014716725
769 91.87579901986135
770 91.4975639370563
771 95.21175970882832
772 92.15166481213488
773 91.93615074199008
774 91.7929475304882
775 91.39377700878967
776 96.6781262883186
777 93.0609104077704
778 91.6770019597604
779 91.73700208684275
780 91.41950542177652
781 96.1152920779721
782 92.41762428516734
783 91.9282796432706
784 91.55390938601685
785 92.28985532793229
786 91.36173075295476
787 93.21668057654858
788 91.90370243183574
789 91.30653616852814
790 94.6430933736334
791 91.95663416652252
792 91.32199341580618
793 91.55107488706119
794 91.27646288759068
795 91.69038302688465
796 91.18205891571229
797 104.8528852642086
798 96.5723419214661
799 93.15205392989925
800 91.8391576531774
801 91.40118742361273
802 91.15487485955538
803 95.30909648715323
804 91.8201189183501
805 91.34919328743177
806 91.12094583377782
807 93.84006249797741
808 91.51581594205523
809 91.16675728240162
810 93.26456314371188
811 91.13722600671792
812 92.99083351496267
813 90.97696312706525
814 95.65295462384567
815 91.37885330929876
816 90.87839562085492
817 93.16653516346607
818 90.97603836150769
819 91.32003567913588
820 90.57568875199648
821 90.96874208485592
822 91.18385195253704
823 90.1681699475242
824 93.28733637150856
825 90.44291886264914
826 91.99707251930015
827 89.85431453681007
828 91.10947705564729
829 89.81097840559492
830 89.44581660966932
831 89.43014089514054
832 88.18733566308296
833 90.43951772737499
834 88.27405228809745
835 89.25547809627987
836 87.969013442479
837 89.39170560072341
838 87.86371681725916
839 88.49031560818943
840 88.07189427686812
841 87.59916225213836
842 91.47364849880928
843 89.03683050255536
844 88.04748867035396
845 87.69810176896017
846 87.9892810657122
847 87.35669401442941
848 91.58110715193368
849 88.30054798985469
850 87.85850138460265
851 87.519210075625
852 87.90359003647616
853 87.86495120873852
854 87.10884042758056
855 94.38415672681282
856 88.82699168642773
857 87.26608146030128
858 88.09213691594756
859 86.9955405602229
860 90.35485131651076
861 87.34711156835479
862 86.79595002928552
863 87.08769137114932
864 87.23630764408523
865 86.57028971044927
866 89.99210927967046
867 87.74708648305199
868 86.7811340717584
869 86.35088142361428
870 91.06914365867617
871 87.38708172739766
872 86.22951781559122
873 89.93143759143503
874 87.03436332754961
875 86.4053817221172
876 87.03405127966937
877 85.98808252581566
878 92.91720936441479
879 87.94129282199857
880 86.07114585156776
881 88.49381508390493
882 85.64150361041798
883 86.04482726246208
884 85.12016159838367
885 89.20224683767226
886 86.38114317815526
887 85.19536089637276
888 86.17066511635572
889 85.18627502126026
890 85.68719103397424
891 84.80818299727046
892 88.07237287410796
893 85.27393744972137
894 84.47249983281608
895 88.28274872540474
896 85.4462546107423
897 84.04186878392298
898 85.18585082902135
899 83.55642984000687
900 83.36589475069613
901 82.60321806870012
902 82.30022039464053
903 83.09857285831815
904 82.14568631205492
905 85.35600531800915
906 82.91740546297896
907 82.12774547439635
908 84.37409294777257
909 82.49862870275439
910 82.10208612010767
911 85.58136473996717
912 82.7075922655801
913 82.09255173377656
914 85.69116982674366
915 82.72712873936243
916 82.3281055280831
917 82.0824942365281
918 85.34865224806882
919 82.57878861643927
920 82.07122242237367
921 86.17289612499293
922 82.91952226354859
923 82.15832729168795
924 82.06074601308873
925 83.54023137456828
926 82.37490571694681
927 82.0562254990612
928 84.6957617367993
929 82.78847466017415
930 82.45041161401856
931 82.05408423755948
932 86.62906741697576
933 83.16007897218438
934 82.2489769123808
935 82.05238541066566
936 84.76909685147459
937 83.04213373704897
938 82.05202629847182
939 82.81345385702731
940 82.5356358421535
941 82.05023340064571
942 89.8275139274937
943 82.28536969782883
944 82.04841716559987
945 83.28791496400063
946 82.05040435464448
947 83.32144934692661
948 82.29276108848796
949 82.0444704071289
950 85.95862424346944
951 82.63961059032675
952 82.34895844591732
953 82.04076904606357
954 84.92693633533405
955 83.03133494485053
956 82.25294705907068
957 82.03525631772663
958 84.21697839113038
959 82.30426696412866
960 82.03088538134269
961 83.87039735680005
962 82.2519636967899
963 82.27631185685765
964 82.30100006144119
965 82.02865998154921
966 84.11435574549212
967 82.54032648534059
968 82.02673848180993
969 83.66478269438204
970 82.5200750553428
971 82.02470704979247
972 86.17953394260142
973 83.23613237067913
974 82.02293264657287
975 83.73199168464035
976 82.02130510568732
977 85.00649391560145
978 82.68456983162163
979 82.36614980766552
980 82.01961280132686
981 85.4918367396477
982 82.93629744749973
983 82.30178401501024
984 82.01882197391805
985 83.0288533849237
986 82.39176157156695
987 82.01798853571835
988 83.6449292173054
989 82.38648196462819
990 82.01760019772371
991 83.17439461691403
992 82.3506595009449
993 82.01787201033639
994 82.47798298191266
995 82.01744331019842
996 91.3500264766641
997 84.91871980075433
998 83.49128299498079
999 82.31416993672936
