# iteración promedio
0 923.5179880785021
1 894.8809594454707
2 866.4850387770794
3 841.0319286564691
4 818.0733457126503
5 796.0832212714921
6 771.940423602404
7 757.8950517730166
8 741.0184568476884
9 728.627954174158
10 712.6504164545967
11 698.9624775000423
12 683.8454478769921
13 670.0148780073023
14 656.451450129011
15 646.1656698044363
16 632.7832551694204
17 618.9767742441377
18 611.6574083984701
19 601.6832941524013
20 589.8387586209675
21 579.4053300961467
22 570.9289885690446
23 559.9386671981126
24 551.4257091678211
25 540.7988780785082
26 530.12662110757
27 517.1281113242248
28 507.37548360814566
29 501.2634330375165
30 492.08329822311373
31 485.07713262541324
32 475.82465026834967
33 470.80492684873695
34 463.57716443599725
35 456.75435120004346
36 449.00120445640664
37 443.16875171918184
38 436.0828719784195
39 427.99224957862475
40 422.081481386613
41 415.1435093605784
42 408.4143019339874
43 400.1594029483299
44 392.7869803619323
45 384.21159246706907
46 378.29475591282244
47 373.626708728911
48 368.4147986872839
49 362.01505005097715
50 355.3919159548786
51 350.19222729123453
52 345.5493918842284
53 341.084882776257
54 335.6928522706381
55 331.11458542578606
56 325.06420182708547
57 320.8850107534772
58 314.6974376636211
59 309.9568407372759
60 304.17021721988027
61 297.41382258604716
62 293.6110851905703
63 288.7591611730765
64 287.0156368109266
65 282.2569266096041
66 278.07802966914716
67 273.8772580742663
68 271.4327194631473
69 266.2210386876627
70 263.3654820307587
71 261.62770677151104
72 256.19644346340976
73 252.14317383177098
74 250.0551046037113
75 245.92792840386716
76 242.27768410635153
77 238.12793859864507
78 235.20652948998176
79 232.1663076591141
80 227.67106730355079
81 225.27927799573143
82 222.12585846761397
83 218.73528931838314
84 215.68323421207504
85 210.97434652963
86 207.7939692869283
87 204.7454725809778
88 203.1090756847478
89 200.49499190505966
90 196.13169341125675
91 193.4086861363283
92 191.26280772665825
93 186.93384846777434
94 184.91404347219796
95 183.57785992174905
96 180.43505816507343
97 178.12154137343458
98 175.37906320807565
99 173.63270749999458
100 169.6269507653479
101 167.72779098114825
102 166.02345844285423
103 164.07333848783924
104 161.86367282936243
105 159.54402625358057
106 158.48355202096707
107 154.76160426774896
108 153.13147749577269
109 152.70178368713832
110 150.90322690589318
111 150.02174427728437
112 147.99056753643447
113 146.74878638599247
114 146.43813962660693
115 144.63612760115373
116 145.3779688908587
117 142.87462579050901
118 142.0653055609627
119 141.38809811267845
120 140.54746551729585
121 140.97705628197187
122 138.81107284002383
123 140.03702992680618
124 139.02699988079073
125 138.3415011423127
126 138.00751200422894
127 137.10536135400437
128 137.82872125935654
129 136.97721515240238
130 136.7207659090002
131 136.48133015323222
132 137.10999259229536
133 135.85856575576503
134 135.785115017506
135 134.5295403628586
136 137.55742277900845
137 135.1449697867808
138 134.49674198189135
139 134.89079409730323
140 132.48707470823095
141 135.30609984516525
142 133.24250980390224
143 131.20722370183051
144 131.67852280771373
145 130.4718605770686
146 130.93539477691758
147 128.94660149336542
148 131.87907743089235
149 128.93747371876137
150 128.63307650484188
151 128.6141667005184
152 127.42896806712207
153 130.5147122741692
154 128.0753989151397
155 127.05668013257726
156 128.4045392942561
157 127.13815587269204
158 126.57907842241205
159 127.37314217719737
160 126.00759062982699
161 127.6805638427399
162 125.65052368084623
163 125.23819455010187
164 126.7136982067574
165 124.67277880974376
166 126.24300574912479
167 124.2164667282545
168 124.21326509546165
169 123.49096159146661
170 124.4507961906169
171 123.08650685473536
172 124.76538558704213
173 122.56330002868864
174 123.37931827838958
175 122.34985605996954
176 122.46724966352828
177 121.55660003817795
178 124.4964554455505
179 121.55913186885529
180 122.63026281101901
181 121.66743853032538
182 121.26748340629614
183 121.60033119434334
184 120.83504500811803
185 121.62000386564911
186 120.68479661701795
187 120.83395575495052
188 120.436553513665
189 120.73757321176105
190 120.42076272792858
191 120.45918719531335
192 120.09396083804891
193 122.7512233025982
194 120.23476721508074
195 120.3607152661482
196 119.99985499510726
197 120.4281954076672
198 119.8418452588558
199 120.18818198037144
200 120.05562348326814
201 119.35931819969966
202 121.37218920371726
203 119.2686704762472
204 119.58693236952678
205 119.47192258256946
206 118.9029121729579
207 121.45696080005057
208 119.34080165923712
209 118.81145765582319
210 119.11501673322144
211 118.71957032776585
212 119.91767477825083
213 118.2314382161031
214 122.16364987030016
215 118.74180540666828
216 118.71519171678294
217 118.23182518377267
218 120.08051671838432
219 118.56344951320709
220 118.14641050119893
221 118.74060057720295
222 117.54269405679528
223 118.71308062566169
224 117.12763306226766
225 118.16240741683797
226 116.82656002388153
227 117.75814373963249
228 116.39561897750538
229 117.03130504976546
230 115.89512220511055
231 118.97610947736239
232 116.28598500209908
233 115.64937891568272
234 117.74582447988307
235 115.92263861547639
236 116.35198897330663
237 116.70629587645925
238 116.2718370396345
239 115.2279093797563
240 118.74769115232868
241 115.54713174559224
242 116.4682526934227
243 115.03635918333852
244 116.20971096765372
245 114.27924018994443
246 113.94025061087792
247 114.42761920824792
248 113.2769016746567
249 113.4988144704701
250 112.91709526948426
251 115.29829661904465
252 112.7522490622555
253 115.5375691077044
254 112.55045048119858
255 113.72639393247857
256 112.17637856460898
257 112.83663792487965
258 110.99429582129656
259 111.76073304614317
260 111.18821595829566
261 107.99437808740375
262 106.79990488529339
263 107.60781663273447
264 106.55968347225127
265 106.46827253903629
266 106.51787919272945
267 106.03262473581161
268 109.81169713055287
269 107.2110737139481
270 105.90869797566768
271 110.27085633987048
272 106.80162095719852
273 106.20336463659677
274 106.8605014276196
275 105.9665195099199
276 106.92775611950243
277 106.03458682791099
278 105.65326912364927
279 110.3394357707318
280 106.54356530535699
281 105.62352336470296
282 106.99449586237716
283 105.46115179215754
284 108.15376980759682
285 105.34603224337069
286 108.54820588116738
287 105.95456461586262
288 104.92646179116619
289 106.43198386492404
290 104.94829256201007
291 104.83346188966124
292 104.5195534510377
293 105.26949948974313
294 104.83208186339742
295 104.37333544852373
296 105.41989833779895
297 104.1664861371467
298 105.83371607323078
299 104.15796912018158
300 105.2912823559883
301 104.40053201842669
302 104.23496525446943
303 104.35004445566884
304 103.92732237155121
305 108.12037212128689
306 104.71410928778087
307 104.26098700877628
308 103.89856937749101
309 107.48568617004281
310 103.78752796035182
311 105.46350566440125
312 102.96087898998024
313 105.2749532949238
314 102.44689231395537
315 103.97544149641288
316 102.40716795561711
317 102.04212325914307
318 101.38935822598542
319 103.38549942204736
320 101.62610436050285
321 101.45901274778791
322 101.17583682950675
323 102.58261823984898
324 101.11525524762986
325 103.25326571952695
326 101.32326671771332
327 101.10916448368803
328 102.17298943398501
329 101.5979403872122
330 101.17854654947458
331 101.16757636305532
332 101.23710031107217
333 101.02774889714902
334 104.24725273627442
335 101.38834441263289
336 100.99285101733963
337 103.61556267836274
338 101.81975551531072
339 101.15636641576619
340 101.3136483999846
341 100.94733452838739
342 103.11931414084725
343 101.8057034253187
344 101.32993878067968
345 100.91050063418794
346 104.46310722244992
347 101.21449628023754
348 100.88568124469843
349 102.88060229321181
350 101.08889172484245
351 100.8606393164851
352 103.60136245745157
353 100.82994636450799
354 101.7579789188172
355 100.82015405210764
356 101.05396155431339
357 101.17299984970589
358 101.1739350759628
359 100.77461117890606
360 103.59843103113886
361 100.9334375576567
362 100.73794198136108
363 105.642054226947
364 101.07394651406176
365 100.69781626514408
366 103.00855724796139
367 100.83038820798615
368 100.79185215043935
369 100.95770191653935
370 100.60744326790102
371 104.44170680851637
372 101.97448533971365
373 100.62029657094052
374 102.72896979661762
375 101.53634886970514
376 100.71407241981846
377 102.49514756119841
378 100.82331210091628
379 100.27272945617044
380 102.8262822696113
381 100.14628925211255
382 101.54328614219439
383 100.33876756481487
384 100.08541489334944
385 106.7186878802492
386 103.4200382935054
387 100.69712830638714
388 100.16482371554225
389 100.06210839336023
390 105.91270032613164
391 101.33719746531884
392 100.03497510954537
393 102.28377747024392
394 100.65553087646919
395 100.00828943480641
396 100.17704102850327
397 99.98364943911754
398 101.40800281116921
399 99.96329043510514
400 100.55606239672717
401 99.94061080555107
402 101.820742354994
403 99.91649231464166
404 102.65232743715414
405 100.82993612422614
406 99.89518099348125
407 100.85583285236012
408 99.87395143029866
409 101.89442628698674
410 100.14347965537654
411 99.85523587493859
412 103.87184934013108
413 100.57674998660944
414 100.55424668075416
415 99.83296981426096
416 102.8405237958147
417 100.74920617106511
418 100.27328572924539
419 99.87885314404566
420 100.1497814077376
421 99.80715847638199
422 102.92814677026928
423 100.57923287431313
424 99.96583080533038
425 99.78714721856855
426 108.36135514664564
427 103.06911364196739
428 100.31889970107882
429 99.98429822157226
430 99.76571377716716
431 105.12820678362121
432 101.8329783856747
433 100.00054550559676
434 99.93237989374873
435 99.73676032357453
436 103.2609115505045
437 100.41708342229973
438 99.98651577904461
439 99.70313828399193
440 103.52012610124522
441 100.34250552036754
442 100.03786814049846
443 99.67017724403927
444 101.84930462307415
445 100.5149004673391
446 100.22350686783764
447 99.6523302268019
448 102.68160553741883
449 100.4552827979528
450 99.79583285591914
451 99.87266338464252
452 99.78419814342317
453 99.62520699435973
454 104.40459695995047
455 102.14046608413018
456 99.82871194299976
457 99.61489348960043
458 103.2036590122571
459 100.08224912319051
460 99.73243677993683
461 99.83239221442001
462 99.7507241001912
463 99.6030266743195
464 103.57430803357846
465 100.90605253855949
466 99.6028895691325
467 101.98068295520864
468 99.88685325418263
469 99.58842530257333
470 104.2142851948438
471 100.73909209560243
472 100.1262160961494
473 99.58261494002244
474 102.76414562662852
475 100.35018367891308
476 99.89752031855913
477 99.56876980222216
478 103.92937927315768
479 100.27113736742017
480 100.40590899235701
481 99.55953555726929
482 102.73118985779146
483 100.275894592281
484 99.83802371507164
485 99.54886164860805
486 102.92920335570561
487 100.24277533750305
488 100.17355385024501
489 99.53431348733984
490 102.35441089231998
491 100.18174222028782
492 99.6265189361842
493 99.52149033754311
494 104.67317146900706
495 100.57873760639971
496 99.80561294258176
497 99.50078686362772
498 103.17893338498529
499 100.36549383774887
500 99.44823390033676
501 101.08181478560925
502 99.82202956264123
503 99.3571665120903
504 100.80966268711187
505 99.43333369356125
506 100.55342287478203
507 99.1981965558926
508 100.04882730508098
509 99.13579993965017
510 101.8785312510798
511 99.61012916204874
512 99.01418319870018
513 103.85182726214678
514 99.57855550317856
515 99.38798771584494
516 98.92110352548023
517 100.84208511075583
518 99.08472208016227
519 100.7921472189511
520 98.62105988358039
521 99.45546928188124
522 98.22335269460642
523 99.79200315499412
524 97.92263726007786
525 97.85294288176875
526 97.87682585416003
527 97.38841261807518
528 97.16180082661229
529 100.06972865164718
530 97.89848612316482
531 97.35061688878746
532 97.0518575456679
533 99.40858550668283
534 97.26674387624625
535 97.12467968839896
536 97.43044600880427
537 97.03400778598544
538 96.93253554270423
539 96.85059783620463
540 101.03991547347965
541 98.15000528646785
542 96.88456419011747
543 98.52857522973663
544 96.87869309844949
545 97.36169915625057
546 96.87739020247682
547 97.46114311547817
548 96.72068348600853
549 99.19383595236687
550 97.12421136939449
551 96.75523735646436
552 98.93162764097762
553 97.24082708788961
554 96.6159128968884
555 101.29271671212209
556 98.5270279563623
557 96.82182197298451
558 96.88966474950337
559 96.54547869375148
560 98.96292889940851
561 96.56087522748282
562 96.9490158833023
563 96.53796306664567
564 96.37656776136794
565 98.3237542879687
566 96.66192698115849
567 96.57067161819982
568 96.23365879012611
569 98.08697038246736
570 96.46299010427585
571 96.38451205129195
572 96.4448713923312
573 95.99182348838646
574 97.81859616063105
575 96.16267801017854
576 96.28577631094814
577 95.9740035688264
578 97.72183808344887
579 96.17986781068078
580 95.83716790136194
581 97.45493464719807
582 96.00889110590192
583 96.13864478183217
584 95.78500363963641
585 99.3811427603192
586 96.37934019171182
587 95.756820932575
588 99.54226923063459
589 96.23940469863213
590 95.97933231514895
591 95.994094410949
592 95.69191854016388
593 98.04798489286708
594 95.89597009010392
595 95.64363312425473
596 96.63167722396734
597 95.74202783408927
598 96.43114006106005
599 95.59147186250189
600 98.64110991203876
601 96.08842487081118
602 95.70024749263352
603 95.8342708455618
604 95.56703637145631
605 100.01779866892788
606 97.10941250206413
607 95.98610479722727
608 95.78161022470773
609 95.88068465485418
610 95.54177688097714
611 100.03144702080382
612 96.75582556918451
613 96.09301311866245
614 95.50988516665988
615 97.40306590785666
616 95.62998890965895
617 95.90273400643831
618 95.47710857585434
619 97.48473726558515
620 95.7028311478214
621 95.60498519173527
622 95.72589377773444
623 95.44463953136763
624 99.37032875482406
625 96.3646334282315
626 96.06038315168706
627 95.41128512154347
628 100.41688969512232
629 96.24690470923551
630 95.47401889969288
631 95.70605704195258
632 95.38989826800682
633 99.87500128689312
634 95.46624568024187
635 95.4115107215581
636 96.69156627077238
637 95.52359142391217
638 95.59996986147604
639 95.5108634428881
640 95.23498533930886
641 100.50997949797949
642 95.32648271157612
643 96.28839478174552
644 94.77941231085353
645 96.8369609599449
646 94.60365467476404
647 94.66880701020969
648 94.02385311944025
649 93.60372107542567
650 92.98817812183682
651 93.28586873650707
652 92.8829243073041
653 93.06211652739475
654 92.82340369970197
655 94.3310731332077
656 92.80352648071717
657 94.72470427606173
658 92.86580868979067
659 92.7603102149857
660 94.56602992146429
661 92.89746055490079
662 92.72862479698799
663 93.91632055216553
664 93.10830679161978
665 92.93927687282584
666 92.70296292494965
667 95.72881214737463
668 93.16120732695084
669 92.83356630602526
670 92.87915772777687
671 92.68479866324384
672 94.98227577613105
673 92.67684463226524
674 95.85973119949104
675 92.7545403679052
676 92.67029627720656
677 97.53997279494375
678 94.36275225364129
679 92.72977754763004
680 92.84002846399389
681 92.66633112875711
682 97.13109416313767
683 93.90139527732175
684 92.82677709982707
685 92.75417846566853
686 92.66248579698475
687 95.99500937724964
688 93.38445313087678
689 92.65907667839059
690 98.54176932606983
691 94.95919010800453
692 93.34355112894214
693 92.65670827564296
694 96.88421898717546
695 93.33186636283898
696 92.65402480464678
697 98.4510824934336
698 93.59211474575373
699 93.00699857313876
700 92.65298502001957
701 98.08843945288747
702 93.24592620190774
703 92.92306224543077
704 92.65007832678202
705 97.6498362443943
706 93.23904684154242
707 92.6473394669825
708 93.4700390311365
709 92.63624292717826
710 94.87505015516068
711 92.62403348623404
712 94.64954283038315
713 92.60232448633076
714 93.64447643218891
715 93.19844986363647
716 92.57101232956397
717 93.12049626876602
718 92.54155765694209
719 93.54880583159253
720 92.52895673337909
721 93.5573035289241
722 92.52620503724589
723 94.23509605769057
724 92.82422024341594
725 92.52468050793892
726 94.43620874703971
727 92.69422715634875
728 92.523177401074
729 92.89635051098776
730 92.52250289884437
731 95.90056471350076
732 93.49526093238568
733 92.80184894743499
734 92.52247257789455
735 96.25717655582201
736 93.67700152591713
737 92.52246738146435
738 93.59988230635803
739 92.52245047732899
740 95.05510860372947
741 92.68460684127291
742 92.52207641643186
743 95.35589801663913
744 92.75124882210619
745 92.52207019270377
746 94.93896931599907
747 93.258724334568
748 92.52208853990936
749 93.88408891758067
750 93.06636313125777
751 92.52207548964476
752 94.4470195017317
753 92.56675887752023
754 92.52170774035521
755 96.7809428506976
756 93.40795992491175
757 92.75792312872916
758 92.52171233439297
759 94.72992492884339
760 92.52171468542987
761 96.53875679743092
762 93.00431159727503
763 92.9635030154168
764 92.67235994323403
765 92.52169526915688
766 96.65626110493196
767 93.7493797470826
768 92.73445982305661
769 92.52234511552471
770 99.80435056684036
771 93.53853247304852
772 92.51933212143004
773 96.54000702060657
774 93.31671130306185
775 92.7869242041741
776 92.50978870597875
777 97.49435726835293
778 92.66610694166553
779 92.50127203688308
780 97.04273765497678
781 93.29559056227265
782 92.49186475185896
783 95.20038388672766
784 92.45946509875655
785 94.28707584550446
786 92.56978040335302
787 92.50779001952597
788 96.30005725589609
789 92.49697050647534
790 94.6655271214816
791 92.9429390128721
792 92.61468723051256
793 92.28520141093226
794 94.08333394025267
795 92.83137851600395
796 92.26787407243584
797 92.47350388195646
798 92.40733974868562
799 92.35011857770215
800 92.09628022756715
801 95.9246379555575
802 93.63027642553969
803 92.38443138819315
804 92.77866730302992
805 92.0516584418214
806 93.54992235434167
807 92.44758221235419
808 92.1923523025556
809 92.16511535402228
810 92.02541443752409
811 104.10904788002836
812 96.81080568518277
813 93.78101537286813
814 92.41993955143995
815 92.36533867641208
816 91.9443267773413
817 98.23117648604826
818 93.83356377512172
819 92.19021500600756
820 92.28063289218314
821 91.83021357836105
822 95.87035489719861
823 93.15298083261723
824 92.20697658683751
825 91.81871822924015
826 94.32940928824031
827 92.60727076032505
828 91.64857445927811
829 96.8247283358759
830 92.8004794466066
831 91.4828016248355
832 94.08611429177401
833 91.9893674230742
834 91.78557987772932
835 91.3001021330025
836 94.96240916481662
837 92.64320824410552
838 91.72944488832808
839 91.06317128702011
840 93.85520158637702
841 91.93655632903017
842 91.2918347713015
843 91.78308340326156
844 91.34211719254283
845 91.39869011607027
846 91.35363484201416
847 90.67276801185642
848 95.77797057138713
849 91.01808119294486
850 91.2627677471706
851 90.73564251827807
852 91.92579317358364
853 91.10252029563807
854 90.47830796072566
855 95.61135905981712
856 91.0633450350818
857 90.2355196341154
858 92.21704871355358
859 90.06483123962802
860 91.03106947696234
861 90.01955802768387
862 89.77714404862901
863 91.03154657590831
864 89.58378965089531
865 91.04747455518549
866 89.70033622225753
867 89.39487037546516
868 91.57322818481981
869 89.35487132015128
870 91.33035453628995
871 89.31144697811987
872 89.94465716373395
873 89.05100613054012
874 92.48845250697055
875 89.51373933168854
876 89.10651488257666
877 89.91685353707219
878 89.40449718449041
879 88.68030832425495
880 94.93867804788574
881 90.15293457949792
882 89.63321382013915
883 88.4833512597693
884 91.70688096577521
885 88.81900256653087
886 88.40681607780351
887 90.07197242615213
888 88.37654501231646
889 88.02964931730769
890 91.76826782183687
891 88.05506280755179
892 88.19316358981614
893 87.39283929404105
894 89.7766487125098
895 86.8177560071686
896 86.96840912739331
897 86.59525055456945
898 86.72395075379687
899 85.66810744780165
900 86.55628199182698
901 85.22431224852933
902 85.79715482787192
903 84.8802502214507
904 84.76561539130942
905 87.46180046223417
906 84.67187745631468
907 84.44444046336268
908 85.06551086850544
909 83.72740749594166
910 84.91837365400806
911 83.75148550451486
912 83.73952727738737
913 83.56920803147847
914 88.91782967723074
915 84.02654438050942
916 83.47723108262028
917 85.33221764678343
918 83.72263253748055
919 83.46165060349644
920 83.95306499898965
921 83.3371048993717
922 84.11693236625457
923 83.22829415896206
924 84.1330471053217
925 82.74622176923256
926 83.69927123568212
927 82.57051860889766
928 82.6085888889694
929 82.45759591036733
930 86.38069349701564
931 82.7003190599911
932 82.57678285070295
933 82.43200436183707
934 83.69054518332372
935 82.47917230813094
936 82.93720260124928
937 82.39094227450175
938 85.0848473364093
939 83.67546063826877
940 82.34509769837103
941 84.29104571797284
942 83.60912309798279
943 82.37623686176319
944 83.95999024475465
945 82.45719854737943
946 83.17202934348478
947 82.82830423060634
948 82.2149971546135
949 87.50765377200366
950 84.11762950000639
951 83.21187216718118
952 82.25033664461029
953 83.68720394038644
954 82.30191077177692
955 83.85979347590151
956 82.69264485967227
957 82.1121867139207
958 87.37985938472679
959 85.12409089252606
960 82.92686457866479
961 82.23416847498245
962 82.90340125974953
963 82.2393954614759
964 82.03405239065765
965 91.4730888088586
966 84.76478452233731
967 83.07154044000337
968 81.97938560581258
969 85.68813105239713
970 82.37357933565463
971 81.96746620395929
972 83.96285447934943
973 82.05485035569365
974 82.0985918380023
975 81.79915449206061
976 85.07722053467614
977 82.31963423089712
978 81.75872497660824
979 84.86341295912878
980 82.18739839939805
981 81.7019266221776
982 83.40736298231951
983 81.84141805436334
984 81.87335295038416
985 81.65115841787575
986 83.68675703182201
987 81.75776333332901
988 82.08673202768054
989 81.68918796480847
990 81.65926642073975
991 82.84184495082658
992 81.58736699344638
993 84.72066957875708
994 82.13226600545892
995 81.78976171027367
996 81.84629068917913
997 81.55748898214738
998 86.52795825304267
999 82.7260530031471
