# iteración promedio
0 928.9001392771008
1 899.461234295011
2 873.4530179870155
3 855.8317989960535
4 838.2057270895426
5 819.0659002887212
6 804.5755134208408
7 791.6904511664848
8 780.9142364240689
9 771.581259874189
10 754.0249579896206
11 742.9761454535478
12 732.0362319651452
13 714.7183936448149
14 704.5453195933832
15 686.3188362828263
16 672.3883414122861
17 659.8621114393184
18 647.3611807219366
19 633.9368159873371
20 624.8815005316231
21 612.1329381545447
22 596.9966226864836
23 584.3427833664948
24 570.6625919254448
25 557.839977872222
26 547.6363980468178
27 540.9863876813741
28 529.2532251182255
29 519.680783958385
30 508.6068233298642
31 496.1882276085024
32 487.76089721375615
33 478.1321173133404
34 468.57425059341347
35 461.8381496334345
36 452.27585265197735
37 443.5421197005061
38 437.733569234165
39 428.28603122807783
40 421.22285255305474
41 413.57918046495047
42 407.0464943165253
43 396.68598398302237
44 390.37339900191773
45 380.62919968225594
46 376.27436498682283
47 368.91456674950786
48 362.991553937975
49 358.39047992745253
50 351.0633448130278
51 344.023320549075
52 339.3854888243119
53 334.28537654513974
54 326.29899313060224
55 317.87118264853206
56 311.59606071115854
57 307.67045322659243
58 299.70275767536396
59 293.44068218737004
60 287.5119629355767
61 283.0501801194669
62 277.94586836913345
63 274.72216755916963
64 271.06688481055437
65 265.4524238047675
66 260.41592635871353
67 254.10895095704964
68 248.99561660245195
69 243.60043690330025
70 237.6011031642368
71 230.27704609147398
72 226.13305199421092
73 220.11519312584954
74 215.5606564461175
75 211.22116198635658
76 206.52662751864335
77 201.59349444940773
78 197.7158820502322
79 194.43627537417655
80 187.33431830071177
81 184.72433996906332
82 180.96966093331594
83 179.88293789205082
84 177.37763535874944
85 175.77899168878008
86 173.98610171880912
87 172.78427090762526
88 168.6095221975687
89 169.981575622182
90 168.83185589966897
91 167.09366513459932
92 165.47506648245755
93 164.59973905450352
94 164.88942517695173
95 160.55722214076707
96 162.8484123317691
97 159.73459575439344
98 158.99390103833238
99 157.7948158610577
100 158.1137475376172
101 155.89534680331585
102 156.40908572658466
103 153.68586834794255
104 154.4980450024699
105 151.83569505882187
106 150.6462928163962
107 148.0961225453283
108 146.79657483812886
109 144.61009254158859
110 142.55776978536196
111 140.70201741748534
112 139.71602708844364
113 136.48304057302283
114 137.06560473120624
115 136.06988885507522
116 134.22679770704647
117 135.20039012361823
118 133.10198851950165
119 133.55094840610528
120 132.00519297121028
121 132.00382975413248
122 131.2655628769333
123 132.60329075710922
124 130.39943325361227
125 130.78347834913143
126 128.590399320325
127 131.10669986450532
128 128.1123535747277
129 128.63110293857548
130 127.26947080418708
131 127.03942716394988
132 126.48314263712332
133 125.27023130803292
134 128.19231836192023
135 125.3068187000824
136 124.47443601085901
137 125.76299700075542
138 124.12543637282793
139 124.7221365888613
140 123.83833718187856
141 124.0885616286867
142 123.08324358712454
143 124.98714568063973
144 122.60716412847691
145 123.61422151117362
146 122.20608925923703
147 123.56209096613564
148 121.73526792124396
149 122.51336316111082
150 121.21286191839108
151 123.49102499118175
152 121.18647462864054
153 120.44612747509176
154 123.65920614557008
155 121.2871289465815
156 120.02507473445476
157 120.97176777970452
158 119.96896299227541
159 118.97699206477368
160 121.44632112509176
161 119.37702282521927
162 117.98077893065931
163 118.94756376396208
164 117.29393062769823
165 119.32666590897563
166 117.22206090623031
167 116.44729486430104
168 117.8396929011534
169 115.39179463019259
170 117.72757357977352
171 116.05550691639539
172 115.70179577911613
173 114.77250191542429
174 116.47936742397664
175 114.73667583753975
176 114.62492622937418
177 114.56137850158053
178 113.9350138631178
179 114.43010937856319
180 113.95860268742042
181 113.5528723959265
182 115.00537847126567
183 113.2803002694811
184 114.4408440196213
185 112.70243295013812
186 113.70672105951898
187 112.3053381856591
188 113.35320857403374
189 112.58650567859306
190 111.83442656117552
191 113.50496428651901
192 111.43394632742782
193 113.34264014244063
194 111.2429618603714
195 111.26377545167226
196 111.30621745673754
197 110.85024599067955
198 111.32773231707752
199 110.30678809751251
200 111.91832626132842
201 109.98764414232647
202 111.53339321764581
203 109.67603726728332
204 111.6724080442311
205 110.21485786055484
206 109.0984502338068
207 111.42680556820079
208 108.97648191964221
209 108.72955999558467
210 108.19790071379228
211 108.51310240464004
212 107.54273114770966
213 108.66039636352134
214 107.01849238396144
215 107.44620064788192
216 106.50507921314724
217 108.05491892143341
218 106.5179049926991
219 106.95372857463181
220 105.50478273811036
221 107.34877015478567
222 105.56908013411412
223 104.83870780116202
224 104.17344887338437
225 104.01352409278553
226 103.74734155905948
227 103.50480003326655
228 103.35336027537443
229 103.6634147210915
230 103.27659306584493
231 104.02441255051885
232 103.08886206334687
233 104.71065760816602
234 103.4050348476502
235 103.09052862622585
236 104.69756911639068
237 103.34409375008433
238 102.9407867991538
239 108.58069301850483
240 103.543903633317
241 102.87600378950432
242 104.48379160483323
243 102.99158056563608
244 103.13581283899326
245 103.13288588373827
246 102.64055891376111
247 103.07058736514936
248 102.88914808161302
249 102.69553889537869
250 102.82970270336641
251 102.44974737659649
252 103.57560363713121
253 102.30313710584348
254 102.85911195222765
255 102.05992489601195
256 105.37247660578454
257 102.30001491362079
258 102.44761727541794
259 101.83232842820632
260 106.16831826606213
261 101.95959562820526
262 102.48846407977854
263 101.45093434829782
264 102.61924561131347
265 101.5582528345111
266 101.47354473035394
267 101.42060056499719
268 101.6815189352076
269 101.26063830639264
270 105.36311856286828
271 101.76028850268902
272 101.21457053208167
273 104.96121849164861
274 101.61747629951104
275 101.4460293488097
276 101.6706455795995
277 101.36475129264718
278 101.86804548815549
279 101.17007278965193
280 107.03095759417418
281 103.71525683807657
282 101.64896216911869
283 101.53385245305377
284 101.1419400258856
285 107.53099470880915
286 103.47427840846701
287 101.81776187738485
288 101.10899072888184
289 105.3290733640849
290 101.52283195380961
291 101.54495675799042
292 101.08289700908925
293 103.60819841703706
294 101.4079499945077
295 101.15112250038771
296 101.47100066712896
297 101.05676671120358
298 104.25095838262048
299 101.99502319648913
300 101.44670660316744
301 101.0480678239545
302 103.34036526961049
303 101.63824060368336
304 101.04192020844437
305 106.6261142026478
306 103.32153835371562
307 101.86761229530116
308 101.03492113080232
309 107.31319469434577
310 103.0636511908806
311 101.11677001125774
312 101.02630169895076
313 104.9083128393806
314 101.58401953870279
315 101.30046011772075
316 101.22050331624831
317 101.33489460070476
318 101.01664981242598
319 105.18803259751583
320 102.24072571281958
321 101.0055453991173
322 105.5942800281627
323 101.7330137942699
324 101.33124557259525
325 100.9959621878379
326 103.0922703934308
327 101.3715122749423
328 101.12542394476
329 100.98316958677216
330 104.13113300065302
331 101.97069090670034
332 100.9719183055798
333 101.75207707167452
334 100.95822439158896
335 103.05752595710024
336 101.29550130824036
337 100.94814681006906
338 104.63672766612348
339 101.76479897161657
340 101.03203644669821
341 100.93685677086589
342 103.53446405405066
343 101.16255023397478
344 100.92690127415486
345 103.71586107220153
346 101.01327160481591
347 100.91320211749701
348 103.26570000672426
349 101.4841775675722
350 100.89887281116211
351 101.65256722598212
352 100.8898949235943
353 101.89489389309158
354 100.87934419190593
355 104.5203778842378
356 101.60153045510839
357 100.97779706602255
358 101.13547204592508
359 100.86864051440268
360 103.59002335039843
361 101.27812665760602
362 101.092033936092
363 100.99115881223763
364 100.8545192697482
365 103.46470639457446
366 101.18132419875205
367 101.2093099325689
368 100.84526286777353
369 103.72951095500834
370 101.63376982317074
371 100.83818259957718
372 105.8592357078917
373 102.25320452684888
374 100.91424373388975
375 101.22908974025955
376 100.82768093465161
377 105.51662259126434
378 101.09038235669465
379 100.81421705792653
380 102.472639171033
381 101.21340003294807
382 100.80470077939937
383 102.07639361613319
384 100.91535018055087
385 100.79988175084482
386 103.43143515015586
387 101.88456044469565
388 100.7974184134502
389 105.69576707498832
390 101.59699178749707
391 101.2418836615097
392 100.83641583730304
393 100.7946883137479
394 107.67496137724056
395 103.76658282145269
396 101.76200713828888
397 100.83705385346643
398 100.79213419861242
399 105.84322957304201
400 101.591432133806
401 100.78639074252857
402 102.95516463760316
403 101.29702712892453
404 100.77889152556868
405 102.26373198502968
406 101.05757843445461
407 100.77301263513144
408 105.83469926529324
409 102.05916985773746
410 101.69308762419944
411 100.77080878668454
412 104.67890623046061
413 101.72981350813936
414 100.77056335835091
415 102.41456605351277
416 100.76966433561094
417 103.62970488789708
418 101.18574722615564
419 100.76628093681965
420 105.93817402537427
421 101.07626735530785
422 100.7633966685189
423 105.30746592506358
424 101.79386204746189
425 100.75935931666943
426 104.15993543313867
427 101.09319566181483
428 100.74881357823786
429 104.152824017247
430 100.90644002043916
431 100.95286734154467
432 100.73611841709193
433 105.95926850260192
434 101.2713547516114
435 100.69315501450785
436 106.24227440850225
437 102.71610230172858
438 101.29508974212239
439 101.20349944925097
440 100.8270478145061
441 100.67062136039048
442 106.25025486857952
443 102.38770790558084
444 100.85065700490809
445 100.65068853389849
446 105.16271214607136
447 101.83371568234088
448 100.6469010581319
449 103.21979466021838
450 101.30306037050899
451 101.18595245856986
452 100.38691433521866
453 102.55940145640042
454 100.95912031484592
455 100.75382538717247
456 101.15508268589707
457 100.34548690577635
458 108.11373495158035
459 103.82855577713532
460 100.99415482711373
461 100.22803669156961
462 104.31027002721854
463 100.97518337010487
464 100.12179884641823
465 103.15213245863697
466 100.55052819269558
467 100.01365855937551
468 104.9770878901411
469 100.92076318946795
470 100.21151548421942
471 101.17319295341278
472 100.3663307756261
473 99.66901447176542
474 105.39251786217898
475 101.84386660242524
476 99.60353488358089
477 102.14878672777988
478 99.69188776048394
479 100.33447031671544
480 99.25641324525176
481 100.61787674144335
482 99.22066234071175
483 99.35001550405046
484 99.03434504914512
485 105.11183428258036
486 100.2795359302822
487 98.94603841351329
488 100.23695604112275
489 98.95049996376778
490 99.4930498775209
491 98.72547709124034
492 99.39693175676855
493 98.67346098718657
494 103.22980280639962
495 100.4889660794811
496 99.46896168195794
497 98.71672597998224
498 98.81402213903112
499 98.64451358924708
500 102.36980155606835
501 98.8816373872508
502 98.61565398601265
503 100.81634257677526
504 98.55753393234845
505 99.35192691867277
506 98.71591035948099
507 98.49681901047121
508 99.87429645998257
509 98.43456685316994
510 99.41701486012394
511 98.45180676012701
512 99.24839507396811
513 98.76570743812088
514 98.37648734156478
515 101.38070476489554
516 98.32480241036012
517 98.26317567139404
518 99.18125164074962
519 98.24781695390415
520 98.68076764324938
521 98.11969087692476
522 98.9955343207022
523 98.0845009986273
524 101.72492082138496
525 99.01339927889562
526 98.0704533788172
527 100.80506539922776
528 98.32476606067301
529 98.03001738935393
530 98.76489969966924
531 97.97848340403372
532 99.58449279501967
533 97.90594351815527
534 99.0200522589376
535 97.8612224235456
536 98.06373760699508
537 97.84122201871646
538 100.07023160388974
539 97.83973065157411
540 98.42389118820807
541 97.83151629181997
542 98.77288440335009
543 97.81719345732807
544 100.33515860062705
545 98.4160430398196
546 97.79357993625428
547 100.22583505364759
548 97.8802849823996
549 97.74934847923309
550 97.88190949401447
551 97.70422780713528
552 97.837335714098
553 97.66299727327376
554 103.62052209346922
555 98.80882320596993
556 97.83028396852758
557 97.66154650641906
558 101.60235864917145
559 98.26464572786803
560 97.65871210142006
561 101.03416379305905
562 98.03069049412419
563 97.87737911562446
564 97.65558897668296
565 98.7619322541209
566 98.06494924585468
567 97.64937117568036
568 98.85592608181454
569 97.99534699194882
570 97.80437178954534
571 97.64632576256534
572 100.22224261174796
573 98.07627165264302
574 97.64481646999008
575 103.46048462108799
576 98.80377819041034
577 97.86028668347615
578 97.64467657902586
579 99.03581980318276
580 97.75938018151963
581 97.6436682569438
582 100.27232390483738
583 98.50934859875069
584 97.64150612833438
585 98.86186420970256
586 97.91652867247916
587 97.63724195722455
588 100.50175145090343
589 98.23511499066673
590 97.62757198095328
591 103.1465804636298
592 98.55513839572139
593 97.97154517202833
594 97.61990558400923
595 100.88684235631871
596 98.21273705458803
597 97.66659420905543
598 97.6060170795213
599 99.53854443393894
600 98.09106660818951
601 97.59589806617858
602 99.94410689510926
603 97.83821772473651
604 97.68672891185741
605 97.57726460463354
606 103.35391517150096
607 98.72354686769584
608 97.56286373567065
609 101.2284752846536
610 98.12017613766406
611 97.53130206913052
612 100.30906497173281
613 98.39440621615189
614 97.78357144626725
615 97.5612091402359
616 101.20392925062191
617 98.37317427819575
618 97.53053546871753
619 100.21008830233099
620 98.5665600437117
621 97.78612954108874
622 97.68074717737642
623 97.29700543442804
624 101.0210486983191
625 97.76754186533579
626 97.65465866129705
627 97.35024288205908
628 98.60938496200697
629 97.58840644316535
630 96.91106634141379
631 98.92424778608533
632 97.43624765110503
633 96.92103620143097
634 97.25480937188888
635 96.77943204726824
636 104.95110462680566
637 101.58734314703017
638 98.33036906596763
639 97.61346505787019
640 97.07344342301992
641 96.86798024212578
642 97.43310878551596
643 96.92654846481362
644 97.25634971621118
645 96.70535485982508
646 102.24687819141296
647 97.8610298636784
648 96.88717077885536
649 96.94223177906287
650 96.65364844487397
651 102.01406321161305
652 97.88975835830486
653 96.96731711140853
654 96.60062125416466
655 102.20388392164449
656 97.67360359512007
657 96.51821590730741
658 98.82878556387938
659 96.81470424932968
660 96.36273150939003
661 97.85328981158062
662 96.40575543871877
663 96.61717182540566
664 96.55244997354046
665 96.05037360859158
666 100.52299587117015
667 97.57878066657449
668 95.90940464521815
669 99.5077278297013
670 97.09931930811042
671 95.7999317480071
672 99.10030359330915
673 95.88961960607423
674 96.62158897586274
675 96.41637507666576
676 95.93791737924056
677 96.17557654554832
678 95.07612206096621
679 97.52614803867954
680 95.88144926471803
681 95.67777416999154
682 94.51105222694278
683 95.31412624710111
684 94.5420088507812
685 94.20580767729999
686 96.91969121239254
687 94.97215247716035
688 94.11600431226213
689 94.74723789787899
690 94.38065362377047
691 93.74176515323705
692 98.3099501810983
693 94.81238017122067
694 93.44032895490517
695 96.10713158187782
696 94.21349293371695
697 94.24099890014101
698 93.65666555443589
699 94.45151974083704
700 93.5114376869329
701 93.80575535790713
702 93.4945339405977
703 92.9603734800902
704 97.66538148053917
705 93.17747962874469
706 95.4622548061705
707 92.76990268406942
708 94.52609528875627
709 92.93449034022944
710 93.34548896767613
711 92.42886824985396
712 94.65543432307963
713 92.80719817287225
714 92.92607729739885
715 91.6318587415025
716 94.69798167946163
717 92.28051557028897
718 91.85455617748043
719 92.69149684507434
720 91.36819364488987
721 93.8172564344658
722 92.09408072807963
723 91.2446722738746
724 94.42363188390176
725 91.55841129075782
726 91.69636521323453
727 91.0971134756628
728 92.40739242313389
729 91.1314769792344
730 90.94285538015798
731 93.57305857780997
732 91.42299656072537
733 90.69739130319729
734 95.13601211800486
735 91.26559248002164
736 91.08308243816458
737 90.24718262865653
738 93.95207689810475
739 91.108635353513
740 89.71484843560674
741 90.97975316449259
742 89.80980433418534
743 90.02946228880468
744 89.20778124862892
745 93.59355761043363
746 89.4026779817039
747 89.57207660000846
748 88.55785503918321
749 91.25413815165203
750 88.51727918846608
751 89.05397565959203
752 87.98499605681867
753 87.37685235592421
754 87.7139619036061
755 86.71865707345457
756 87.14689189315892
757 86.79144298270903
758 86.02595985970544
759 87.91409541927082
760 86.20326400678124
761 86.02533345725378
762 85.39953359311293
763 87.99563599776131
764 85.38022511455371
765 85.82444958371778
766 84.96579951088871
767 88.8444205894455
768 85.69289242977426
769 84.95667146351656
770 87.2165003005433
771 84.72569205865004
772 86.24110562720502
773 84.85079851530017
774 84.16721961346312
775 84.26972860623145
776 83.63356620153732
777 85.17815409835032
778 83.23262295547114
779 86.99702921688666
780 84.64944097844281
781 83.03107097420836
782 87.13393054206617
783 84.03118121981589
784 82.88140154529117
785 85.1305642823933
786 82.72027152015109
787 85.45122530852872
788 82.87826456972374
789 82.689473572345
790 83.13114550156337
791 82.37852718637369
792 83.09830864928662
793 82.28192309643926
794 83.90768307862221
795 82.04196358053045
796 85.86359447036705
797 82.27670391540214
798 82.75598524224264
799 81.96785609639448
800 86.82330446561575
801 83.51260866520128
802 82.04766688989486
803 83.08305990974772
804 82.06308041842227
805 82.7921818857797
806 82.05259920276858
807 81.9860338313953
808 85.08068164605335
809 83.13065571413998
810 81.86415092219741
811 85.1188126795276
812 82.7502918671921
813 81.80606314258715
814 84.2368827937825
815 82.0253840263507
816 81.85486426488421
817 81.8361162919934
818 81.73278892559497
819 87.7124179636881
820 82.68773454797677
821 81.69697741073105
822 84.65492109799854
823 82.13949900474769
824 81.58599362857547
825 83.67598834421716
826 82.36139156945448
827 81.42429509662375
828 83.88110256585814
829 81.73926169722846
830 81.8077005324772
831 81.07966954283708
832 81.66104406832338
833 80.90204083747848
834 82.84217842888758
835 80.97034153383957
836 81.47751906158472
837 80.81549990515339
838 82.01421091986303
839 81.01403142574131
840 80.79346974198485
841 83.0509776883899
842 81.48495312549402
843 80.7847543445176
844 81.86804703252602
845 80.97205363167875
846 80.78499260598721
847 81.08716722868071
848 81.03935904534181
849 80.77563825841617
850 84.04603571261434
851 81.49632146523714
852 80.88074347253645
853 80.77322041169708
854 82.52838069425194
855 80.76952027443679
856 82.71209034933143
857 80.77257375643991
858 81.01746786259746
859 80.90053288020835
860 80.76538030427983
861 87.16586868120768
862 82.65898264722921
863 80.76418026110228
864 82.3928734686057
865 81.21676833044533
866 80.76018428081306
867 84.62704824314129
868 81.4666520731036
869 80.85859771498869
870 80.75670052198538
871 85.53438685419725
872 81.7160914533517
873 81.29628215078276
874 80.85635163986247
875 80.75455078029258
876 84.02975585609992
877 81.39296682823876
878 80.75048947732702
879 84.57341915122441
880 81.66885171468704
881 81.03372701101102
882 80.74579506791044
883 85.10527598525228
884 82.52201431825124
885 80.8654496541697
886 80.73867943351482
887 83.9405869442712
888 81.33209490871842
889 80.73407971677972
890 81.66232398651135
891 80.72750480851559
892 82.76506882322357
893 80.953375899514
894 80.7219026573532
895 85.28093479409915
896 82.54315299555236
897 81.58936924858074
898 80.96047009624718
899 80.71855381354877
900 85.89055246958125
901 81.69700918752778
902 80.85279203114082
903 80.7157573280151
904 85.65078506021273
905 81.67716079242432
906 80.98427937261764
907 80.71346260253834
908 82.15590815986238
909 81.1946250763386
910 80.71955484948454
911 80.90952081190301
912 80.71114263810146
913 83.07286254925083
914 81.35842278830985
915 80.88884993146615
916 80.70979546246735
917 84.21538613791745
918 81.12744310601056
919 80.71037454633073
920 81.12260516732644
921 81.05583953567766
922 80.70767434094566
923 84.04742654305305
924 80.86965210728894
925 80.70539570467714
926 83.1272221639131
927 80.70635262901705
928 81.78487215289472
929 80.9158322007609
930 80.98132128936417
931 80.79034100723534
932 81.0611783198538
933 80.7037134200931
934 87.53360693011837
935 81.64550720837362
936 80.9246742026659
937 80.93286942804517
938 80.7000701650567
939 84.56727405555512
940 81.6604470857215
941 81.28032850382988
942 80.69407950843694
943 84.34374986597786
944 80.89000136257455
945 80.67750422031375
946 84.99532096744001
947 80.91510381480417
948 80.6454248024583
949 82.09481224040377
950 80.62481260017229
951 81.50937989814167
952 80.54788188484027
953 81.45227933704167
954 80.8644846426687
955 80.50805094389571
956 80.56627479526928
957 80.489168185149
958 85.43767198488372
959 81.27223983708029
960 80.69919711016841
961 80.48140473183085
962 82.12568173236197
963 80.48030355645854
964 82.08543509495443
965 80.45494655875585
966 81.33817431097862
967 80.53978601653806
968 80.72464662366706
969 80.39474868170385
970 82.3027566688911
971 80.27593627457937
972 81.94781532120355
973 80.37162996522035
974 82.13229473919972
975 80.19171612327763
976 80.25961077452602
977 80.36040182975185
978 79.62634086044278
979 79.38838153693234
980 85.4881515542973
981 80.24420937202507
982 78.90956821699463
983 80.24438572971458
984 78.25635762659488
985 78.3888201794372
986 77.60841333733588
987 75.92179958210541
988 74.70921224328339
989 73.28954844968723
990 73.45995805996168
991 73.24469406213713
992 77.55380242298442
993 73.72780062096018
994 73.40439454481636
995 73.24515514539515
996 74.4067125540903
997 73.2461551759572
998 75.27368213814847
999 73.23833246778806
