# iteración promedio
0 920.3588920980973
1 890.8869054435698
2 861.0291398707043
3 839.1897055623346
4 815.3337466303508
5 803.0732717849949
6 786.2117702668012
7 764.726254324017
8 749.2921081036344
9 729.7527458545624
10 721.0445019680888
11 703.6974424246183
12 686.5640031699525
13 675.2440900320839
14 663.5735036866924
15 651.96993870207
16 639.1632119103418
17 628.4145141881712
18 617.800342291502
19 605.1758505892141
20 592.765812906508
21 585.1349119723499
22 573.9337140563741
23 565.1426984399103
24 550.0924403283543
25 542.6110277199356
26 532.6858825664895
27 521.0072928274506
28 512.3068563890855
29 502.8692611714537
30 497.3624226645757
31 487.0282947157094
32 480.1548303971732
33 471.69605968829666
34 465.9226919721143
35 458.62138030293005
36 452.870713098731
37 446.8858650200337
38 444.18841461734877
39 438.24556261895924
40 430.6655621729035
41 425.32924911860823
42 420.02070702819475
43 413.98064407918207
44 407.5299927565492
45 402.24791432350975
46 397.6964452789474
47 391.36285618273655
48 386.99756794484216
49 382.4511626739775
50 376.87249028750904
51 375.0218905707721
52 370.3539769966743
53 364.2670266807205
54 361.3984423466747
55 356.8290984555507
56 352.24080414336163
57 347.27455027092975
58 343.7447053386287
59 338.1635212191124
60 333.71254128676844
61 328.18365545268745
62 321.35390627798967
63 317.4956305684367
64 309.4590403730172
65 305.27172621926326
66 298.13037998120024
67 297.5331232673178
68 290.60476244825435
69 288.1817075677198
70 284.0792629248611
71 280.15757330153696
72 277.6778513386112
73 275.2909743495171
74 272.8803874005636
75 271.25514112693935
76 267.73044416759313
77 266.23030752131234
78 263.47363821874677
79 261.2664246267748
80 257.80348786519244
81 255.50448573664428
82 253.19693255868557
83 249.6021324445791
84 248.0735128043039
85 244.14240435641216
86 244.21205830011496
87 241.73764767915767
88 237.89994193492836
89 237.79994882637283
90 234.29148475950313
91 233.66906626483498
92 229.6848978575756
93 230.1411532091906
94 227.5723052847504
95 225.57110661595624
96 223.56880044669717
97 222.6616247414171
98 222.19368634300633
99 219.61322520371337
100 220.61685161085538
101 217.12455310062663
102 216.982201160731
103 214.28405582989527
104 213.13184107444118
105 211.4126329093325
106 209.2020757752195
107 207.5720022490239
108 205.02717625966525
109 203.8694162930174
110 199.52300110704562
111 199.2226145000575
112 195.96834121992003
113 196.29179204548942
114 192.89187552521108
115 192.80619524505653
116 190.87609592864234
117 189.30328876926112
118 188.14558301208837
119 186.6693474391659
120 186.34274523100032
121 183.55125649493232
122 182.89392219437295
123 180.263991095354
124 179.88752359868576
125 177.60700947608058
126 175.7122978658569
127 175.52533349212564
128 173.02114968431488
129 172.86341573739756
130 169.81629456556095
131 169.93285554130077
132 167.97091500441195
133 167.99296193649016
134 167.09433057807877
135 166.3398081150108
136 164.68050443167738
137 165.73283434439978
138 163.44982344516683
139 163.61112633735823
140 162.50339819451136
141 162.1691421029799
142 160.76225924722036
143 161.35218471058994
144 159.78809033905233
145 159.553795870576
146 158.07723727394838
147 159.07944790192545
148 156.99152824417598
149 157.4192146099138
150 154.7247845237784
151 155.64101515332902
152 153.8471883982101
153 151.83674710478556
154 152.01974390434867
155 149.763872686177
156 151.10184769512662
157 147.40386290614296
158 147.54431730253955
159 144.78243234793857
160 145.45404374678805
161 142.94542725764953
162 141.48963674084885
163 141.07066485866943
164 138.30402392146718
165 137.76480450231696
166 137.78744226681482
167 135.27087951830802
168 137.48327261081639
169 134.33982163283193
170 134.58313116316833
171 133.3243938523704
172 132.352772672697
173 132.08992814309758
174 130.81260523449163
175 130.96656033137424
176 129.22272916598274
177 129.62262225993243
178 129.0153963680346
179 128.90596460928492
180 128.36929688311045
181 129.13679016624803
182 127.76807141414518
183 128.00862255904195
184 126.86480331508696
185 128.4434854581735
186 126.60965464521482
187 128.30123147294643
188 126.47182823812871
189 126.18879299873117
190 126.9114988830496
191 125.20983734042606
192 128.27803430081636
193 126.33891304030199
194 125.32592782492713
195 125.54098401083111
196 124.43658989130658
197 127.00428961109036
198 124.60910380774126
199 124.51605217615264
200 123.72113692954458
201 126.41150210843652
202 124.12798650215309
203 124.10642329058794
204 123.3223883628436
205 125.59054930617745
206 123.60082252286962
207 123.15561595634841
208 124.67726700889912
209 123.3935593694043
210 122.970380761606
211 123.18316313915867
212 123.01203169284463
213 123.09784069088487
214 122.6090330882422
215 124.53640002348656
216 123.02570739351326
217 122.7619497517887
218 123.22061010296173
219 122.31108709712764
220 126.74843337381014
221 123.49035264694646
222 122.33736416522969
223 123.6494978272986
224 122.79109230283238
225 121.71200607346132
226 128.2857062844692
227 126.49509191828346
228 122.73439972182692
229 122.50962017635862
230 122.87681152021052
231 121.78624318542725
232 123.98182265025638
233 123.07028133283993
234 121.77805876315416
235 121.7526023067583
236 122.0252486552634
237 121.39718148950475
238 125.38184502861967
239 122.40312878376344
240 121.8804190065312
241 121.53403731393735
242 122.06493609295917
243 121.36851515381393
244 121.41657379153365
245 121.4329731272632
246 120.75251142827692
247 125.25377051377055
248 122.51263677498632
249 121.465355998181
250 120.46151764467253
251 122.97785861626801
252 121.20595293478726
253 121.10208336784964
254 120.10514014107602
255 123.43326849441108
256 120.34573963873254
257 120.44884202633881
258 119.60232649287911
259 121.19958356382742
260 119.40612768470933
261 119.68985927867735
262 119.18799085079804
263 119.73361245809083
264 118.56897623935718
265 121.71278694898263
266 119.28139217769852
267 118.39220340119535
268 120.0967017231256
269 118.20736837738494
270 119.68791716720118
271 118.19096452971802
272 117.63647259363623
273 118.91693437270644
274 117.46181279853303
275 116.89683679127042
276 117.1158811183617
277 116.35142459995087
278 119.12471120141677
279 116.60186262730704
280 116.84090578118125
281 116.19220063767847
282 116.95191376442122
283 116.04900141196347
284 116.62670216626083
285 116.30744902511425
286 116.0881237413153
287 116.22911113050624
288 115.93954515444427
289 118.42314089543022
290 115.87326823523765
291 116.83127589407
292 115.94472484492925
293 115.98794713765517
294 115.55826664473793
295 121.34934501626076
296 116.46836729198242
297 115.82447720126973
298 116.78600023202327
299 115.55544890629454
300 117.0256176001799
301 115.8519501769897
302 115.59781294173256
303 115.97131447572137
304 115.53298700926871
305 115.77642334329272
306 115.31535529281022
307 119.07047903590188
308 115.98391430722954
309 115.28812148064436
310 116.62129617472473
311 115.76367679741335
312 115.29572430321141
313 115.70746125641152
314 115.04017294536756
315 117.05737398938912
316 115.09857515837088
317 116.29338073780075
318 114.99086641875712
319 116.7462952690762
320 115.26777088599505
321 114.76820276979166
322 118.72605178831918
323 114.99912434538719
324 115.3714581894119
325 114.63607748256122
326 118.00040465025928
327 114.84631194280402
328 115.62750065327242
329 114.39260823779303
330 116.93009756865779
331 114.97650380783651
332 115.441570341883
333 114.23136710355274
334 116.05125640205283
335 114.13244522149766
336 116.01804271843659
337 114.36484229694261
338 114.30245284046524
339 114.02494049210432
340 117.57405638207847
341 115.25952324958611
342 114.17728234543274
343 114.2462006539568
344 113.9926757848346
345 116.91487056796181
346 115.08583742706402
347 113.97482186662528
348 115.48728331855247
349 113.96347393479013
350 115.93835012342439
351 114.24167381045874
352 113.94281452222184
353 116.62418803217088
354 114.2629452570256
355 113.92865370851399
356 117.45590900288225
357 114.99437832051086
358 114.33424689744533
359 114.13109648542968
360 113.91607847097832
361 117.38501324049963
362 115.092990953106
363 114.27138268037206
364 113.90329779538061
365 119.45672299775717
366 115.6025533773613
367 114.87826564872354
368 114.13532867323653
369 113.88122924126662
370 119.46465061174212
371 115.13054049508627
372 113.86020601272865
373 117.06462307819336
374 114.04396835796247
375 114.12336335792271
376 113.84787007471256
377 115.989492196851
378 114.01759413923334
379 114.1688414973457
380 113.83083032943983
381 116.97372344852766
382 115.19859833226296
383 114.24026495756124
384 113.81585793459712
385 114.68338046570265
386 114.74414084474284
387 113.94838972640152
388 113.80305897282014
389 116.4280464655797
390 114.28038430545867
391 113.7896096848477
392 115.17652545320315
393 113.93953219427814
394 113.98734573595968
395 113.76961635242769
396 116.21639911187599
397 114.25973755890726
398 113.7466392068322
399 115.4973173002384
400 113.73498876607545
401 115.00827716609209
402 113.71411687070812
403 115.52919092878858
404 113.7167553398617
405 114.28588158972676
406 113.57917112057993
407 115.92831773306314
408 113.50433596674327
409 115.95353305483944
410 113.9967529932037
411 113.23496150552165
412 114.6468728143609
413 113.66066587035435
414 114.88073995660949
415 113.58980828611999
416 113.53596852180539
417 113.18632066193207
418 112.6537386293165
419 112.18921845269429
420 112.86188994280882
421 112.01571630809849
422 117.30879079886328
423 113.32273782129046
424 111.93479696650496
425 116.31446043764925
426 113.46967045953298
427 112.08433983114892
428 112.44146556248303
429 112.15267391324988
430 111.9926341759809
431 115.49344411369857
432 112.9599654380606
433 112.19539019208152
434 111.6165429237204
435 115.55352270803719
436 111.46826096914708
437 112.34797739253095
438 110.32096278310325
439 111.32444784168075
440 109.78705368964768
441 109.3137838798902
442 111.56275269602243
443 108.97134735957667
444 109.81081379010331
445 108.99851535897284
446 108.50607199209378
447 110.08812899446217
448 107.85639295673106
449 107.77131700449421
450 107.57957004625553
451 107.42860773633318
452 107.67245275285333
453 107.31953233617352
454 109.52404972376593
455 107.57526139467802
456 107.57177439494002
457 107.29759062701443
458 108.86744053479737
459 107.39389151590721
460 107.27963783701091
461 111.1878287405019
462 108.14007216232714
463 107.26884897017555
464 108.31515523960837
465 107.50375730258203
466 107.24817337083938
467 109.51488179190565
468 107.77588234398861
469 107.42530784098673
470 107.63075772209959
471 107.55322887639208
472 107.22555899849068
473 110.99711682149464
474 108.0050299553262
475 107.16445291934082
476 109.19080505285818
477 107.31538860317676
478 107.09927027869914
479 110.9878309964113
480 107.46387857100268
481 107.01268214159909
482 110.33717719137925
483 107.13370691499158
484 107.25628529048427
485 106.97383813661897
486 108.80137779414763
487 107.22938490630241
488 106.70688783953696
489 108.67131272190376
490 107.2649732173743
491 106.77746957937254
492 106.77860955305137
493 106.55960511508361
494 106.40975985625933
495 112.03920255666844
496 108.42192065547736
497 106.81274847571807
498 106.38880920967675
499 110.13984223249095
500 107.73347985579159
501 106.39232110681186
502 109.82538629781239
503 106.54155228031368
504 106.40388507582138
505 107.59810535802983
506 106.6055382402024
507 106.32323194332135
508 112.23643142811618
509 108.79250557299139
510 106.88149205992403
511 106.27112055478014
512 111.84935496722191
513 107.93831199628019
514 106.31485570698223
515 108.13153476722417
516 106.18395792999134
517 107.62574395671376
518 106.5607551190367
519 105.91959027392387
520 107.50093501279929
521 105.83773708384808
522 106.46656817563294
523 105.63740451795938
524 105.9454763281311
525 105.54646853320276
526 105.9164599309533
527 105.29643741521981
528 108.30912657796014
529 105.75823328257074
530 105.69640801429114
531 105.43286981685455
532 107.77223644067095
533 105.617975735293
534 105.0331018814903
535 106.53405204949877
536 105.24440024789426
537 105.20371189824867
538 104.98840632290005
539 111.97354810821824
540 107.894346220536
541 105.36603210571771
542 105.07015393230195
543 104.97468568246539
544 113.72409704765
545 107.85235786912018
546 105.53777740512285
547 104.9506874597711
548 110.02856655044896
549 105.58307520042347
550 105.0062675524389
551 104.96027664267805
552 107.5844738820785
553 105.46779702377398
554 104.83191752232169
555 106.91932932458893
556 105.12952433156408
557 104.7896032326752
558 105.64520537507434
559 104.71207469278484
560 105.25684580628655
561 104.63814092120933
562 104.79892562961854
563 104.55994321349961
564 109.41962808959401
565 105.38724662881685
566 104.95189975459098
567 104.6130639380301
568 104.6857376782615
569 104.53045922720997
570 110.09633061624481
571 106.00671309632605
572 104.98006903027682
573 104.6934575402429
574 104.57060127164397
575 107.56993530813544
576 105.35493080393728
577 104.82373602558728
578 104.52863972207018
579 108.38362471942574
580 105.58404392610086
581 105.33744060988418
582 104.5691350183836
583 106.194946902089
584 105.5581638527662
585 104.5007296640685
586 106.1849850034958
587 104.98494077609008
588 104.19238926671325
589 107.42087353833949
590 105.2898150770738
591 104.39830249548062
592 104.883015370347
593 104.01866387328127
594 104.4821760515216
595 104.10494429967085
596 103.88677285522677
597 105.10383627998068
598 104.66364696963507
599 103.79332879685872
600 107.31781585850337
601 105.0186609396091
602 104.23967456303521
603 104.3162677300813
604 103.73785219523728
605 106.16042626421125
606 104.48248749124573
607 103.93617818996204
608 103.75474867047302
609 104.70221877671746
610 103.84772023445039
611 104.24292810065401
612 103.62494559213287
613 110.01897968213197
614 105.77019732023744
615 104.32200095203065
616 103.57497302327198
617 107.15986717114284
618 104.09485746008907
619 103.42188558759804
620 106.99044857553477
621 103.34393435186205
622 104.36109511012195
623 103.5775171353718
624 103.6083840576825
625 103.07800360776957
626 103.98077004396634
627 102.97618985165573
628 103.57185797966127
629 102.90391083624873
630 102.95687015308816
631 101.97234332597444
632 103.60974353069258
633 101.9527553565236
634 102.74400812293163
635 101.3010363429642
636 101.42292714571767
637 100.81850613976243
638 106.76632366555194
639 101.9929898564531
640 100.9167904735993
641 102.07092087115316
642 100.56223736983772
643 101.58872676910414
644 100.45166837210854
645 101.05208513055473
646 100.1432374384231
647 104.44555776907855
648 100.44477985513264
649 100.51844208586692
650 100.0177446524219
651 102.70885888064335
652 100.65963786729571
653 99.89824315502568
654 101.55567372543035
655 100.05331866484966
656 100.40390342846216
657 100.25205827168494
658 100.05762999540315
659 99.8206575358097
660 104.1578326120551
661 101.30234583327936
662 100.21478734564757
663 99.8871312820001
664 100.37069968689276
665 99.77976369356372
666 106.23980554961331
667 100.58480904841637
668 100.24979083205363
669 99.73594669709408
670 104.10574389662162
671 100.89093650711644
672 99.81719706012869
673 100.58687595632045
674 99.64161085702636
675 102.2033466180825
676 100.04160622740689
677 99.81612947853219
678 99.8802345446316
679 99.53983337733145
680 101.30611614392508
681 100.03121342442732
682 99.45637084718055
683 100.59038464563594
684 99.37815793968292
685 99.50513162656334
686 99.31771612024109
687 99.41120933620026
688 99.09760937213633
689 103.25227855424932
690 100.51778256131708
691 99.58865598579386
692 99.05860095930484
693 106.1175998092965
694 100.933433545363
695 100.27714634356731
696 99.42706298313131
697 99.01803367894497
698 101.55611621219857
699 99.92312506409279
700 98.99715806034308
701 101.79218544445908
702 99.58164582201918
703 99.07795746554874
704 99.48564830298184
705 99.33332655586996
706 98.97491896504657
707 105.09909713671844
708 100.14493778596665
709 99.06626605818478
710 98.9641388154054
711 102.51495542649893
712 99.40536506317635
713 99.00916591066215
714 99.10787858900827
715 98.94024555668857
716 102.92218573492333
717 99.81437722788095
718 99.04692892232589
719 98.90745225943076
720 101.46680472946116
721 99.60956213449174
722 98.86569518147739
723 100.8667240167856
724 99.19726064635921
725 98.99946123874344
726 99.03317366959854
727 98.81994785121543
728 100.92175265750376
729 99.26991770959643
730 99.04373033836704
731 98.80598830273148
732 100.45591317645372
733 99.17461509209318
734 98.79429191593854
735 103.21903510483628
736 99.71150239313991
737 98.95568725487436
738 99.11068107635148
739 98.86543118834632
740 98.7812137224351
741 104.45656955971337
742 99.86644261638878
743 99.64521189909557
744 98.77540683274394
745 101.72753720155352
746 99.1789320351728
747 98.76443942316696
748 101.4505033434761
749 99.15776286712239
750 98.73630557447045
751 100.31527947650899
752 99.6424039066083
753 98.72553269211693
754 99.98163164418658
755 98.71670302245842
756 100.35325918649413
757 99.29592699352945
758 98.70504701477473
759 102.5914209615732
760 99.79873579741668
761 98.84687746118774
762 98.7012621372423
763 99.48562167358456
764 99.2663556768095
765 98.69712991910356
766 101.9312579266027
767 99.7528833461673
768 98.91930220972597
769 98.69405208229385
770 101.51168287007003
771 98.7894080959427
772 98.69149670933665
773 100.57038568929785
774 98.82057279375319
775 98.68893655335528
776 100.97154348288346
777 98.81770917569898
778 98.68570679641138
779 102.08003291320912
780 99.52051848477178
781 98.6834233956884
782 101.54619578518377
783 98.90281632685114
784 98.68036011061469
785 102.66694826038739
786 98.99374690329424
787 98.67765617024139
788 101.60594227246234
789 98.74276730572893
790 98.67471556107907
791 101.40529444686528
792 99.35044610552026
793 98.67218901110411
794 101.18102037378105
795 99.17217347696582
796 98.93391092302971
797 98.66916981439803
798 100.19103685405824
799 98.66815575958752
800 100.6793929145905
801 99.58582025383971
802 98.66403509457663
803 99.8661509586106
804 98.66292552625306
805 101.72737838250131
806 98.73273286638758
807 98.661415468857
808 99.91719295787716
809 98.66646717509407
810 98.65953294713727
811 100.22291161915817
812 99.13172414666657
813 98.65838876430479
814 99.89092869048001
815 99.45871838487815
816 98.6581954650387
817 100.28874169900595
818 99.23432118724267
819 98.65470535702481
820 102.21517976102446
821 99.54732999363594
822 98.79607073569038
823 98.65236125058419
824 101.76235045717151
825 98.65072253561188
826 101.424199543339
827 99.36956107976512
828 98.65057301070783
829 99.15598989139133
830 98.73756802895772
831 98.81325823117795
832 98.73299446875501
833 98.64757921488257
834 101.83078635151705
835 99.51280598080889
836 98.99600948126422
837 98.64890815706595
838 98.88509121353047
839 98.6457934957653
840 101.98408535234081
841 99.65445223657565
842 98.64651324707327
843 98.82906646650237
844 98.64453650987012
845 100.75677228235025
846 98.64392189604646
847 102.07299036991664
848 99.19183681031363
849 98.64720320926483
850 98.98125291457328
851 98.64342726382505
852 101.51407848629864
853 99.39606455348274
854 98.81893238424762
855 98.75825357566848
856 98.64280213256217
857 100.91132481506992
858 99.28307576904564
859 99.26349870334867
860 99.04054627241523
861 98.64229362065782
862 102.4002408785823
863 99.7830429651093
864 99.014484466472
865 98.7398296099006
866 98.64188065820872
867 103.98557270170225
868 99.04673141956759
869 98.64133997384106
870 100.73712002926192
871 98.94285566854755
872 98.83818610419405
873 98.64057346619516
874 101.35261332823768
875 99.47677114221767
876 98.63972720477653
877 99.87316308532226
878 99.16677990227234
879 98.63924604177328
880 101.33854290568037
881 98.63898283955861
882 100.00652135315106
883 98.77889102596957
884 98.63876662650658
885 99.52522870211959
886 98.77818233181965
887 98.63864205037974
888 99.99445646986914
889 98.6385742967229
890 100.60651639838896
891 98.63850503443886
892 100.77343400279733
893 98.638431406816
894 101.40465763158747
895 99.26159647646429
896 98.90952108584266
897 98.63833913588353
898 100.6997396578162
899 99.43979333136198
900 99.00442889741264
901 98.93252549508833
902 98.84468749487469
903 98.63794312175168
904 108.88810947580387
905 102.24890489965802
906 99.30192995103693
907 98.63769058103577
908 100.0578310359901
909 98.63663064312374
910 100.43204999037114
911 98.63640808791011
912 99.65504380410664
913 98.79331777081032
914 98.63470528016913
915 100.78349326163612
916 99.09037911090982
917 98.6304473777748
918 101.97117704136618
919 99.50494846720605
920 98.78452505912149
921 98.80330387411624
922 98.61949091870001
923 100.95550876286825
924 98.89950593666954
925 98.71858719494574
926 98.60326348880042
927 101.54853768588544
928 99.15993404959168
929 98.59194919258873
930 99.67182947989141
931 98.98333216686987
932 98.57497651024691
933 102.77670394608634
934 99.97370492509171
935 98.73942793669028
936 98.93307296844102
937 98.56823435505359
938 102.63347471957077
939 98.87609629001547
940 98.91446019340667
941 98.65603662360418
942 98.58183540610804
943 98.89787238190182
944 98.56005294649424
945 100.31719631284834
946 98.93937669474889
947 98.682656568348
948 98.79343753437867
949 98.83793387295364
950 98.64055621207815
951 98.65404954759113
952 98.55467461161074
953 107.76741073740777
954 103.96482192352136
955 99.5506848974423
956 98.93959482049182
957 98.97104189760628
958 98.61761980831326
959 98.55186887698697
960 108.82754985686819
961 102.25146320041284
962 101.46562147627387
963 99.23326554072045
964 99.3493645428769
965 98.54418845697519
966 105.67744043264956
967 101.81681143669697
968 99.5472355738752
969 98.74844193259698
970 98.66346772084036
971 98.53543691729155
972 101.94950075257695
973 100.54213542386711
974 99.00481120162245
975 98.52645025606509
976 104.11281818398123
977 99.502213713614
978 98.79448274928578
979 98.88645502203934
980 98.51730752204274
981 101.85477195539772
982 99.33610247799137
983 99.04823982902946
984 98.81035972986456
985 98.54362766836007
986 99.04089538565624
987 98.49602377194884
988 102.95934790328403
989 99.56274995108393
990 98.6315262252216
991 98.81434327720235
992 98.48892374535548
993 100.48685107009103
994 99.12994276165777
995 99.11123974716018
996 98.71403698544687
997 98.48388059367853
998 99.81552508416223
999 98.87921323525973
