# iteración promedio
0 934.9003495262598
1 903.6806547203341
2 879.1446472572761
3 854.2136898665584
4 833.8378212609102
5 818.4953569567213
6 795.5994002171554
7 782.2788792014312
8 762.548443995836
9 753.2787694796293
10 735.6213275406252
11 726.4504940988272
12 712.2201044129359
13 698.9746528167317
14 689.2971517846643
15 676.272642512616
16 663.3396583770128
17 649.3953959323409
18 631.2626099902585
19 619.8200653523845
20 610.6771877895955
21 597.5606622997424
22 588.437101578347
23 576.7166578122198
24 570.4930432622061
25 561.9405443063098
26 552.7950130238578
27 541.9494953513965
28 530.7984472478798
29 522.7738189242225
30 513.3292770992971
31 502.62104514383174
32 495.04016992044905
33 487.1370677085452
34 481.34862023614835
35 472.19302857369127
36 467.45242433202526
37 458.4904984758113
38 452.25018808062373
39 445.5675537172894
40 437.111113289796
41 431.7615712583649
42 422.4376297677385
43 416.1104366438781
44 409.35226733911725
45 403.03272581421874
46 397.626714244354
47 389.9257341737699
48 383.2335798746871
49 376.03186890786753
50 369.2052443915595
51 363.40366633503095
52 357.7396632632157
53 351.71159861772156
54 343.08824631809046
55 338.14207692730366
56 330.4444110117514
57 328.8014371169269
58 322.29738137930036
59 316.6874199376395
60 310.1132706439069
61 307.98932130943047
62 303.04541300770757
63 300.5573654176869
64 297.32617898951213
65 291.0411809785288
66 288.7554468452165
67 284.76757345024345
68 281.28310263452937
69 278.3367294984492
70 271.8939600626041
71 268.26473782270693
72 263.9627730423566
73 261.08545059333534
74 256.0696332131899
75 251.35232343520718
76 247.65725726949375
77 244.03490510598874
78 240.38695536169843
79 236.34066410487875
80 233.08709023947978
81 231.01187625071128
82 228.78563707765807
83 226.77031218717613
84 223.48599049075926
85 222.34858097007634
86 220.64764187894303
87 218.11794899974305
88 216.4625239615747
89 214.12276338045478
90 212.24295950612114
91 210.3350140439575
92 208.36928694892603
93 206.6237745594917
94 205.56723492178494
95 203.8617976903093
96 200.49566014153933
97 200.4016426085964
98 198.13713416224115
99 197.91942278682876
100 196.02641020644856
101 195.42120553567375
102 192.3905811691529
103 192.14425271810873
104 189.30585536455553
105 187.94590036532972
106 186.46331684794043
107 184.89182173513802
108 182.50903395187422
109 182.23045855869358
110 180.50047797323478
111 178.58063849840258
112 178.1859521841332
113 176.3696843496603
114 175.60069902532305
115 174.11853759925935
116 173.4020618905281
117 172.8681190487189
118 170.97270984570088
119 172.32292008949298
120 170.73832668863005
121 169.26913191073996
122 168.893996026819
123 168.36750529581744
124 167.710377571079
125 166.60984636514263
126 166.38326937999443
127 164.74970962097785
128 166.78465626595283
129 164.15724557962386
130 164.33984851072594
131 163.29491877157864
132 163.275852306743
133 161.60126674840564
134 163.25475590311842
135 161.76534531785703
136 160.36007352484623
137 161.5996470630631
138 159.34526333506082
139 159.21045730562722
140 157.86673138279045
141 158.20560183739178
142 156.79480147802366
143 158.451611216243
144 156.30752556325916
145 156.3850683481853
146 155.85645638669868
147 154.93413800660232
148 155.52741351558237
149 153.9836226836084
150 154.34430830867623
151 153.0624327467373
152 153.25311630712022
153 152.21080033387904
154 152.55494498613214
155 151.59573750608376
156 151.25208617680497
157 151.23486263258823
158 150.2987083375366
159 151.3106201032018
160 149.6001461387791
161 151.92109801546306
162 149.13043461846294
163 150.34402709711733
164 149.111083455288
165 148.07145561688748
166 150.19089350692232
167 146.66103048799314
168 146.8124636953011
169 144.62187952990527
170 144.34631555320846
171 141.8923570318151
172 142.17984936839102
173 140.7184470824966
174 139.85390590005716
175 138.20610731717065
176 138.35411974395367
177 135.69933995808577
178 134.72077325812893
179 134.41485607563584
180 132.66839994492477
181 132.92244864500694
182 131.48688362437167
183 131.8050377233052
184 130.58316520803513
185 131.18530954421354
186 129.80697408365774
187 130.8817222051501
188 129.00795892446166
189 129.44570151500272
190 128.60003730639602
191 128.6539358885903
192 127.63040855074401
193 129.2579869731986
194 127.88051328420352
195 126.91626790458362
196 128.86709578616222
197 126.69847103559077
198 126.3029282222888
199 126.20952896285081
200 124.92412080277565
201 127.70428682709831
202 124.98972860271878
203 124.45493921758954
204 124.84484848145964
205 123.34854374715871
206 124.78091121795924
207 123.65674677804269
208 123.54434053454472
209 122.6440490566417
210 123.76884205311212
211 123.17046848133474
212 121.87705367696232
213 123.42965254069748
214 122.08505617422448
215 121.71282371648853
216 122.65591519533274
217 121.46797416258354
218 121.29649857036034
219 121.37224223248703
220 121.48682565643878
221 120.23415556567588
222 122.55090875048107
223 120.36921742416756
224 120.51523649676678
225 120.01298074146527
226 120.53900264204829
227 120.00410277542393
228 119.7980901881339
229 119.73222447312946
230 119.55969757443752
231 119.8400838634623
232 118.91585499439194
233 120.57199718852749
234 118.59072222285971
235 119.32337887807377
236 117.85857352054559
237 119.78988525539965
238 118.0357321223844
239 117.63421077512484
240 117.34343302396259
241 117.39078087198595
242 116.26232780076445
243 119.43624571142996
244 115.55753193233328
245 117.0551169101668
246 115.65113888396428
247 115.42193642656183
248 115.55250183352202
249 115.18125718074253
250 114.48208439645799
251 119.18772958209607
252 114.62606938764246
253 114.35886648521924
254 113.1866376659112
255 114.36981021839347
256 112.87788391248634
257 112.80691742891219
258 111.9350675859734
259 114.21273268289914
260 111.43496065170855
261 111.69406667529488
262 110.64465601456993
263 113.53279506766913
264 111.1080059402866
265 110.81647704285882
266 112.522657608675
267 110.76987724951243
268 110.71719686595759
269 109.98669855582654
270 113.44277337873552
271 110.91188095467483
272 110.67348967259531
273 109.68088860818261
274 112.91662446817101
275 110.20909260924046
276 109.97124093684242
277 109.23574571431858
278 112.35826922715064
279 109.32312116029996
280 109.96033067317187
281 108.68453461897428
282 109.43791727395661
283 108.55464518453124
284 108.89569319898257
285 108.12779641117078
286 109.00014179833512
287 107.17332450475143
288 108.55081917141626
289 107.26179808557124
290 106.47480739981316
291 107.9103330807439
292 105.57511681403209
293 106.98592789189426
294 104.90422693348299
295 105.33252859704017
296 103.40385597615821
297 105.40157397298917
298 102.97560036624505
299 102.59757689630197
300 102.37378771783916
301 101.63696146621423
302 101.91986161616964
303 100.82102932796066
304 102.92994661974572
305 100.32704278008814
306 100.53776133585112
307 100.44590529444764
308 99.93781115213135
309 100.21118887962822
310 99.34374649605745
311 100.69937394525756
312 99.17035028892872
313 99.10789839687395
314 98.83134949165246
315 100.04423599919474
316 98.43333736076023
317 100.94836655217199
318 99.2533713918339
319 98.63577611060776
320 98.57462710425358
321 98.5035795549142
322 98.19043175563257
323 101.03828129508264
324 98.9205440223019
325 98.11166742743288
326 99.71199606859955
327 98.19138661756499
328 98.03150241186317
329 98.07572238406661
330 98.56670601248399
331 97.49089520150224
332 100.58813947215283
333 98.07686196393682
334 97.42933021789715
335 97.65077449085643
336 97.0541885487382
337 98.13238228266111
338 96.6992618834308
339 98.8873922551616
340 96.29556573436932
341 97.62364794949984
342 96.0071766089479
343 97.09084863947076
344 96.59589609406487
345 96.12574519686451
346 95.82085892477224
347 95.44062836619656
348 95.61552808707971
349 95.41598875796574
350 95.08166417233369
351 98.6995411928362
352 95.5152320863344
353 95.00128932573712
354 96.71537035809322
355 95.42380188295296
356 94.84612400465208
357 96.8984257677131
358 94.71617477596077
359 96.0485073674884
360 94.97542783096205
361 95.25754675675702
362 94.78441190487516
363 94.98799036392683
364 94.39438955448142
365 94.99339064416903
366 94.21549885578634
367 97.06583978462679
368 94.31189243901534
369 95.73508585764144
370 93.98465372973827
371 97.00344077359077
372 94.6627160246496
373 93.8530543914617
374 96.55522336116968
375 94.0534952669695
376 94.20069031317827
377 93.89386946229382
378 93.95280476933488
379 93.80480116769687
380 94.74722978468135
381 93.55555936197747
382 98.09700323915091
383 94.82075789012293
384 93.76000113360539
385 94.47757403180499
386 93.76382628045836
387 94.52708488081005
388 93.43659525318658
389 96.99752167827876
390 93.22453941101121
391 94.79386828549588
392 93.47968784785189
393 93.08476949064803
394 92.88956940660333
395 94.21099049109942
396 93.0332484696257
397 92.62245057475711
398 97.06816120965046
399 93.55422857055724
400 92.54264466953117
401 94.2597030470072
402 92.69331937682684
403 92.62782031375673
404 92.79970803137518
405 92.46767956333377
406 94.4774555606183
407 92.49083774009544
408 92.71553375269156
409 92.39674924777881
410 94.42060494005428
411 92.35410713666346
412 93.93675913060859
413 92.5474866996621
414 92.30873097150216
415 94.27670970560419
416 92.46335145733845
417 92.28097350409034
418 93.38834514250975
419 92.27015440145843
420 93.14727524790946
421 92.84219567832241
422 92.26694990732801
423 93.4171818271073
424 92.26298976882191
425 94.4933363548271
426 92.26191559742699
427 95.5217841162726
428 92.67476420820445
429 92.26053967296461
430 93.58894996079029
431 92.34075350007565
432 92.25846320697589
433 93.87037428223758
434 92.58427200089513
435 92.25727223648477
436 94.75034921875978
437 92.48780291187903
438 92.25669884813578
439 94.79846555052634
440 92.88036576132772
441 92.33888860241197
442 92.2565360037077
443 94.73504055454849
444 92.7946802452247
445 92.42198777982632
446 92.25629346163326
447 96.36710399946672
448 94.02448750609865
449 92.33155041447145
450 92.25620051793241
451 97.3133643544309
452 93.26440150931498
453 92.7009187196722
454 92.93753127602544
455 92.25595087818843
456 96.81639341444837
457 92.80906370964618
458 92.24078111119546
459 95.2186837379352
460 92.97811901031771
461 92.23347471462095
462 95.49947077756387
463 93.3912179109456
464 92.52089635835893
465 92.22549244769354
466 95.41729382312111
467 92.6885062099238
468 92.224734782821
469 92.8337632580729
470 92.50308993188541
471 92.2009296563005
472 95.95145212377408
473 93.31993163224608
474 92.38996052216031
475 92.29273300353135
476 92.41365681364441
477 92.12120459068157
478 96.43504305464425
479 94.65073795242537
480 92.61538393079016
481 92.04799715775995
482 96.71816201175666
483 92.55862866535256
484 91.87907118833873
485 95.94699839741017
486 92.18367920226454
487 92.9403510271694
488 91.63010437099857
489 93.21809994828341
490 91.84830907203676
491 91.19310812055797
492 91.61502851384488
493 91.00553596951582
494 90.66876760037997
495 98.05858146882018
496 92.58492691900588
497 90.61280526703739
498 92.13983341924317
499 90.68979350173191
500 92.05957927731646
501 91.13789639874577
502 90.10493155279691
503 94.2459765404605
504 91.80888065902136
505 89.87807080531171
506 92.31692559213407
507 90.62826789297156
508 90.88283294126508
509 89.27184860180036
510 92.72053167096138
511 89.45031429558036
512 89.50325345751588
513 88.61161185262485
514 91.33691490886469
515 89.31947709825914
516 88.61985750153175
517 89.19992941221587
518 88.31423178227632
519 89.46112480384095
520 87.89202460560028
521 88.18995809467573
522 88.09876075429169
523 87.41831212049102
524 89.73930356131123
525 87.7285463737856
526 87.29742654281239
527 88.76382700409354
528 88.36795260038417
529 86.89202657045615
530 88.60539634793167
531 87.91605830287146
532 86.53966845393128
533 88.84266822859755
534 86.61225845499992
535 86.64905284128305
536 85.7718971119094
537 89.86901867914911
538 86.93451646043279
539 86.20129694892177
540 86.61938326833905
541 85.59736880858608
542 84.95135940286315
543 86.34256130105234
544 85.35385836383811
545 84.92279029034432
546 84.51721695455437
547 87.50470620931942
548 84.31807913082716
549 84.18597732493723
550 84.29138326277749
551 83.39354497355662
552 84.72478779863584
553 82.51295868762931
554 83.74408048054471
555 82.41486487660383
556 81.67926272321353
557 83.3909367694958
558 81.27310847437134
559 82.54474300502012
560 81.57714955335321
561 80.56840624267986
562 84.43771953132124
563 80.7363732809774
564 80.5757299843369
565 80.04162586645145
566 80.33521930237863
567 79.93265753131708
568 79.98387030568884
569 79.44692625020168
570 81.65065696242395
571 79.51763562048075
572 79.88129049247536
573 78.95624272655161
574 82.26545918262667
575 79.78282097391245
576 78.68535368159374
577 81.07771188457518
578 79.65635088042632
579 78.29487478077768
580 78.9832491258118
581 77.8274246640932
582 78.53956806559074
583 77.62005490926225
584 78.59410666401476
585 77.45134444326126
586 79.78893362254325
587 77.48349307410876
588 77.70667735675391
589 77.20124646403934
590 79.7981903653064
591 77.37357172868457
592 77.13100998940287
593 77.63648566054512
594 77.10600598025279
595 77.37887785048942
596 77.11087244837175
597 77.04935937798027
598 79.6816578229623
599 77.08594269080535
600 77.58261003521984
601 76.6972762195983
602 80.92325930747387
603 77.38758204589402
604 77.02688181494405
605 76.96449421908959
606 76.92647306735205
607 76.35159234532496
608 78.16107479760302
609 76.33511280017578
610 77.42653702855428
611 76.28168959767028
612 76.11231594226406
613 77.98205949818316
614 75.61351208648612
615 77.92991528449505
616 75.21142805743513
617 76.31751432012858
618 75.19377549303623
619 75.44202492220903
620 75.39936129574546
621 74.53989407892523
622 78.39824767673186
623 75.87279985214687
624 74.93169263893805
625 75.0997337334905
626 74.87560426889557
627 74.7947874753028
628 75.03428554723227
629 74.37761957372146
630 76.74568597986324
631 75.48304794100105
632 74.88887804053279
633 74.74410061029879
634 74.68002421676651
635 74.31940321221433
636 80.26720432133033
637 76.23750969653408
638 74.61924969499904
639 74.62057593889233
640 74.26620706180742
641 81.42945859172747
642 76.39241307701785
643 75.33633202098233
644 74.30768672759265
645 75.51364796751706
646 75.00308073063779
647 75.31972113394868
648 74.1288788523084
649 75.48263328945592
650 74.27787996517978
651 74.50049482445762
652 74.05252061486965
653 78.93449506824977
654 75.06689412043674
655 74.34885111457959
656 74.27122328213518
657 74.01203086440098
658 79.02884007476308
659 75.75831526974251
660 74.80288891527324
661 74.133012576701
662 74.23310966922254
663 73.94603510765951
664 77.4028464210803
665 75.64010514777897
666 74.0874538177942
667 74.0356611117267
668 75.56578928680736
669 74.3297763900377
670 74.26333775605285
671 73.86196854567093
672 81.0645959169805
673 76.89426984089889
674 74.14900065113426
675 74.22919785308072
676 73.91891863121752
677 76.80467072291677
678 74.73374936095023
679 73.72535114901886
680 79.44608904045285
681 76.14415536904347
682 73.90436646240948
683 74.20998246201026
684 73.51494681464314
685 76.23282505501878
686 73.86307507146948
687 73.7095114768052
688 73.5755659380627
689 73.86658175740831
690 73.26776662097778
691 76.89541251883367
692 74.11659731216099
693 73.16637303881721
694 74.47857121150128
695 73.19983130462526
696 75.24716021193473
697 73.57832120301053
698 73.09297124742233
699 73.68517770374802
700 72.9276094108869
701 76.38592682666403
702 72.88154077760642
703 76.50702938209633
704 73.79577479336285
705 73.02799800554587
706 73.71970467322258
707 72.78664657527898
708 75.17074875462441
709 73.18086282846865
710 72.8173517191204
711 74.07194313568237
712 73.02232268741304
713 72.70229153797145
714 78.37383337273509
715 73.916709707056
716 72.66347230091648
717 73.84498727763658
718 72.5788540420669
719 73.83017491328135
720 72.52036409175402
721 73.37255734082693
722 72.45189468063593
723 74.11664865168672
724 72.54714841687537
725 72.73499805611735
726 72.42708566277666
727 73.89350126105096
728 73.12501769837206
729 72.42233013062501
730 73.30061250180214
731 72.70706580911164
732 72.41781623994105
733 77.53079266343323
734 73.74152987603827
735 72.52714565879907
736 72.41590349411615
737 73.73120611398654
738 72.41402215537877
739 75.73501801375225
740 72.83003020184273
741 72.4129801298529
742 74.92245239980195
743 72.51094296113058
744 72.41113475418312
745 76.28376297735213
746 72.79259728458469
747 72.40856777322212
748 74.30366636550698
749 72.44028181229865
750 72.4034669962681
751 74.4173743367758
752 72.39367283031962
753 73.32896745021219
754 72.3779655965832
755 73.30542554629102
756 72.358571528952
757 72.57732078176056
758 72.34378671980524
759 72.49530483218159
760 72.33966435108734
761 72.7386650168783
762 72.33887063403115
763 76.3461487867109
764 72.76209756500525
765 72.5283825952633
766 72.33858850804066
767 74.99580505384144
768 72.33817726608697
769 74.79805779503728
770 72.65786146218906
771 72.33747269942337
772 73.34475395827415
773 72.52108041570648
774 72.33660244255687
775 73.31741615877182
776 72.5963861062458
777 72.46812718890196
778 72.33605922076231
779 73.52635292968878
780 73.09694097379003
781 72.58312228757305
782 72.50025476625848
783 72.63619416911348
784 72.33585111684864
785 79.51280249161182
786 74.04467885633203
787 72.33573013693837
788 75.0070145775588
789 72.73180965548283
790 72.33578254991433
791 73.9205094250477
792 72.56205500412787
793 72.33546783389346
794 73.77624876320421
795 72.3353327416578
796 74.7363739740273
797 72.8235423737391
798 72.3352602507009
799 75.29596772218548
800 73.30664201614522
801 72.33514829189903
802 75.99743796058321
803 72.79010075806129
804 72.57501472388223
805 72.33505255433161
806 74.31249911380377
807 72.742840607461
808 72.52610990001035
809 72.33488441355021
810 73.36683526551887
811 72.5983321255832
812 72.33476093674275
813 76.39134892459526
814 73.22678946189625
815 72.71084917260141
816 72.51309719153316
817 72.33467034619282
818 75.55209365627398
819 73.20192772746013
820 72.52153338409862
821 72.44245145219081
822 72.33464290420565
823 76.27692071517015
824 73.4987182631019
825 72.74456567088761
826 72.33462573612795
827 78.99513504355633
828 74.81705041225251
829 72.54754606442121
830 72.33460338388294
831 75.11299415475837
832 72.74086059919851
833 72.33457118685693
834 73.90460743021652
835 72.4830780585759
836 72.33454249115263
837 75.9197433456662
838 72.75516737408384
839 72.33449818087215
840 73.79224672306256
841 72.56692555017219
842 72.3344417378688
843 73.87512291649547
844 72.58302828480905
845 72.48303621234282
846 72.33441243047156
847 72.43134235988401
848 72.33440504101092
849 81.133907648786
850 74.92777619282069
851 72.33440346914884
852 75.15017003469778
853 72.5997835050428
854 72.33439835772474
855 76.47627698786751
856 72.6100054050066
857 72.33438979817967
858 74.31098486619295
859 72.78039040519864
860 72.33459633883251
861 72.33437328221837
862 74.24400856198048
863 72.6325350034557
864 72.33435492347206
865 73.16975914445216
866 72.63235946165594
867 72.33436491218691
868 72.94657343628519
869 72.34603533412803
870 72.33433291515061
871 75.9728339377769
872 73.5096773095971
873 72.6597851731135
874 72.33212254593288
875 77.34977960559966
876 72.93623749585429
877 72.33194871969813
878 74.64799513952123
879 72.85904101160428
880 72.60169416317659
881 72.42021941268196
882 72.32781719883327
883 77.9878832039793
884 73.10058210616685
885 72.48061063970694
886 72.32425515058429
887 74.63327202551478
888 72.33483369319686
889 72.72133757264147
890 72.31539387877855
891 74.15358952828223
892 72.43477698479843
893 72.29694229266954
894 73.86754199870158
895 72.77628475867292
896 72.47720853032227
897 72.26296447043805
898 74.70177346374025
899 72.72668838073137
900 72.21885773485283
901 75.52330300463674
902 72.52986403622778
903 72.6218871474985
904 72.18110271775656
905 75.337074452671
906 73.44095394767206
907 72.7770663930603
908 72.53718404494181
909 72.13970608744488
910 74.66321504779448
911 72.61771084012955
912 72.21939697085375
913 72.41164621885368
914 72.12070312769443
915 75.25071943498325
916 72.53227522165223
917 72.2812354512156
918 72.4709443902591
919 72.33330509272558
920 72.1117041629708
921 74.11655911741337
922 72.54252085532528
923 72.33800081383231
924 72.19557434527265
925 72.10456769775804
926 81.23511664775933
927 75.14351148795875
928 73.04578016978093
929 72.27242329639702
930 72.08564678891875
931 77.42116447336092
932 73.47623357527608
933 72.76649627074958
934 72.0619108488265
935 75.48109707782127
936 72.87742797181548
937 72.38350590517138
938 72.24184517622375
939 71.97390574612096
940 75.46785375135632
941 72.41148028283105
942 71.82797259374945
943 75.63243668306835
944 71.76687934114288
945 72.9570471484804
946 72.06470229010137
947 71.30797744583775
948 73.18655974053411
949 71.51465343603599
950 71.95267140591739
951 70.94344259831709
952 70.42733374916838
953 69.62777272554077
954 69.16299823038086
955 69.12440750775667
956 69.00642033752752
957 69.46009398649079
958 68.86983255025633
959 72.02721627083207
960 69.13312796564269
961 68.87686207008494
962 69.01464683498445
963 69.04665679523119
964 68.78687271396443
965 73.15642718002421
966 68.99123881470305
967 68.74414754938677
968 73.62510230382591
969 69.58578185343323
970 68.69303926483002
971 71.37093118814826
972 68.61803055986987
973 70.47102686543832
974 68.66446961168084
975 69.1327633692006
976 68.41924661769846
977 68.68547345836598
978 68.57396028492913
979 68.3163468885718
980 73.20334307180923
981 68.90159250932197
982 68.45755413739599
983 68.29383922885387
984 75.21156535658122
985 69.73333677560467
986 68.27815763807075
987 69.16090471349189
988 68.24095672353839
989 68.34782783149248
990 68.17620799472438
991 68.63232660113655
992 68.10645948926613
993 69.36339665269398
994 68.13331970066255
995 68.17503246149764
996 68.06317558777786
997 72.22049054816192
998 68.59837847064439
999 67.99202737083382
