# iteración promedio
0 925.0880165113136
1 890.5244839400028
2 856.1780619995016
3 830.1413972369777
4 808.7019099651642
5 784.3696493502525
6 765.6508721081674
7 746.8577562919003
8 727.3551530091453
9 710.3096870342025
10 691.1815896063918
11 673.8913909091868
12 659.2928438644611
13 641.8914879318031
14 628.987837655855
15 617.014014701738
16 605.0967429522772
17 587.6660931297829
18 569.7691487818468
19 555.1833619662146
20 540.0687491542321
21 527.4856666885182
22 518.067302933935
23 508.6615638287514
24 500.6549574094459
25 486.35212802724914
26 476.5674720696344
27 465.68355150158715
28 455.45290302612136
29 448.0432944348109
30 436.40173523028875
31 426.9499235546625
32 417.0272399774037
33 407.8288217030927
34 401.3638721349725
35 394.40845804405495
36 388.56777351086953
37 379.2840982774191
38 373.7641386875746
39 364.8587684691791
40 359.3008005281211
41 355.43752990636244
42 349.147324088342
43 344.1030202501814
44 336.7141690959411
45 333.21810234369934
46 325.82310277350757
47 320.91664483051335
48 317.6719652156686
49 313.08114493960835
50 307.8579309191728
51 306.1873188191369
52 301.5863341563799
53 297.579316789567
54 292.54521554756695
55 289.9536381837473
56 286.88639605477596
57 282.05815283033456
58 278.8618834104252
59 275.3843547988896
60 271.1988831708424
61 266.99306697270606
62 263.7605760738623
63 261.9057240059191
64 259.0705088122048
65 257.8880940121299
66 254.42759831872525
67 252.62568120429685
68 249.62715462180168
69 247.47132654489943
70 242.78501144621333
71 242.65111894580042
72 237.3124266490457
73 236.0651110557154
74 231.386461687804
75 229.33000108598458
76 226.74107605170164
77 224.5213461013981
78 221.84817598952796
79 220.62177697366795
80 217.08183891708887
81 215.59641538136862
82 214.7258701337526
83 211.36765588220948
84 209.6238081479204
85 207.02710749416295
86 207.01394194853495
87 205.47629757677208
88 205.5610114056534
89 202.96292138104633
90 202.79223929899877
91 200.7325841965507
92 199.74524654543805
93 198.6603056305333
94 197.91940416768074
95 194.50051013409012
96 194.3651740941857
97 193.3099479182381
98 190.44049341223936
99 191.84887788242398
100 189.43872507332824
101 186.140709355871
102 188.6083472394891
103 187.09570701157867
104 185.56261280090084
105 183.52682141605885
106 185.75187890483033
107 183.66701075154614
108 181.70738649468407
109 179.713633857171
110 180.53413662683303
111 177.854152170305
112 177.5917200168853
113 175.18369019064048
114 174.66352683866663
115 172.68127367970533
116 173.02848285626342
117 171.2019425780317
118 170.62725916910694
119 170.59357305990264
120 168.12905214080988
121 168.72878096955293
122 167.60302783304545
123 166.15368231862757
124 165.54005378923372
125 165.15974671283183
126 164.48144024291392
127 162.7062013915938
128 164.8988846638041
129 161.69336949300478
130 161.99586392989062
131 160.81109501811042
132 160.5632966818986
133 159.6412455421624
134 159.30252685182856
135 159.4525247278604
136 158.09116454617953
137 159.51894763792268
138 156.96338849879115
139 157.70048916058641
140 156.6427973624671
141 156.4106096266901
142 155.50874261641727
143 155.7520803037026
144 154.01656972050716
145 154.91533079250806
146 153.83298982741906
147 154.56208108774047
148 153.00948078611475
149 153.93664203786807
150 151.5367106282721
151 153.58638336297548
152 151.11886281979827
153 151.1214782216766
154 150.7505530022188
155 149.8132125464605
156 150.24177969595337
157 148.97219699225252
158 148.3494775450128
159 147.42111075956416
160 146.9318884997302
161 146.46214342841458
162 145.36343286588706
163 144.86968232551317
164 144.61812547890858
165 143.0095430326442
166 144.43433661877856
167 142.8394942734072
168 141.99717042229835
169 142.12235583765386
170 141.1066909803604
171 140.81493366498466
172 141.30735574782065
173 139.86183754233073
174 142.1578709770787
175 140.00138846216097
176 138.83223790266914
177 140.00875210924076
178 137.9020170209925
179 140.3434584895282
180 137.81543692026662
181 137.53042761298823
182 138.4709416687773
183 137.08486557476093
184 137.1777596688708
185 136.5242338016702
186 137.70911131140804
187 135.55214227145885
188 138.0920341022669
189 136.01189026810732
190 135.50846214277976
191 135.96609400546308
192 134.87425718462845
193 134.35234718517893
194 134.5903726802427
195 133.83434196945143
196 132.42091295607003
197 132.87990738311032
198 132.08450185509918
199 131.31940970899805
200 130.1593362914605
201 130.20995141719806
202 128.9594647084496
203 129.41131564304052
204 127.89961592642288
205 128.6845958380026
206 126.85747896523395
207 128.26418401169283
208 126.17560895050796
209 127.35382622275534
210 125.28974321890391
211 128.25906300434343
212 126.06319984272166
213 125.37819363501326
214 124.86551744448354
215 126.16250479946846
216 124.31374982301234
217 126.13836032809228
218 124.37938175348864
219 124.45104838516573
220 124.19505159648179
221 123.76291393668842
222 124.6460245243068
223 123.60075634232555
224 123.33684658994822
225 123.11961036942202
226 123.18633309326519
227 122.77877929515586
228 123.04944532095057
229 122.01030340255824
230 122.52972083936471
231 121.54814319321513
232 122.08706939289894
233 121.27562627294971
234 121.34206092101488
235 120.99773579577064
236 122.5862112912837
237 120.87609955194779
238 120.9934875840013
239 121.20167400748205
240 120.74384461917747
241 121.62390391029071
242 120.4044270589104
243 123.19942754980258
244 120.39313564632624
245 121.17937489317823
246 120.23390307934342
247 122.03402723063253
248 121.05246691514101
249 119.9807542332822
250 121.14678099198703
251 119.66464076869988
252 121.48597473654716
253 119.60741214630852
254 120.1485973789523
255 119.45258865579949
256 119.80424264480143
257 119.19080690815444
258 120.91724460756326
259 119.19551886284769
260 119.3756208383807
261 118.85121134183612
262 121.1341909695562
263 119.39405845680072
264 118.64311381550307
265 119.52700110792793
266 118.2735688981835
267 120.36842798720004
268 118.79644279552375
269 118.93987079981832
270 118.19790000126179
271 119.16224052100806
272 118.10452375685855
273 119.73771287593203
274 118.1440601516519
275 117.9590568877748
276 118.91192724612479
277 117.78710094872969
278 119.99650700772268
279 118.22520162285407
280 117.71353811212856
281 120.50382447914895
282 118.44681082785928
283 117.51506265340095
284 118.92592921015306
285 117.69803665675644
286 117.87778535748566
287 117.76808583135136
288 117.89047642256679
289 117.26758418230524
290 120.34170190641403
291 117.42566617732221
292 118.20828894821061
293 117.29873139562532
294 117.47123590823185
295 117.0995764919221
296 119.298368084073
297 117.74402219192093
298 117.04837585895042
299 119.25781586217332
300 117.38369445961325
301 117.28784759938499
302 116.85753031867878
303 119.05230190618425
304 117.36013297798627
305 116.6910890770742
306 118.15870421777001
307 117.04137881809328
308 116.71501296266955
309 116.9773667305297
310 116.52953786556196
311 118.40494988082808
312 117.18353630350093
313 116.81536863268342
314 116.46623453640737
315 118.69325622597326
316 116.75145687376657
317 116.4137567172372
318 118.86464312866838
319 116.57309194294093
320 116.36776893500033
321 118.40176393252457
322 117.0403213938871
323 116.3352331593547
324 118.58977768632369
325 116.39919090157589
326 117.11271742220517
327 116.29550320913421
328 118.23440873285928
329 116.4984520192757
330 116.43964210411146
331 116.27942343733936
332 118.69982066447898
333 116.62093703467747
334 116.26820973739433
335 118.25432575116304
336 116.85023926161676
337 116.48884412004732
338 116.2607465878231
339 117.50945828397873
340 116.39478276147408
341 116.25073729568749
342 116.9883306506629
343 116.2949750209395
344 116.51923266268089
345 116.46983400958119
346 116.24173506038022
347 118.91312824311073
348 116.55607798866723
349 116.23205751716775
350 117.3482140348132
351 116.28275750786368
352 116.22145154749073
353 118.06522209935281
354 116.2287794089674
355 116.954776019067
356 116.29839743709546
357 116.20146780202336
358 118.69525401914363
359 116.2704600051422
360 116.51270936113497
361 116.18802857607872
362 119.33943564902205
363 116.95679045741757
364 116.61465403645258
365 116.1772528164295
366 117.88351559276788
367 116.34091391125574
368 116.15756710323878
369 117.76301679580357
370 116.49533876171193
371 116.18313702973472
372 116.4829357311995
373 116.35677909058226
374 116.13397996418551
375 120.37227981122847
376 117.15481221424575
377 116.14344036836836
378 116.95455063965306
379 116.62813807328354
380 116.11011575943867
381 117.84719490174385
382 116.84011983542118
383 116.10003626840471
384 119.75813282365044
385 116.46955678225589
386 116.08850124455194
387 119.24879732194098
388 116.87607975708222
389 116.04629267740815
390 117.01769020790256
391 116.1013866878386
392 116.29872076121545
393 115.94965011940377
394 116.5973843730547
395 115.90271339755982
396 116.65540333094603
397 115.85602450066278
398 116.8346916035496
399 115.88111432216958
400 115.87080483527787
401 115.86450405324979
402 115.69447045968909
403 120.5768832876421
404 116.26532912052704
405 115.67949485100026
406 118.51408107738051
407 115.946371152186
408 115.56460581614957
409 117.340138896732
410 115.72435733286866
411 116.4097913432629
412 114.91297508267509
413 115.39555540974509
414 114.88207223695191
415 114.17176586967409
416 113.75897743834663
417 113.31593792538226
418 115.60607155737269
419 113.52153577538874
420 113.28636633600911
421 114.0255320250439
422 113.31328436042863
423 113.37390758062416
424 113.2707028354886
425 115.2042604212739
426 113.44831554486971
427 113.26428053702557
428 116.06645343632182
429 113.49980403206531
430 113.25514720267702
431 115.45363778768206
432 113.95456199821618
433 113.35118175963406
434 113.24646331660449
435 116.00781726694053
436 113.36369670591439
437 113.24171671854883
438 116.56400212912979
439 113.50257549491846
440 113.23837423363959
441 115.89921295277186
442 113.34931327725093
443 113.34924683880259
444 113.23627569011747
445 115.64852329308891
446 113.77209399199165
447 113.7555259617534
448 113.234550691388
449 116.28804386089261
450 114.40050998977189
451 113.84603684120825
452 113.73118478867586
453 113.23317528597268
454 118.82375457527728
455 114.49814345650566
456 113.9205564159213
457 113.23420922287625
458 114.26336088994003
459 113.23289275246324
460 116.08538106510204
461 113.6132050213344
462 113.23113923128383
463 116.08189031280789
464 113.70114680303776
465 113.53273082391384
466 113.23055828990458
467 115.50528059179805
468 113.5653823630717
469 113.23090467683888
470 113.35821662096612
471 113.22968181285482
472 117.5404625983594
473 113.79056841080815
474 113.22947005209716
475 115.12999588079732
476 113.82220468989738
477 113.22843915987289
478 114.3279097402685
479 113.29459414480081
480 113.22769581680345
481 114.53799525076357
482 113.80874399042291
483 113.44492193561673
484 113.36248858017463
485 113.22724414186865
486 116.64997379664347
487 114.75565731137822
488 113.51257203262979
489 113.47154268446043
490 113.22695503354176
491 118.0041213432833
492 113.91134165082434
493 113.22674978008325
494 114.87497637764847
495 113.32270066712162
496 113.22655212212133
497 115.99308945423908
498 113.8115410027107
499 113.22643028176131
500 114.91083237523817
501 113.55574356631149
502 113.2263188976069
503 115.36934469030463
504 113.4117548384818
505 113.22628234344192
506 116.6359605449187
507 113.75538746109214
508 113.22700747324288
509 113.22624291909047
510 117.21614817492485
511 113.72314213225295
512 113.22695278327055
513 113.22620126244482
514 116.84303168144373
515 113.70284434017876
516 113.36714100754361
517 113.22612351148084
518 116.2146685009636
519 113.52515810507546
520 113.226036252391
521 114.50945587058393
522 113.58885060819748
523 113.22597720117832
524 116.09679650133056
525 113.22595407982615
526 114.20168229589403
527 113.54067896473646
528 113.39514509031362
529 113.22593234814603
530 117.42814542410434
531 114.68722433762092
532 113.32386688210707
533 113.22591842959076
534 114.14807363673313
535 113.2259104974452
536 113.42140693104382
537 113.22590544196837
538 113.59180513475724
539 113.2259041902471
540 117.38965307459617
541 114.22265372354727
542 113.2259041902471
543 119.9905579254054
544 114.79299673350438
545 113.2259041902471
546 114.91028748326947
547 113.53361281059082
548 113.2259041902471
549 114.2057818398398
550 113.2259041902471
551 114.8322153598121
552 113.2259041902471
553 114.39255419412159
554 113.29953665728155
555 113.2259041902471
556 115.9176594348351
557 113.2259041902471
558 115.2916624828915
559 113.35465399149076
560 113.2259041902471
561 115.61348245068132
562 113.56449173536988
563 113.2259041902471
564 115.0529646096101
565 113.63014296899063
566 113.2259041902471
567 113.97921690204215
568 113.2259041902471
569 114.57104451466552
570 113.2259041902471
571 114.81775151525943
572 113.54200440401279
573 113.2259041902471
574 113.66396958593894
575 113.2259041902471
576 114.2945526318038
577 113.40875651794073
578 113.2259041902471
579 113.46739859159092
580 113.2259041902471
581 113.45873986512056
582 113.2259041902471
583 115.30451967384188
584 113.438726964166
585 113.57233304926615
586 113.2259041902471
587 117.05536014041876
588 113.8186445143268
589 113.2259041902471
590 115.45137111721516
591 113.32219423055469
592 113.2259041902471
593 113.47374638883895
594 113.2259041902471
595 114.20968622459654
596 113.2259041902471
597 114.71200880100876
598 113.2317338715839
599 113.35035331750291
600 113.2259041902471
601 115.8180541799867
602 113.4228749975728
603 113.2259041902471
604 115.7199141576026
605 113.47154056822298
606 113.2259041902471
607 115.0088698213632
608 113.30616761480984
609 113.2259041902471
610 115.06222543138274
611 113.2259041902471
612 114.25620136617447
613 113.2259041902471
614 115.78470315210677
615 113.37491744293014
616 113.2259041902471
617 114.96986033574595
618 113.37010133058479
619 113.2259041902471
620 115.46097338622953
621 113.53218109198713
622 113.2259041902471
623 116.81233678058375
624 113.67729617181885
625 113.2259041902471
626 116.41641583713856
627 113.92947915367976
628 113.43999588184938
629 113.2259041902471
630 116.19104700347192
631 113.6279246247793
632 113.2259041902471
633 114.30947178800352
634 113.2259041902471
635 115.2261929397723
636 113.47066423292634
637 113.2259041902471
638 115.4548987489009
639 113.37495582598105
640 113.2259041902471
641 116.600013005656
642 113.6854757276364
643 113.22609944272197
644 113.2259041902471
645 114.92896693642724
646 113.31341686009196
647 113.22602444274963
648 113.2259041902471
649 114.37219872263866
650 113.5235719192004
651 113.2259041902471
652 113.70207172809667
653 113.34687531691966
654 113.48991367729911
655 113.2259041902471
656 115.52742197822018
657 113.44585578513671
658 113.2259041902471
659 114.60657721238391
660 113.38777008035048
661 113.2259041902471
662 115.73942816594804
663 113.32507113412075
664 113.2259041902471
665 116.55888084383196
666 113.85086889461651
667 113.45222648116102
668 113.2259041902471
669 116.63943360478463
670 113.2259041902471
671 116.08121423094066
672 113.2259362708826
673 113.2259041902471
674 116.63065255519699
675 114.06060821608058
676 113.3486252654135
677 113.2259041902471
678 116.78742939836415
679 113.61430571110745
680 113.42723983032651
681 113.2259041902471
682 116.62806135412555
683 113.51602762591355
684 113.2214873721552
685 113.81233652700911
686 113.21707013858051
687 114.43186513399186
688 113.20820725848783
689 115.38295161096077
690 113.19046736226969
691 114.14813786372412
692 113.16827141605927
693 115.79507724145385
694 113.11209338497125
695 114.745149805516
696 113.30578748772554
697 113.02318271481504
698 116.43700044269288
699 113.64430817463852
700 112.86341886894317
701 115.02735461819542
702 113.01982219240081
703 114.4847108115111
704 112.62657829881991
705 112.35293394197028
706 112.32466684776732
707 116.66993119512512
708 113.80539867574304
709 112.31005615439341
710 113.84155809477198
711 112.38168880804335
712 112.52792474069248
713 112.30060060104186
714 116.54218926853288
715 112.6049969815414
716 112.37756906009163
717 112.16172858703553
718 115.65860388820776
719 113.07182160286602
720 112.05253840702177
721 115.93361035668369
722 113.76315204273493
723 111.97501488606189
724 115.83564324033304
725 113.13597769092901
726 112.83149205480836
727 112.02945150294195
728 113.22551701499705
729 111.74431854052544
730 112.25728343122884
731 111.60621936866433
732 111.81899927138907
733 111.41575780956083
734 115.87049620957787
735 113.30013023738529
736 111.53780186384789
737 111.38848701375169
738 113.60881139333775
739 111.52220044485004
740 111.3645797689296
741 112.433118291185
742 111.5465925064609
743 111.35105742515765
744 111.84340146006942
745 111.4777157843697
746 111.34685546559928
747 113.40286390209954
748 111.42964941783106
749 111.3459874499614
750 113.37984917138802
751 111.74504403190602
752 111.69634592112247
753 111.44273974698972
754 111.51391723244298
755 111.34549887702808
756 115.04509680640494
757 112.65213947712499
758 111.34709215444654
759 111.71923974231171
760 111.34503328561543
761 117.82959339611969
762 113.0958215841463
763 111.8061479889914
764 111.34479428397394
765 116.48300115561878
766 112.81308073584064
767 111.34429783700404
768 113.63617047787947
769 111.91862851679133
770 111.34365975173775
771 112.39113888454857
772 111.6082399914697
773 111.34490888007649
774 112.74914534563818
775 112.10289938053897
776 111.35190668821114
777 111.34259946221482
778 115.44418737001733
779 111.74350015559065
780 111.35266312261919
781 111.51697738418177
782 111.34227532252277
783 114.00717859632188
784 111.72140862915076
785 111.34323915443147
786 111.36452141118507
787 111.34199813303194
788 113.63952028858942
789 111.9022668696294
790 111.34541445945061
791 111.52031842422217
792 111.51021070434557
793 111.34183081427108
794 113.61185875354073
795 111.34889377405767
796 111.4762691985476
797 111.34168921061718
798 114.68352826697406
799 111.79565540234358
800 111.34371077302673
801 111.61657526716492
802 111.84834189904251
803 111.34153268983272
804 118.18381344430126
805 112.94575170289247
806 111.81719728774097
807 111.61350474722607
808 111.34114601430196
809 114.82902593520139
810 112.43512537578755
811 111.34036183237914
812 115.04209266412722
813 111.59111368884359
814 111.34002787630757
815 112.3221283338483
816 111.49055004776216
817 111.3387702230785
818 115.09545182592217
819 112.15027003370324
820 111.34177184599085
821 111.33509281488418
822 116.45770933348193
823 111.96361282919048
824 111.50687287252538
825 111.33253347710135
826 114.56853523820556
827 111.6120528309846
828 111.3205726904676
829 113.65590653300846
830 112.11783305701368
831 111.68750691699779
832 111.30874898420565
833 113.32255299987919
834 111.74338526938263
835 111.29096872248454
836 113.4042570449323
837 111.66540243176972
838 111.40015661378479
839 111.24395026703786
840 113.20563034585103
841 111.4828056866658
842 111.32880747358575
843 111.5269909924075
844 111.41910080338512
845 111.14892670920402
846 114.7988310235481
847 112.50211016620338
848 111.28282957616601
849 111.66614041103614
850 111.32755247395028
851 111.53039749847034
852 111.09801582492959
853 115.93686846545478
854 112.578674732764
855 111.53484645484352
856 111.10668414544112
857 113.34988723011074
858 111.820700706538
859 111.15661550926512
860 111.88112092813203
861 111.0696508012976
862 113.52739387846773
863 111.7960891411495
864 111.87896435126737
865 111.11004601324476
866 111.74925292906305
867 110.99839616855519
868 115.81716199986663
869 112.78302433201912
870 111.57133328528575
871 111.0850767004898
872 112.16825035702485
873 110.88714524687519
874 119.5374659484654
875 116.1953303796033
876 112.25364173171751
877 111.27846522446173
878 111.02458328860592
879 111.56169232127199
880 110.71302093653873
881 116.3027637082806
882 113.57655447503025
883 111.75170745811023
884 110.46525605099266
885 115.97158724816329
886 112.18946750819033
887 110.48833814129945
888 114.3893626717603
889 111.53034447024258
890 111.203250575078
891 110.48822933876329
892 111.76023419094945
893 110.18233441683643
894 114.41168019024406
895 111.80546748821578
896 109.87556321419744
897 114.89323271189097
898 110.61263321873365
899 110.4789627201937
900 109.90465701285964
901 110.74949606698311
902 109.20413039618619
903 111.9041584830261
904 109.74064837891216
905 109.55720353941152
906 108.31217440315895
907 111.4532185369665
908 108.10693616086422
909 107.91282040870297
910 109.46322605566243
911 107.66292996345246
912 108.83214708165242
913 107.22776755648023
914 110.61908846337268
915 107.39673955716789
916 108.18836654039558
917 107.26494657326575
918 107.03598915318251
919 109.38446193162108
920 107.32683880611383
921 106.36488767235342
922 110.63566297101653
923 107.37052007872087
924 106.89496113918631
925 106.81044920825941
926 106.45276099394555
927 106.01956066180293
928 109.44722614757384
929 106.12440993206684
930 106.04837744655592
931 104.82867588932912
932 108.08764181102009
933 104.26128032405305
934 106.02988301905253
935 104.19167609942298
936 104.77053233708433
937 103.13080535711698
938 104.72822967028637
939 103.28487918961714
940 102.69888959969896
941 102.60094086309867
942 103.7815761807166
943 101.90608036831745
944 104.59382810540568
945 102.18494461645585
946 102.55850079834947
947 101.80125655628424
948 101.81897407299485
949 101.58304922537984
950 103.0720472987631
951 101.35978683463513
952 101.73413620850695
953 101.82026894077433
954 100.97087066846096
955 102.58491627768286
956 101.04618331326401
957 101.0881211773651
958 100.39080456418007
959 103.86196094874849
960 101.0496586806445
961 100.18837473394188
962 102.00419995818335
963 100.54040402636124
964 100.32170436728647
965 99.59772545009545
966 102.70371337606204
967 100.5370312477096
968 99.67397352649095
969 100.78969533557462
970 99.98856324406599
971 99.13815371066197
972 103.53269478203633
973 99.96604018021762
974 99.60749324393502
975 98.98938517238203
976 101.22839156723131
977 100.23560645676109
978 98.90938042141596
979 100.04633573873264
980 98.80692032994467
981 98.72332375447037
982 99.26921145489565
983 99.22157207134904
984 98.3548390050007
985 101.46502946394483
986 98.46362363563354
987 100.32227128158522
988 98.38681684109835
989 98.53479077711162
990 97.80129932568536
991 101.45215776656988
992 99.51797700476074
993 97.80968763867065
994 99.78007137898692
995 97.88039100433485
996 98.02782543785356
997 97.55661416859034
998 99.41958181108731
999 97.07685569335189
