# iteración promedio
0 923.2195131947975
1 884.6557813591394
2 861.0161153255789
3 841.4328261144422
4 815.8231665271937
5 794.6379512496708
6 774.0379132459904
7 759.468548594718
8 728.4322737628376
9 706.5383909585327
10 687.4322649851297
11 669.6061040657028
12 656.6686740558594
13 640.1656358832821
14 625.7309958440244
15 616.6731608313631
16 601.9387033242099
17 591.277768599691
18 579.7139999278579
19 572.8177318540136
20 561.0230060971352
21 552.4187253230209
22 544.5611627758674
23 533.9276538119516
24 521.5404124710723
25 513.240217138346
26 497.6608357638381
27 488.1215450743877
28 472.74977667256275
29 462.8878000113425
30 452.61382535089297
31 442.59171352883254
32 434.9412010628566
33 424.99933709156323
34 420.2165382220473
35 411.0232971445846
36 404.6335778709841
37 396.3144509285086
38 392.0099408094091
39 387.26000636768447
40 380.36553325078415
41 375.7405412173562
42 373.7781189400845
43 366.9105864235501
44 362.83177057486506
45 358.54167004827525
46 354.159341107119
47 348.31885953065756
48 345.75194084139594
49 337.84395474627337
50 334.08047576778387
51 327.93857706969663
52 321.3229587775535
53 316.36236399926963
54 311.34572945186346
55 307.1028459595111
56 300.8987624707651
57 298.21510224033807
58 293.3798832030942
59 289.56236826917166
60 285.96504412535023
61 280.2761964196401
62 275.62512794297004
63 273.68220982628134
64 268.163809605735
65 263.05415205012514
66 259.2334514104874
67 256.9424875089286
68 254.44327104932006
69 251.5886084997702
70 248.99375780655885
71 246.0128709666299
72 244.39005276727005
73 241.724770443944
74 237.59946754295703
75 235.75752147252726
76 232.63497881765224
77 232.6986361060266
78 230.76951049561194
79 228.83600589874695
80 227.44981805018415
81 225.5179432071456
82 224.49818792971215
83 223.42507420165134
84 219.79785145278882
85 220.319176656029
86 217.79050668507097
87 216.22207160608315
88 213.9041040017163
89 214.17389480831483
90 210.58621909881094
91 211.72842598364463
92 208.32154830024433
93 207.14125896426594
94 206.5355560469754
95 204.7066368427729
96 203.1449501624785
97 202.02403469316403
98 200.65771228684636
99 199.420065194585
100 198.92232661043454
101 196.52356828780606
102 196.3595800562861
103 194.29817644100396
104 193.14415517484832
105 192.15722209594242
106 190.91252267344666
107 189.95325193640048
108 187.57573623197285
109 187.1773629809335
110 185.13645333864397
111 184.40039951791616
112 183.0084068680554
113 183.06382928460073
114 181.74262975870425
115 181.35232214488988
116 179.7334511963144
117 179.0666255322685
118 179.02084455989188
119 177.79777963827183
120 176.08480976402973
121 175.9054397385542
122 173.99100342456777
123 175.87071399594973
124 172.65003309821503
125 171.5479739567398
126 169.9736145810449
127 169.74019939153982
128 168.89563340651057
129 167.48994734166544
130 165.85640318563506
131 166.95215967936605
132 165.33889194925231
133 164.30568299104107
134 163.8695718997135
135 161.78394830059912
136 162.85457662273166
137 160.98314188704572
138 160.68737238385378
139 159.96969365352507
140 159.62858817742944
141 158.01096220528777
142 158.33732365043414
143 155.92847470845473
144 156.0251746576478
145 154.37005294086194
146 155.8686668158944
147 153.68763426473103
148 153.4627843945412
149 152.12273670921965
150 152.1467154767861
151 150.46843309863357
152 152.4900074103595
153 150.19822583043384
154 149.67521335494064
155 150.94423103804544
156 148.13087847341586
157 150.89190954527322
158 149.19670989402792
159 147.52697924604075
160 148.79404688469455
161 147.0498396568767
162 147.05149072191085
163 145.9445361423465
164 146.87472918642914
165 146.06588311964174
166 145.3728970865404
167 146.76507166913652
168 145.02782049349545
169 145.238826039171
170 144.170715537867
171 145.68836441637978
172 144.21519674189435
173 144.48181118504286
174 143.35780301204738
175 145.5808008387489
176 144.06800527624262
177 143.71003818132584
178 142.8102988116354
179 144.46946962086975
180 142.89639788756878
181 142.25182456534836
182 144.30154368420443
183 142.23028872750083
184 141.71708061096268
185 143.01444392986056
186 141.43332716430024
187 141.73939580669784
188 140.2282866445353
189 143.2240547718662
190 141.31175792352
191 140.7693952795261
192 139.98013008550936
193 140.4437691245405
194 140.10957764719313
195 139.3005726083232
196 140.8155722725274
197 139.64364049588542
198 139.29577739275422
199 138.88833452317252
200 140.8869654562911
201 138.8124650297878
202 138.2782916884963
203 140.23522949815427
204 137.72068631310592
205 140.16354313725202
206 137.8401608112552
207 137.23317306361997
208 138.6158358300085
209 136.69930998470355
210 139.00991381378861
211 137.16514068014337
212 137.0863634343907
213 136.11137384399987
214 137.07415283196124
215 136.69523807997604
216 136.0266846354938
217 135.91110475270057
218 135.38402607848465
219 138.02784126735685
220 135.48374753264383
221 134.72740888207602
222 136.28996301467797
223 133.8719679643121
224 134.7074921331989
225 133.45286751027558
226 133.35690511461368
227 132.15627440280332
228 133.81590124113848
229 131.32986099153308
230 132.5849389783776
231 130.07235804226076
232 130.44307697510473
233 127.34311869476124
234 126.79256875150469
235 125.72272342508468
236 124.50022672688274
237 123.8413153461025
238 122.60766638103433
239 124.00662597680612
240 121.52752334793948
241 124.81618287602777
242 121.30056168536424
243 121.13540893365118
244 121.09202267188225
245 120.57851741712025
246 122.41396797233105
247 120.12338641987495
248 122.56312857043902
249 120.27998248938611
250 119.56974053766064
251 120.768124261625
252 119.40380542145029
253 119.47690032450953
254 119.36486314419979
255 118.49338331260964
256 118.88080078594409
257 118.195445842836
258 119.31931942158354
259 117.54251288055633
260 121.01245719503453
261 118.09164456213107
262 116.66891794740982
263 119.51722442868478
264 116.51549573674062
265 117.12956597642088
266 115.61724956520466
267 115.73600137091715
268 114.49073623124823
269 117.18290976863551
270 113.85326839496967
271 115.12618928911513
272 112.48724942837563
273 113.76630042969339
274 111.9856390205463
275 112.1136792699513
276 111.77953747938047
277 111.58325556234992
278 111.38059026424149
279 111.35387867540963
280 110.7140216737561
281 111.7874394982438
282 109.64139859659792
283 111.82916689314747
284 109.79850629145677
285 109.8880190276637
286 109.05834378519462
287 108.92798942231163
288 108.04666666190711
289 108.46304321064464
290 108.09393959688728
291 107.40669762180694
292 107.46655530581207
293 107.29929460638309
294 107.49130101307556
295 106.47123895288092
296 108.69296743712937
297 107.01838879219244
298 108.06457782042348
299 106.48560356603254
300 106.53901608323584
301 106.24589491099044
302 106.28986010231945
303 105.95147453534739
304 105.87670275685042
305 107.1677725669244
306 105.72341927058719
307 106.38122247879065
308 105.23742483301902
309 108.44889810727953
310 106.11622818286051
311 105.02478993080695
312 106.60972844599978
313 104.72218866322034
314 105.70095356084184
315 104.60660039867462
316 105.11821260423154
317 104.76197958297635
318 104.32648508950778
319 104.88759818320797
320 103.3413795197044
321 105.00446266324214
322 103.30913874847451
323 103.9830817054892
324 103.26790851644631
325 102.84639707037206
326 104.84541158202462
327 103.44222215437429
328 102.53748234057412
329 105.87378512611875
330 103.5689724887235
331 102.48084035872496
332 104.5129607997933
333 103.00726607365516
334 102.18871196402252
335 105.60529452467628
336 103.71676548876155
337 102.38291762551097
338 102.55284868845698
339 102.64130371270907
340 101.99215943448036
341 106.80110867981308
342 102.82492182200899
343 101.92251551976817
344 103.76008189325347
345 101.97356843000762
346 102.74695522374351
347 102.10576820998607
348 101.81730607899846
349 103.56150852075379
350 102.18605802749265
351 101.97956063756557
352 101.77279930668159
353 105.52457780995445
354 102.28962117559351
355 101.92987638184131
356 101.84761603832152
357 102.68678221144236
358 101.79577173977118
359 104.67376088067523
360 101.82920841202692
361 101.88497136083488
362 101.67615532619546
363 106.81222531772848
364 103.16311132668334
365 101.91486037398148
366 101.71750378666073
367 104.09090453672674
368 102.01577607351898
369 102.03349889100906
370 101.67859487403099
371 103.97383470656703
372 101.95562815871646
373 101.63179816579965
374 105.05695304762362
375 101.02233272740494
376 103.04598420553454
377 101.98632898962813
378 100.97695787725895
379 102.62343230965814
380 100.58706029788698
381 100.66966724794844
382 100.30581384268882
383 103.04133250998309
384 100.26946314991768
385 102.73308438063077
386 100.77372761896763
387 100.23626179634216
388 101.71253711291611
389 100.27658513038726
390 100.5424215231039
391 100.24859998542864
392 100.57527650618144
393 100.19046187701365
394 103.70319912155747
395 100.72112305244508
396 100.1730002317279
397 102.85744823818314
398 100.8704971189801
399 100.25435481606328
400 100.19559741877923
401 101.42630763539479
402 100.53878286117262
403 100.13985012671796
404 105.04144930895141
405 101.04419985205725
406 100.45108460878622
407 100.38359374150481
408 100.12336519935916
409 104.27633178744753
410 100.78820335006613
411 100.0950280002201
412 102.74788184910417
413 100.07587090327301
414 101.30186391355478
415 100.51286432144806
416 100.02190267827332
417 102.7207661360082
418 100.22724006745975
419 100.24789443851985
420 100.16280610317665
421 100.3838084683948
422 99.9243626256643
423 102.5844561771526
424 100.58241374758838
425 100.06848228887512
426 100.56400707095705
427 99.8455887061354
428 101.69770773278997
429 100.32951038488582
430 99.95454174985134
431 99.96669163955659
432 99.9287460809949
433 100.34057593162805
434 99.79004278838491
435 103.00338937418569
436 100.51641067024106
437 99.99435267124443
438 99.97019272087526
439 99.7699731182123
440 102.9703828593311
441 101.156590534124
442 100.16394631253246
443 99.80781947029645
444 100.45867746579097
445 99.73715298330299
446 106.1885400285002
447 102.23954228114331
448 100.63996962417649
449 100.01516581270918
450 99.99052621125247
451 99.72462492858106
452 104.65069272735246
453 101.07464339439555
454 99.68797807261812
455 101.15984650833644
456 99.83318437898787
457 99.73683054891754
458 101.13048767485762
459 99.8122589103091
460 99.8257180708627
461 99.6183512759092
462 104.30241080218826
463 100.81354073853431
464 99.82517096547649
465 99.8920915070365
466 99.56994942481802
467 103.16636139015314
468 99.82658132941216
469 99.51359593383047
470 100.62798405246978
471 99.85984287644385
472 99.73196955164643
473 99.44240278611724
474 101.77196578903414
475 100.11334192858406
476 99.76259685480404
477 99.46299200952868
478 101.78060349617435
479 99.73582944459615
480 99.5622217721128
481 99.86309962351588
482 99.23242035782286
483 103.70493664073436
484 100.22565964017531
485 99.39303538948124
486 102.05841783265552
487 99.51430815227383
488 99.57179194348072
489 99.08099112535973
490 101.59710114991147
491 99.41066084196504
492 99.30433556542866
493 100.2476216224559
494 98.819111376554
495 99.1256576654525
496 98.90441198149936
497 98.44398503822161
498 98.93476050320844
499 98.55330617072386
500 98.23368322366977
501 100.96440971807044
502 98.35841761979478
503 98.60635396171027
504 98.16975508077275
505 100.44020370424498
506 98.39365882439694
507 98.28571239048163
508 98.84223595636199
509 98.22935429947465
510 98.30238879667313
511 98.12323495275831
512 104.67450596227937
513 99.25431557027643
514 98.54432684800591
515 98.16498821378035
516 98.34381514588216
517 98.07428001568968
518 104.55093410892215
519 99.57457613585568
520 98.2398028305284
521 98.39426910213577
522 98.02730479394074
523 102.16847118246005
524 99.15835248189323
525 98.11339468530667
526 98.04092276842839
527 99.47151254146831
528 98.0095691124111
529 99.96718294323574
530 98.35634937192543
531 97.8221591629996
532 100.60856523368582
533 98.02263668494437
534 98.39595111541115
535 97.7592694890025
536 99.56796121672622
537 98.2564523267621
538 97.55287044328516
539 100.14962751771331
540 97.54802725570094
541 98.4273386941617
542 97.43113525501188
543 102.0656488187844
544 97.68443111980883
545 97.38672250841837
546 98.83555965366142
547 97.34694612214331
548 98.85608172483175
549 97.31296492662466
550 98.59935009693183
551 97.38500731701146
552 97.93325360049586
553 97.44115712226422
554 97.27699827426795
555 101.19268066874754
556 98.17857918407118
557 97.26091318786149
558 100.66163004907456
559 98.08546319375573
560 97.37238976124061
561 97.24294321089366
562 100.88079567466075
563 98.99592420487272
564 97.53845439031903
565 97.2273324707553
566 101.19361725779619
567 97.9887364386118
568 97.21745018857018
569 101.3940796958808
570 98.58335200247619
571 97.28335989862853
572 97.68496925964932
573 97.55006898409545
574 97.2012953704419
575 100.27730797858632
576 97.62836701788996
577 97.18541408964593
578 102.68224428543043
579 98.87947301227204
580 97.23846542883919
581 97.27183267463126
582 97.16625687268677
583 100.36500309262605
584 98.54307949094897
585 97.37804140311718
586 97.14897832083189
587 101.31042506624192
588 97.96073741544421
589 97.21550465466284
590 97.53533284772689
591 97.31033178620537
592 97.11489431510797
593 103.62699121116339
594 99.28241386114985
595 97.46772517253308
596 97.0733007143296
597 101.69988755516027
598 97.42522763464844
599 97.24242576095705
600 97.37629925898682
601 97.22246590583428
602 97.00144419223828
603 100.09412205781936
604 97.3787866093624
605 96.92244454475241
606 100.96661692567339
607 97.14505486665524
608 97.4869634099476
609 96.82141072081511
610 98.56157814631264
611 97.0090080745288
612 96.78542011044499
613 99.85305250946098
614 97.29183870852707
615 96.75229099302561
616 100.75829473783477
617 97.45582267006927
618 96.70074543852863
619 99.90524244669099
620 97.68046874830218
621 96.80040928302688
622 97.29257286571926
623 96.80790441522649
624 96.58569340142822
625 98.28665313144207
626 97.06550762701495
627 96.97839445276912
628 96.56923037932145
629 101.94033845902182
630 97.81038903509003
631 96.6748048710159
632 97.00663177387821
633 96.56127381695218
634 100.50473476165445
635 97.92194930482971
636 96.56255943255196
637 98.90570859413094
638 97.45548748019888
639 97.15740791875935
640 96.95848299790553
641 96.55111028090857
642 102.59789885432917
643 98.23402409125102
644 97.78728342144645
645 96.81939169425587
646 96.54219035790062
647 102.47186799168989
648 97.3320491755363
649 97.14136192643875
650 96.52839787828765
651 102.08244554855986
652 98.03557826855514
653 96.6552206456444
654 96.70522650907205
655 96.46977642517763
656 100.58226104391768
657 96.62812508521314
658 96.40049151174968
659 99.76222176364575
660 96.7470564207062
661 96.59537360223136
662 96.31103949199372
663 99.20745568313589
664 96.37910151519063
665 97.1349177753596
666 96.32812264738646
667 96.63510433087947
668 96.30886561316746
669 96.10453982070027
670 96.48574440391414
671 96.10222410960992
672 100.83883807557811
673 96.81798956840721
674 96.23455077609269
675 96.10075632609166
676 99.91098930125182
677 96.09856537782575
678 96.87134721173703
679 96.09552360534649
680 96.09265964878102
681 96.42991107454951
682 96.09055624058097
683 96.64903616359918
684 96.24684610125355
685 96.08996673360062
686 98.31000545899407
687 96.25558452151763
688 96.08885112645656
689 97.92256371775525
690 96.33128613492107
691 96.23162978897005
692 96.08548104095206
693 97.42007367481081
694 96.2100126582236
695 96.37676095623524
696 96.08169815601272
697 98.44327607630584
698 96.55203238044516
699 96.07894843451537
700 97.67667836603806
701 96.39127687253198
702 96.46721864784219
703 96.07787669337534
704 97.19239158304488
705 96.16399353817515
706 96.07760477871112
707 99.44250964632145
708 96.52124789606833
709 96.06717091823671
710 100.13884034439526
711 96.26622617394663
712 96.03709617191706
713 98.4970862527036
714 96.5785800994584
715 96.01606308324756
716 98.46738864085846
717 96.25393418968835
718 96.00620169849859
719 99.5905541552682
720 96.67280633071165
721 96.05671490196491
722 99.21233093983477
723 96.23567419478869
724 95.77609247467437
725 100.28085622777701
726 96.11203705958658
727 96.02836646027804
728 98.57434876827033
729 95.78061375264679
730 97.96209425227693
731 94.58212361515129
732 95.49249152087059
733 94.36333033257138
734 94.42689631313064
735 94.12473721916881
736 95.2046519783332
737 94.27455246517789
738 94.0265219968417
739 97.67625774642413
740 95.38075329038837
741 94.29592918036583
742 94.1663209987512
743 94.42927411499964
744 94.20900422875293
745 93.97640178159334
746 98.25714094757599
747 94.9587814980411
748 94.45073920479953
749 94.04500741248914
750 94.15534460528372
751 93.93499251873357
752 95.7351370101781
753 94.2507218187005
754 94.05868464343459
755 94.09105428498367
756 93.9682421916795
757 93.9376916809573
758 94.56069349955256
759 93.92778235886745
760 104.77419392138738
761 99.09696871892108
762 95.21629608045443
763 94.54664754646642
764 94.36098967748127
765 94.07961428766971
766 93.92616388634198
767 100.55219551785767
768 95.30482013888584
769 95.06827912146636
770 94.66355748540644
771 94.31438600712231
772 94.01939962203085
773 94.11479560425006
774 93.91921444936584
775 97.45986799944187
776 94.63034547989442
777 94.05423977916689
778 93.91128319376112
779 97.53487585724497
780 95.25997091556985
781 94.3880744235733
782 93.98945586371859
783 94.05928457799565
784 94.02581090444853
785 93.88828815758059
786 98.54199311035408
787 95.14008378766486
788 94.48225994281157
789 93.95815903585437
790 93.96226675610608
791 93.95995545213138
792 93.86861582386904
793 98.77733748822155
794 96.91460390319179
795 94.71962107896071
796 94.1915499294917
797 94.16133351061379
798 93.90465869874166
799 94.66617724733138
800 93.8963902582413
801 94.81984451756448
802 93.86716878455601
803 96.44752202544416
804 95.12969794421574
805 93.98124838605898
806 94.19746210977448
807 93.79844184476002
808 101.64258314689715
809 96.06573948497197
810 94.13915721017305
811 94.24021095204952
812 93.91855032786854
813 94.2303567557627
814 93.87334603702486
815 94.32296104984118
816 93.83308654711354
817 95.4791024677337
818 94.12541716258094
819 93.91716296861883
820 93.81372710118939
821 96.38193841913089
822 94.51803709891647
823 94.53528461313846
824 93.85779507742865
825 93.85348267156569
826 93.87706953267823
827 93.76092035876576
828 99.63353325201652
829 95.57316638520712
830 94.81733311072185
831 93.87114993424356
832 94.16638688631846
833 93.63037206543278
834 103.92965495691782
835 98.0076975756391
836 95.69867831312666
837 94.32261577824661
838 94.0105242106137
839 93.6958303107126
840 96.66631702067352
841 94.64089383380387
842 93.60174462627465
843 95.82005067419819
844 95.13234911779792
845 93.68846178584486
846 95.530779557991
847 93.48341358370773
848 95.8308158922652
849 94.89855790104573
850 93.6487404652832
851 93.9308996342289
852 93.71971761151333
853 93.04944900010359
854 99.33561535122566
855 96.19350140816893
856 94.00982015422355
857 93.20660634825879
858 93.68274675038623
859 93.12369354412695
860 92.56419198941455
861 94.74280348089637
862 92.86167123230958
863 92.62708266070794
864 91.96506317963804
865 92.73468652755463
866 91.7071445255146
867 93.38000460308102
868 91.8079663912403
869 91.6599266195736
870 91.92853466266081
871 91.62916595309987
872 92.24776200823342
873 92.10731650955871
874 91.36192157748397
875 93.75585057632706
876 91.94010160671394
877 91.34655096535717
878 91.63936756608557
879 91.85431548688153
880 91.04425912743918
881 95.8151128773411
882 92.39202012689623
883 91.6572814480306
884 91.1225879008027
885 92.11641283050392
886 90.53274950714223
887 94.26092687509383
888 90.86511956489844
889 91.11061114159969
890 90.24785535686924
891 92.01607266454201
892 90.07907108899359
893 90.7237194690914
894 90.29506500106531
895 90.42944412002689
896 89.75514119522542
897 93.71994968577697
898 90.92488341907472
899 89.42370762317556
900 91.33971488236634
901 89.36920090586635
902 89.75288384606735
903 89.6877959645496
904 89.35848127534341
905 89.77466144346512
906 89.18185453705927
907 91.46089403699769
908 89.42579206036622
909 89.21343555808943
910 89.17744012336787
911 88.95934535721173
912 91.43446621707695
913 89.0818638063809
914 88.54548441371209
915 94.07173677071404
916 91.26722880315045
917 89.22986940609051
918 88.76232709036401
919 88.79223350673118
920 88.02821716469572
921 91.76076107087931
922 89.27376884398292
923 88.5725456503009
924 88.86211849184905
925 88.27735000438996
926 88.0009197968782
927 88.22550223110491
928 87.88287932758982
929 90.08106446019943
930 87.50574856598823
931 92.6365591580615
932 88.22533042197306
933 87.74470638655025
934 87.10482273671306
935 91.33226125139629
936 88.64995335836213
937 87.06926974993064
938 87.55176798435801
939 86.91042727058297
940 87.20267462480189
941 86.83285063088735
942 87.40576342755251
943 86.81662111328632
944 86.89107149595375
945 86.41452255998571
946 90.75587680367678
947 88.6369746697186
948 86.77739319690683
949 86.76019097645185
950 86.4564205811758
951 86.27231362825061
952 88.0971602868157
953 87.16687571213834
954 86.37398322765259
955 86.0346276725822
956 87.49882739535508
957 85.57584301397831
958 86.75582258518881
959 85.09633698567855
960 85.46588677363987
961 85.20849851648498
962 84.56686571722328
963 86.05461686415097
964 84.59159928629524
965 84.2759007215084
966 85.27714950732332
967 84.60307724782523
968 84.04451813349834
969 87.80055710202284
970 85.49693752410835
971 84.17577484846362
972 84.07289767339391
973 83.8818767313118
974 85.54655916859703
975 84.4967651059436
976 83.9521912055421
977 84.01466836359305
978 83.63595740458602
979 90.96406401559163
980 86.06212333249063
981 84.50463364079458
982 83.5898871724976
983 87.19326396550052
984 84.36600410737451
985 83.75650913673229
986 84.85667981414196
987 83.83625833073542
988 83.53312821970836
989 85.39547815646036
990 84.1017095247197
991 83.24503334223172
992 87.60522956178197
993 84.14101225967698
994 83.74481354189375
995 83.9452890205267
996 83.23863801478585
997 83.95379914974836
998 83.13667917272737
999 84.82747728378749
