# iteración promedio
0 929.6028551277981
1 893.2062528753427
2 862.3213798691789
3 839.419787868061
4 814.5193043934659
5 790.9434540665975
6 769.142192203734
7 750.9744949815125
8 737.3842154100516
9 720.0345565541575
10 704.5501434259589
11 691.704027345195
12 683.144608317025
13 666.0446991214184
14 652.5118338275669
15 641.8332779800754
16 629.8055542100675
17 618.6825129360858
18 606.8545969315192
19 596.0048684457084
20 585.9147600541415
21 575.1721968554338
22 567.7202605259955
23 558.3222485262677
24 547.9070885459524
25 535.5471983102855
26 522.7753714861723
27 512.9405050126038
28 504.28998599687606
29 489.79506982151133
30 476.50298882348113
31 460.8873139168207
32 447.29975307584954
33 435.6035627581478
34 426.68313247020933
35 416.58199412594445
36 408.7547382927907
37 399.03717159108993
38 391.87579864691304
39 386.5297561604113
40 381.0028451239313
41 376.7304821457749
42 371.7532280417226
43 366.9650133681782
44 362.1714636646897
45 357.74038256163345
46 356.31743397405955
47 351.37205274172265
48 349.49690014671813
49 345.3628059153193
50 341.7129147348944
51 337.0385838698562
52 334.4282971169113
53 329.61637689604163
54 328.85670171332924
55 323.4869418301086
56 319.64466840296603
57 315.0534918494528
58 312.1374283005465
59 308.90841480557026
60 305.90060275206633
61 301.0971677862175
62 298.45820219531936
63 294.21999457610536
64 291.7400142818889
65 286.93095043862746
66 285.01130483847805
67 280.37250917663664
68 278.4071813139568
69 274.4708741883583
70 274.3057196372267
71 270.6266974014985
72 269.1949719375871
73 266.08107464641137
74 263.4811694740409
75 264.20810783185664
76 259.1390436523998
77 258.64305401107197
78 255.52900012715276
79 255.24949563614828
80 253.0080642112247
81 251.86053752237055
82 249.7404255613093
83 248.16988067302273
84 249.31381553168632
85 245.45609034044455
86 243.58291875600023
87 241.6901304551553
88 238.86057415085597
89 237.8932648735831
90 235.76778663759313
91 234.91443791430822
92 232.91661487011618
93 231.95476585415327
94 229.33379638940426
95 227.84931981378463
96 224.8455712702408
97 222.5136004401213
98 221.64673841138557
99 219.4119762897265
100 218.7521308861998
101 216.4516350422989
102 215.70780170342834
103 213.87577526826243
104 212.62349926946496
105 211.3925956448436
106 208.95862208743816
107 207.85433480977255
108 206.01256121663712
109 205.48702273320114
110 204.24492884544742
111 203.40723562236533
112 203.1681660418744
113 201.87877965828477
114 201.84249570403924
115 201.98719177354448
116 200.32119222067965
117 199.12314902652813
118 199.18435619518695
119 197.9537347249225
120 197.7448701350848
121 196.5086607164167
122 197.36688674523663
123 195.64717152786992
124 195.1303892839107
125 194.28264148873674
126 193.49233598591573
127 191.24008486377235
128 191.5070977263621
129 189.08669381243325
130 189.3976544263773
131 186.8856698188922
132 186.15666888586074
133 184.77545760230004
134 183.41475076731314
135 182.32371796522392
136 180.5611419778019
137 179.40869090845626
138 178.16158658630746
139 177.10012599354965
140 176.48451583656606
141 174.701478309015
142 173.12476417030476
143 171.96260786170333
144 170.4533825922972
145 169.01646393062748
146 167.783827999502
147 167.01489479820674
148 167.2338456634751
149 165.43058452473736
150 165.28951658527657
151 163.3367946678872
152 162.62142631368985
153 161.07539758562135
154 160.01791922955502
155 158.31674201305248
156 157.3349333681791
157 157.7036236371339
158 155.3633882440383
159 156.9750649952871
160 155.2140026815768
161 154.75174868844846
162 154.61914589491022
163 153.62705358195842
164 155.08643432653963
165 153.29698293314215
166 155.1783796357923
167 153.03764893808994
168 153.21115874863983
169 151.9010741156568
170 153.40807955378747
171 151.01856658665375
172 150.41757260600653
173 148.7982237723355
174 148.01666897324904
175 147.72729850828094
176 146.95863420594824
177 147.35969070261592
178 146.6686998455543
179 147.6964649361336
180 146.45290370410686
181 145.95808927620558
182 147.93349661721396
183 145.71603696080342
184 147.2585714222579
185 146.14325675246886
186 145.7843434080219
187 144.73428439323052
188 148.33465975983702
189 145.86006215946747
190 145.29413685715016
191 145.90517969518882
192 144.01846446113177
193 147.1423035142071
194 144.17159187976674
195 144.1903072212659
196 143.38360368636634
197 145.1148170265618
198 143.3679258276485
199 143.31590933437855
200 142.66877740602794
201 145.6550787521566
202 143.33256644371457
203 143.16992392846925
204 142.41781909633679
205 144.23045580358885
206 142.76939881969182
207 143.60693773648117
208 142.73120947906355
209 142.55859139407534
210 141.69366108883167
211 146.52197171419985
212 144.00648845472145
213 142.34553955304418
214 142.12854312920743
215 141.63902647140344
216 142.20647922855014
217 141.66244661406046
218 141.42191589234142
219 142.9716168146437
220 141.3320676852942
221 142.14647581228692
222 141.54753692716756
223 140.82113461005264
224 143.8774962547969
225 141.77105139230022
226 141.03362750791712
227 140.60502866510632
228 141.98368532657517
229 140.67202926359744
230 141.34903461158999
231 140.34302218220654
232 141.91138961022827
233 139.95198264252474
234 141.8791325876601
235 140.1119220984071
236 139.88370992588315
237 140.2971464794895
238 139.32887088653254
239 142.1961351539523
240 139.83887308332567
241 139.74624320339095
242 139.63983196267037
243 139.80474414938385
244 139.3064685192623
245 140.47019344775464
246 139.2982006949536
247 139.0979446651025
248 141.40526041787692
249 139.49910666439348
250 138.99076999735985
251 139.42934994972
252 138.7476514595166
253 140.80037391772714
254 138.961861574311
255 138.6391500383285
256 140.71741677750498
257 138.19218301040053
258 141.12131890080263
259 137.82162347317268
260 138.14529458905724
261 137.30783909074663
262 137.86427736281763
263 136.05049781152357
264 136.29352742298644
265 136.173929687336
266 134.99892472284256
267 135.41112782629173
268 135.16858149386678
269 134.31333177518405
270 135.86421145540797
271 134.06853827559686
272 135.58483522292275
273 134.3068498431109
274 134.23395840805625
275 134.08708264146554
276 134.25336676107082
277 133.86561786356796
278 136.31625954820865
279 134.02565494576248
280 134.1403115713398
281 134.23468603983054
282 133.57558169037998
283 139.13442467630745
284 134.8341767417199
285 133.8209358001801
286 133.96777582894939
287 134.18603820795903
288 133.22039806959137
289 138.199513605021
290 133.78419308342907
291 133.79980811344555
292 132.9328937900076
293 134.76618099017472
294 132.70248529853026
295 133.87309973256131
296 132.37931994032084
297 132.8355224551266
298 132.18535713665418
299 133.70259357594202
300 132.1587326413128
301 133.63028813851483
302 131.53881961877403
303 132.3652916929962
304 131.3982282161012
305 132.32011527090506
306 131.34197207714536
307 130.73512422076226
308 132.45804092337033
309 130.37445855045453
310 132.18389851355417
311 130.50302459126232
312 130.9251619597971
313 129.9095324357033
314 132.27722388127805
315 130.09573636647295
316 131.10186112972033
317 129.7875904334677
318 129.38746748743526
319 129.88737305724214
320 128.8356832549673
321 129.17668472139658
322 128.48278019132954
323 127.70031156334525
324 129.20121679079122
325 127.3087148032216
326 128.6701486886432
327 127.07377680835383
328 127.81360786912451
329 126.78125802312928
330 129.0200458798467
331 126.95951723217382
332 127.08317050185063
333 126.47299574659583
334 130.16942234466293
335 128.0667768339206
336 126.31156513446825
337 127.96416930432991
338 126.10778560124882
339 126.95531867947322
340 125.7065440827933
341 128.71078026228474
342 126.08793952498796
343 126.0998416073918
344 125.59229997114203
345 127.35437898316937
346 125.85305245623711
347 125.53607029149244
348 126.19093618535322
349 125.1584231810836
350 127.26695522527885
351 125.41556574323948
352 125.65632807302886
353 124.69433087132371
354 125.88689562403893
355 125.10357462642799
356 124.62587520309299
357 126.2136605592042
358 124.73283176318927
359 125.09170000580117
360 124.59139361574398
361 125.84481001956188
362 125.2513416469126
363 124.58292827054686
364 125.55178758593989
365 124.80475188449884
366 124.57390352408648
367 128.27671651229213
368 125.43223323001062
369 124.85574975465559
370 124.56344752066168
371 129.03181115381926
372 126.38142534457602
373 124.7273340602054
374 124.55658534123903
375 127.34450614144669
376 126.21529376727813
377 124.76397231393544
378 124.55179231723967
379 126.74653679235301
380 125.13268441868937
381 124.5473658964727
382 126.84591538510516
383 124.75451607381227
384 124.5439286510945
385 127.87266099170111
386 125.75408509765883
387 124.73551552189227
388 124.72224732965586
389 124.53903796391282
390 128.12075473044766
391 125.43523063520948
392 124.53345349335748
393 129.8873169414564
394 126.59927131866172
395 124.90657032919488
396 124.52771268166161
397 129.67260009062858
398 126.14643734489482
399 125.06069364809258
400 124.5236898636961
401 128.32662286697442
402 125.59336837767238
403 124.518842046631
404 126.47992105943368
405 124.86574431101151
406 124.51519713294347
407 127.52272980586795
408 124.97168581368936
409 124.89807497114874
410 124.511285902292
411 128.42169740184772
412 125.5226222067021
413 124.59583060686127
414 124.77834819587301
415 124.50772406613673
416 125.3865019697159
417 124.50425768057181
418 126.35364565916164
419 124.50253625566566
420 126.39466713722771
421 124.50127304823087
422 126.88287174500361
423 125.1573245688958
424 124.49925479234903
425 126.17762067205753
426 124.95703275927396
427 124.49850020249494
428 124.9689537081917
429 124.49806235556127
430 126.5988197167552
431 124.82200327770107
432 124.49759898020704
433 126.84933001292963
434 124.57398662755486
435 124.49693173209849
436 126.42053720708043
437 125.27925334073707
438 124.71263995105299
439 124.49634604043257
440 125.77681820736592
441 124.59378537396708
442 124.62502999265524
443 124.49590837740334
444 128.89827091325668
445 125.89500567416104
446 125.22589455517591
447 124.59288725806051
448 124.49558302952637
449 130.65876875696878
450 125.53635166556064
451 124.62430528613935
452 124.4951836571623
453 126.42098594252406
454 124.49460404953054
455 126.04408921379043
456 125.2397122901889
457 124.8848555513516
458 124.49387509336707
459 126.30371889541567
460 125.19267648092183
461 124.49324243955202
462 128.17775057346364
463 125.28602695801126
464 124.65415346019331
465 124.492917093898
466 126.54110923606574
467 125.52880582631515
468 124.78339913711714
469 124.49263021454182
470 126.46795837882017
471 124.58910078055165
472 124.49244004007893
473 127.59915830586324
474 125.50627487079014
475 124.49295395288294
476 124.4923535558073
477 126.71073824141976
478 125.20285027642991
479 124.57304014903949
480 124.49231031992161
481 130.82818371811362
482 126.00821324435945
483 124.49233996239388
484 128.3471125474733
485 125.16687794160887
486 124.8665477049027
487 124.76560910381326
488 124.49217485555535
489 127.34706300523298
490 125.07806364221973
491 124.72528743058444
492 124.49204269573077
493 125.63300974474352
494 124.5893472297747
495 124.49193734806187
496 124.82128053684619
497 124.49188414410263
498 124.49188119247127
499 129.51736693534818
500 125.12946506177765
501 124.49187903017669
502 126.56646666971781
503 124.69848786390209
504 124.49187724160608
505 128.342830513593
506 124.98011515163046
507 124.491875907188
508 125.44703781939135
509 124.5780694906476
510 124.49187421251322
511 125.86856884636178
512 124.49187375013261
513 124.86295580408768
514 124.62102273581831
515 124.49187356474049
516 132.42956006935538
517 126.83393813244336
518 124.84613455282026
519 124.49319064590786
520 124.49160271674049
521 127.63373106863042
522 124.83819172247992
523 124.4900686537184
524 128.52633161035106
525 125.62451392427212
526 124.48978005062656
527 128.07896900310163
528 124.92132850259928
529 124.48950934648792
530 126.33996552838134
531 124.71126832934138
532 124.49003834901929
533 126.75159406538772
534 124.57362051020029
535 124.48930151557558
536 128.09954220732772
537 124.60798534649902
538 124.48793334083567
539 125.81087935232549
540 125.05948214996788
541 124.52193396641822
542 124.48110729987322
543 126.87413908323556
544 124.68799899446876
545 124.47323505243965
546 127.2832482449218
547 125.37803108380358
548 125.04878977277791
549 124.6176585671229
550 124.63435779933396
551 124.63343356128254
552 124.45131065245224
553 127.69675350901343
554 125.88846028391045
555 125.02394159056418
556 124.77281649854177
557 124.42706108918031
558 130.4616372335824
559 125.73443386812625
560 124.9800390530947
561 124.80868358011043
562 124.5928997734579
563 124.96786726881948
564 124.37502760832163
565 131.96896821436093
566 126.98871245383407
567 124.80328807358745
568 124.47483221265728
569 124.79863255290351
570 124.49663746768691
571 124.23472435306492
572 129.46480238130553
573 125.88056282111808
574 124.95697113214659
575 124.21160121862927
576 127.8153029226993
577 125.13664840379919
578 125.0475734049763
579 124.13506203695103
580 125.58238887772457
581 124.83793216408469
582 123.99084694361078
583 124.58363580296404
584 123.89788041598959
585 123.76103548083385
586 131.3832684570456
587 125.87141044099074
588 123.95085989559013
589 123.41876504708048
590 125.3565010537989
591 123.52080835954295
592 124.7051545382099
593 123.30047975031064
594 123.06232759278528
595 122.83438353452702
596 122.09355787521604
597 123.27892682133101
598 121.79207799486139
599 123.65685730717105
600 122.17133609832501
601 121.95478546757342
602 122.75505727232861
603 121.69174907017174
604 122.25318898661173
605 121.94844558762742
606 121.8891304611187
607 121.43882217919374
608 122.93037126079145
609 121.46653837906005
610 121.32334293859418
611 125.53523921995469
612 121.849691347194
613 121.63099508948784
614 121.25582810462683
615 123.93598216557376
616 121.90692407723061
617 121.30596820486444
618 122.14277387941111
619 121.73336181427858
620 121.1364191232208
621 123.39783227559349
622 121.72112412639316
623 121.33210673815972
624 121.11920866640875
625 121.36996792028944
626 121.40000795977639
627 121.04772849226156
628 126.1336889061418
629 122.97961718057002
630 121.76885565176818
631 121.91587942292541
632 121.28150646637397
633 121.46467029562766
634 121.56982013824522
635 121.01408348567962
636 127.4139328679723
637 122.79919618000477
638 121.42975468116862
639 121.00044127605737
640 124.24639593819431
641 121.95264479225905
642 121.39079635989023
643 121.2263157954377
644 120.9753716661431
645 123.14645003248395
646 121.80657107457606
647 121.04979533241605
648 121.64013113257553
649 120.95779614505501
650 120.82754919245897
651 126.27661260797998
652 122.9156531200929
653 120.91650445990743
654 121.47014062735182
655 121.82320769123588
656 120.93605489136814
657 120.76128451053438
658 127.33552173199332
659 123.0221052156783
660 121.56096736382992
661 120.93851872015861
662 120.72749035552724
663 126.44413604556908
664 122.23519415731485
665 121.0836767318491
666 120.79280161088322
667 121.0072626823728
668 121.4896917608619
669 120.98226775909234
670 120.6245950353515
671 124.57697340952492
672 121.19813150801384
673 121.45800197275042
674 120.7848701459582
675 121.02764247317882
676 120.77194546796453
677 120.5083963799759
678 125.3742725597779
679 122.43953219780418
680 120.95493397049334
681 120.51280257642135
682 124.12496035289043
683 121.86643992958801
684 120.9196866371471
685 120.78576492371317
686 120.47843013521751
687 122.30533888676513
688 120.30524421410257
689 121.1924398937792
690 120.1115463297827
691 121.89780692779966
692 121.05305564670024
693 119.95427874040007
694 122.90979463217485
695 121.0437894953727
696 120.69013818251253
697 119.92261382776589
698 126.87214462865502
699 123.10620911473481
700 120.4776343018443
701 120.11004807860807
702 120.21944670322236
703 119.86172524304526
704 124.02772221196548
705 120.22373595089073
706 120.02537160813353
707 119.9492299845249
708 120.17348418473135
709 119.97673548475346
710 119.95207522832008
711 119.95123278834484
712 119.79821535994114
713 123.81367036785501
714 120.54354749121455
715 120.2934586305825
716 120.08010741378102
717 119.75233038065622
718 123.95144872545572
719 121.4060065008734
720 120.15412393325306
721 119.73758795016855
722 126.67984812115512
723 120.95422085672188
724 119.71785322480821
725 122.55760278601021
726 120.39663977124556
727 119.79027524581126
728 119.95289369674025
729 119.81723318862814
730 119.67952645378256
731 123.90494632662225
732 120.14876526085646
733 119.76257337750134
734 119.79223456169557
735 119.67346225656705
736 123.5523862435245
737 120.83209104808292
738 119.60090791793705
739 121.20797277719058
740 119.62984653030479
741 120.76347165105472
742 119.51249445420777
743 119.92039090894026
744 119.27677395985316
745 120.07345938506367
746 119.17379207948687
747 122.02837450798317
748 120.27137253515617
749 119.56733351940063
750 119.29006128546499
751 119.48893177756212
752 119.05166765113167
753 120.91337652563192
754 119.47793110293085
755 119.01958195200416
756 122.84707628345046
757 120.29735288492843
758 119.10890148982573
759 119.13124633225492
760 118.99811173649174
761 123.57648444627858
762 119.25867704657762
763 119.1022327308064
764 118.97147471495074
765 123.73886115142075
766 120.4909675234479
767 119.16651464048668
768 119.08807781932579
769 119.12668478831976
770 118.92388751005372
771 120.8472221466572
772 119.33542546574454
773 119.11536878917985
774 118.86686703565238
775 120.98560878517038
776 119.76420072646252
777 118.94802991033906
778 120.10846482320827
779 118.78512754751227
780 123.44518724373705
781 119.36986166727249
782 118.98054602064143
783 118.95176239742779
784 119.06128837213758
785 118.70516330605875
786 124.46214385778558
787 119.48686750387924
788 119.693573561236
789 118.7750279553331
790 122.71858988022731
791 119.57344568900695
792 118.89877586322204
793 118.7787810299394
794 119.52083600572547
795 118.94338922898
796 118.7653205206885
797 118.94085147516859
798 118.53902358028732
799 129.37698479003578
800 124.42545103358547
801 119.83427949194706
802 118.99953263448234
803 118.60184298717719
804 122.39597548249536
805 118.99872829049565
806 118.62106794426077
807 120.83668780834024
808 119.28585738077217
809 118.3828700195703
810 120.71697367652926
811 118.14395008228223
812 119.20796849007476
813 118.32021874766946
814 118.05268905027395
815 118.39573707275558
816 117.49984824869587
817 118.17737853747899
818 117.49806843846858
819 117.68901938024054
820 117.3044919725321
821 118.6773130743543
822 117.24173690456811
823 119.3962875335086
824 117.95827591963943
825 117.54620043387331
826 117.22966471627733
827 119.79254515390512
828 117.36613131554448
829 117.51511711949055
830 117.1016797922811
831 120.9683885804819
832 117.89461865979688
833 116.8595295806962
834 123.2123292239006
835 117.21650492785362
836 116.33720199770787
837 117.228549541066
838 115.08900880147125
839 114.70594480367389
840 114.2009899516475
841 113.40127066980648
842 113.26207303478776
843 113.3537630280782
844 113.11941432510088
845 116.40247383622649
846 113.86150533903987
847 113.05127264000004
848 114.86799385232706
849 113.49909670487725
850 113.26595659925749
851 112.95644677546898
852 114.95740930122376
853 113.41243256714695
854 112.83354273341679
855 115.73225920055674
856 113.88555528056636
857 112.75955396904327
858 113.93648559487842
859 112.59368246992616
860 117.62100213177354
861 113.01541855681405
862 112.78512737489382
863 112.49945488171679
864 116.92148266576812
865 113.15159070726867
866 112.37032942491248
867 114.81254934258294
868 112.3235645329317
869 113.78846944146272
870 112.09449334041847
871 112.88900240532816
872 111.60008574333818
873 114.38174375334012
874 112.03508225566053
875 111.8562021463447
876 111.68809863687295
877 111.46371539537013
878 111.45329411790324
879 111.20445106198689
880 111.8090985373512
881 111.33753633604933
882 111.2002648694459
883 114.27940457290289
884 111.6822665135713
885 111.35099342898435
886 111.50627699588668
887 111.19851320835558
888 116.09059647652107
889 112.74559735551941
890 111.35202305921796
891 111.4607171735154
892 111.1973728288582
893 114.36529095998914
894 112.09069910606742
895 111.40136418732443
896 111.19499909742218
897 115.13487303012562
898 112.01575183097938
899 111.37232159608813
900 111.1761514326814
901 117.97922239441574
902 112.25861590137997
903 111.46058161863212
904 111.2202655544346
905 111.25732973487118
906 111.15967102121962
907 116.2977242337137
908 111.90892771402703
909 111.48584875218893
910 111.15090203593346
911 113.61231985938328
912 111.71058780896385
913 111.27829592820531
914 111.26335710985104
915 111.11310632533382
916 118.53372149573451
917 112.7999003756923
918 111.03588633547122
919 112.8545433063419
920 111.30628008172275
921 110.97074473826723
922 111.80952187401867
923 110.7830543386243
924 112.18998095323748
925 110.47322983347316
926 112.13598208233827
927 110.47268223278662
928 111.24898262960207
929 109.91435800386715
930 109.99148449675816
931 109.62123745119699
932 111.83990811614893
933 109.85427156260204
934 109.60563268970853
935 114.5024589860256
936 111.18630864336171
937 109.96229726278143
938 109.55652766507642
939 110.97501133262892
940 109.62819663402337
941 109.96930505729398
942 109.53308014298871
943 112.46981964579417
944 110.38238758772701
945 109.29351167756847
946 110.7103620281614
947 109.26820425422082
948 110.7591187977998
949 109.32100046985477
950 109.66554451164306
951 108.2879836650608
952 112.28102961229685
953 108.43226398460816
954 111.44121621542483
955 108.45572202385851
956 108.9849598961286
957 107.3234939561295
958 107.10192700209251
959 109.3710151827443
960 107.2327575775671
961 107.07950086361336
962 111.95093873636235
963 107.88735782608208
964 107.31536914474924
965 107.12555225324115
966 107.07294687934578
967 110.15357034728271
968 107.2728048224858
969 107.06847620528325
970 111.15666975465084
971 108.70690477120364
972 108.09695419430564
973 107.35502086802173
974 107.06110671400855
975 116.0275914664407
976 109.53445067395486
977 107.44480309825559
978 107.05389734308098
979 112.84782539572912
980 108.34582388559973
981 107.46816724381894
982 107.19582569672257
983 107.03451332063607
984 110.2265981875007
985 107.88966097180835
986 107.12430485788126
987 107.01104934441477
988 109.34393984816452
989 107.53974234303016
990 107.07894104103127
991 107.23412035129509
992 107.16394684228395
993 106.94697295156686
994 110.83154276731291
995 107.96996819454723
996 107.5520798428389
997 106.85605272801908
998 108.64967568513715
999 107.40141780214378
