# iteración mejor promedio
0 102.24243920423899 182.83375156739856
1 98.3944815172879 166.8261041895772
2 66.1423522929229 153.40793878518934
3 66.1423522929229 142.51666852160312
4 66.1423522929229 132.7037089263924
5 66.1423522929229 123.9132580369312
6 57.91107494609115 112.8946795068736
7 56.935838281933556 104.08413617611605
8 52.04607011538973 97.73085863767062
9 51.87899961072582 91.63064300333924
10 44.75230127536591 85.00726963285359
11 43.32339453399388 81.00682569821714
12 43.32339453399388 77.49828524116101
13 39.93784077174241 74.8754592709756
14 39.93784077174241 69.14423580094842
15 34.46585773922114 65.33167592556812
16 34.46585773922114 61.5346923204841
17 34.46585773922114 59.56453272835448
18 28.100750939899367 55.47875174877319
19 28.100750939899367 51.2953904259456
20 28.100750939899367 49.89933284524919
21 28.100750939899367 46.962600969917695
22 28.100750939899367 45.3314152860755
23 26.366246617891175 41.76848934452664
24 22.38290431597441 40.21889086662257
25 22.38290431597441 37.892986077619554
26 22.38290431597441 36.209424725580114
27 22.272715233948617 33.985450832227954
28 20.8933355927737 32.91792901502657
29 20.62142956272418 31.684091843727938
30 19.238611171433114 30.335599034989464
31 19.238611171433114 29.71316087803642
32 19.238611171433114 28.30671459647856
33 18.758893132654272 27.46799546438862
34 18.758893132654272 27.649923588116753
35 18.758893132654272 25.910668131627503
36 18.49361021273974 26.734884046889334
37 18.49361021273974 24.90776417216723
38 17.434284263024217 25.023193228255487
39 17.434284263024217 23.311705580376348
40 15.723437913923142 23.36118037246235
41 15.723437913923142 22.467510649954242
42 15.723437913923142 23.116860602117587
43 15.723437913923142 21.90609490808973
44 15.723437913923142 22.233074992529325
45 15.723437913923142 21.051320522030313
46 15.723437913923142 21.531098435945527
47 15.723437913923142 20.163232578848632
48 15.723437913923142 20.420536120930745
49 15.128899231748349 18.883144478635323
50 15.128899231748349 20.74077521352423
51 15.128899231748349 18.80615535888213
52 15.128899231748349 18.642265246875482
53 14.65220438770518 18.654118163279136
54 14.65220438770518 18.351195138446258
55 14.65220438770518 18.498365924987684
56 14.65220438770518 17.659032277879554
57 14.65220438770518 19.26842902261584
58 14.65220438770518 17.28250895447507
59 14.148758333284503 18.767007936427774
60 14.148758333284503 16.84398079342028
61 12.918345032527167 18.8288629738073
62 12.918345032527167 16.433205554618485
63 12.403757847701531 17.10275754477472
64 12.403757847701531 16.220631010458373
65 12.403757847701531 16.861706895759333
66 12.403757847701531 15.742499512868187
67 12.403757847701531 16.79746464422386
68 12.403757847701531 15.258519029655297
69 12.403757847701531 15.668489977125118
70 12.235659597575014 14.954195991752247
71 12.176561332747124 14.705846258859788
72 12.176561332747124 14.089575381311544
73 12.176561332747124 14.318071174777629
74 12.176561332747124 13.770514262096386
75 12.147736190910376 13.668728634050987
76 12.147736190910376 13.933610460348413
77 12.071473036559867 13.054446924012051
78 11.813904110083497 14.05789914065747
79 11.813904110083497 13.092161916009955
80 11.813904110083497 13.045108283154182
81 11.813904110083497 13.06185041371936
82 11.813904110083461 12.650989186993833
83 11.794152983206827 14.741707088957853
84 11.794152983206827 12.736855457917478
85 11.794152983206827 13.015114255041624
86 11.794152983206827 12.508636818295727
87 11.794152983206827 14.841737240252588
88 11.794152983206827 12.655374812898353
89 11.794152983206827 12.97723166856263
90 11.79415298320679 12.506053176842157
91 11.79415298320679 14.073078553001501
92 11.79415298320679 12.86995192168681
93 11.79415298320679 12.281440814382176
94 11.586636903659777 15.956753679693957
95 11.586636903659777 12.75531081006515
96 11.586636903659777 12.280751511794383
97 11.586636903659777 12.310447071873446
98 11.586636903659777 12.252650174883067
99 11.586636903659777 12.285205728440417
100 11.586636903659777 12.17153300383999
101 11.586636903659777 13.298550803756754
102 11.586636903659777 12.210648996571454
103 11.586636903659777 12.317954399633466
104 11.586636903659777 12.36126984020056
105 11.586636903659777 12.23569603314877
106 11.586636903659777 12.222865022823319
107 11.546978950631106 11.976008681955516
108 11.546978950631106 14.44401598227629
109 11.546978950631106 12.390512450354194
110 11.546978950631106 12.024345395166716
111 11.546978950631106 12.7835907480534
112 11.546978950631106 11.862862235189176
113 11.546978950631106 15.340379230350665
114 11.546978950631106 12.736504632071039
115 11.546978950631106 11.904596221883661
116 11.546978950631106 12.581803921631131
117 11.546978950631106 11.7883213536613
118 11.546978950631106 17.746138630851863
119 11.546978950631106 12.549699402994143
120 11.546978950631106 11.755537511560368
121 11.538450030765317 14.136130546454288
122 11.538450030765317 12.325518757500461
123 11.538450030765317 11.716637103596735
124 11.538450030765317 13.437196400332091
125 11.538450030765317 11.784489500843769
126 11.536703575180907 12.144048843432481
127 11.536703575180907 11.807063423414993
128 11.536703575180907 11.6883287434953
129 11.536703575180907 12.591943107458293
130 11.536703575180907 11.718501112530635
131 11.536703575180907 11.679704213307698
132 11.536703575180907 11.693755882525204
133 11.536703575180907 11.5980031532792
134 11.536703575180907 13.919227869469331
135 11.53596374725082 12.53198754065114
136 11.53596374725082 11.758011140436741
137 11.53596374725082 11.589054517990354
138 11.535957507661324 15.073917618693201
139 11.533455363982892 12.372931690846094
140 11.533455363982892 11.679556067025747
141 11.533455363982892 11.584368865838785
142 11.472964542189052 18.26347236385944
143 11.022213703424677 13.110386577811866
144 11.022213703424677 11.693301618113106
145 11.022213703424677 11.574121169755731
146 11.022169653620926 14.552426903170913
147 11.022169653620926 11.828673577784553
148 11.022169653620926 11.75810988733543
149 11.022169653620926 11.561376089521524
150 11.022169653620926 12.418968580173146
151 11.022169653620926 11.545236277817226
152 11.022128096505904 12.365958439198302
153 11.022128096505904 11.527639990971899
154 11.022128096505904 14.046953173976775
155 11.022128096505904 11.614452706029127
156 11.022128096505904 11.513016531140824
157 11.019435097966193 15.202974509492304
158 11.019435097966193 12.179816041469419
159 11.019435097966193 11.914104939206846
160 11.019435097966193 11.728970665926784
161 11.019435097966193 11.469237525360647
162 10.96049436438474 17.22423123321407
163 10.96049436438474 12.733945380090622
164 10.959863190421132 12.062209662724252
165 10.959863190421132 11.415856653350136
166 10.959863190421132 13.76513185683162
167 10.959863190421132 11.541181651470657
168 10.959863190421132 12.321016976924733
169 10.959863190421132 11.440759892232826
170 10.959863190421132 13.574881419149431
171 10.959863190421132 11.531904195029062
172 10.959863190421132 12.735973038009723
173 10.959863190421132 11.075357601600325
174 10.959863190421132 11.81168606396858
175 10.959863190421132 11.2104712530715
176 10.959863190421132 11.246499694518116
177 10.959863190421132 11.2342929022519
178 10.959863190421132 11.033423670921609
179 10.888409328479517 13.299442270795273
180 10.888409328479517 12.284361994247858
181 10.888409328479517 11.470948925179487
182 10.888409328479517 11.148764457037249
183 10.888409328479517 11.017369897175104
184 10.886542165607635 16.842075781495414
185 10.886542165607635 11.782142520135016
186 10.886542165607635 11.129141469475396
187 10.886542165607635 11.008730408393768
188 10.886542165607635 13.441107686119484
189 10.886542165607635 11.253803056501361
190 10.886542165607635 10.996768410966421
191 10.886542165607635 12.89318876578473
192 10.886542165607635 11.116560753799893
193 10.886542165607635 10.975806185293855
194 10.886542165607635 12.619909885660647
195 10.886542165607635 11.163463131249419
196 10.886542165607635 10.962989976611233
197 10.886542165607635 11.510869696679896
198 10.886542165607635 11.098895301996645
199 10.886542165607635 11.275355173988869
200 10.886542165607635 10.955693492363961
201 10.825984780370762 16.700882124891745
202 10.825984780370762 12.291985976840563
203 10.824826941592873 11.146362323709754
204 10.824826941592873 10.947503000340623
205 10.681548539719618 13.998769250427202
206 10.681548539719618 11.229484969449963
207 10.681548539719618 10.935326606720952
208 10.681548539719618 14.149741698643053
209 10.681495050770598 11.192771591497578
210 10.681495050770598 10.911610098025061
211 10.62586428576529 11.87581231197908
212 10.62586428576529 10.938139182738157
213 10.504996623010326 11.948559119974831
214 10.504996623010326 10.857063418114825
215 10.504996623010326 13.154445863587227
216 10.504996623010326 11.140366123841812
217 10.504996623010326 10.836385472160039
218 10.504996623010326 12.277320999115396
219 10.504996623010326 11.121862137467751
220 10.504996623010326 10.815297576162845
221 10.504996623010326 16.611592154572715
222 10.504996623010326 11.572717352084494
223 10.504996623010326 10.797290084915863
224 10.503581038270928 12.50027664020736
225 10.5029159721006 10.997755233506165
226 10.5029159721006 10.741155883363707
227 10.492517857323001 11.312312540059915
228 10.492517857323001 10.991498086603913
229 10.492517857323001 10.69599645672978
230 10.492517857323001 11.942878036574502
231 10.492517857323001 10.86573283102372
232 10.492517857323001 10.65593951041946
233 10.492517857323001 11.672459726489965
234 10.492517857323001 10.61492683579631
235 10.492517857323001 11.138963546296118
236 10.492517857323001 10.770432505730815
237 10.492517857323001 10.567241296923564
238 10.492517857323001 10.795374266880424
239 10.492517857323001 10.523466959846571
240 10.492517857323001 10.69527626165258
241 10.492517857323001 10.507005011397709
242 10.492517857323001 11.367663392774348
243 10.492517857323001 10.729483215008074
244 10.492517857323001 10.504842508241666
245 10.492517857323001 15.85068810141016
246 10.492517857323001 10.840022336520144
247 10.492517857323001 10.716639646235722
248 10.492517857323001 10.633195446288905
249 10.492517857323001 10.5037623012016
250 10.49077322929624 12.361359934555912
251 10.49077322929624 10.858430567293917
252 10.49077322929624 10.503957337133782
253 10.49077322929624 11.54195441818336
254 10.49077322929624 10.502498225785613
255 10.49077322929624 12.64521494171347
256 10.49077322929624 10.500031762917285
257 10.489814180864897 11.41038367067958
258 10.48981418086486 10.497635039411891
259 10.48981418086486 11.996929169545217
260 10.48981418086486 10.584242465396708
261 10.48981418086486 10.495621415036858
262 10.48981418086486 13.11153765980464
263 10.489661533015159 11.342450186222012
264 10.489661533015159 10.924657411791623
265 10.489661533015159 10.493795844480069
266 10.48933310757441 11.388052074069218
267 10.48933310757441 11.173379785997707
268 10.48933310757441 10.95536680890917
269 10.48933310757441 10.492360271876958
270 10.489331884872279 16.674362532705604
271 10.489331884872279 12.430936015203146
272 10.487755092192058 10.645834998726333
273 10.487755092192058 10.491780411066866
274 10.487755092192058 12.407432128542014
275 10.487755092192058 11.121064325221903
276 10.487755092192058 10.491241452387742
277 10.487755092192058 11.808299046666104
278 10.487755092192058 10.490888613065723
279 10.487753869489927 12.897757702363633
280 10.487753869489927 10.490626794899775
281 10.48774856579339 12.939513307998647
282 10.48774856579339 10.490379251544484
283 10.48774856579339 12.110155419011978
284 10.48774856579339 10.82251631785003
285 10.48774856579339 10.489980289164684
286 10.487127549426829 11.396837662002959
287 10.487127549426829 10.596682146396429
288 10.487127549426829 10.48931895724917
289 10.487127549426829 14.031073581448688
290 10.487127549426829 10.543002364241726
291 10.487127549426829 10.48895041244553
292 10.487127549426829 14.129521846073935
293 10.487127549426829 10.889449682029195
294 10.487127549426829 10.616990417932284
295 10.487127549426829 10.488351648895087
296 10.487088803319613 11.099161929594224
297 10.487088803319613 10.487933680875583
298 10.487088803319613 10.739736444601368
299 10.487088803319613 10.487831056807718
300 10.487088803319613 11.051824439009808
301 10.487088803319613 10.487759649987474
302 10.487083499623077 11.149079779308181
303 10.487083499623077 10.487733307712281
304 10.487083499623077 13.611447373584262
305 10.487083499623077 10.487710550241694
306 10.487083499623077 11.754565969566752
307 10.487083499623077 10.487655995396802
308 10.487083499623077 11.576864693022491
309 10.487083499623077 10.48756242786415
310 10.487083499623077 11.383237711743595
311 10.487083499623077 10.48742393813528
312 10.487083499623077 10.947116687541916
313 10.487083499623077 10.487236419668529
314 10.487083499623077 10.934051000870095
315 10.487083499623077 10.487125479278786
316 10.487083499623077 10.777708163018206
317 10.48708349962304 10.48709202720457
318 10.48708349962304 10.487088293261092
319 10.487083307736642 13.918463547020135
320 10.487083307736642 10.726037650601546
321 10.487083307736642 10.487087970016743
322 10.487083307736642 12.686344803198473
323 10.487083307736642 10.634274681004106
324 10.487083307736642 10.574648747713656
325 10.487083307736642 10.487087156398843
326 10.487078004040105 11.405518962912426
327 10.487078004040105 10.626206426639458
328 10.487078004040105 10.487085812477039
329 10.487078004040105 11.840626012403575
330 10.487078004040105 10.686493900352005
331 10.487078004040105 10.487084550109365
332 10.487078004040105 12.935519807736046
333 10.487078004040105 10.662797990616722
334 10.487078004040105 10.487084013620047
335 10.487078004040105 12.558896280610549
336 10.487078004040105 10.723959436119923
337 10.487078004040105 10.487083326152225
338 10.487078004040105 15.635140958154134
339 10.487078004040105 11.221157397791641
340 10.487078004040072 10.592361158500777
341 10.487078004040072 10.487082566119332
342 10.487078004040072 14.680023745169828
343 10.487078004040072 10.536768151905083
344 10.487078004040072 10.487081653691567
345 10.487078004040072 12.804622212221808
346 10.487078004040072 10.4928740276513
347 10.487078004040072 10.487080286366261
348 10.487078004040072 11.61140493845915
349 10.487078004040072 10.778568808760758
350 10.487078004040072 10.487078875709637
351 10.487078004040072 11.301767037121053
352 10.487078004040072 10.626931749513126
353 10.487078004040072 10.615653801084655
354 10.487078004040072 10.487078318735518
355 10.487078004040072 10.760766339079883
356 10.487078004040072 10.487078004040088
357 10.487078004040072 17.69879416958463
358 10.487078004040072 13.077029828534585
359 10.486469973748688 11.561413918524613
360 10.486469973748688 10.850883477400009
361 10.486469973748688 10.586453905223598
362 10.486469973748688 10.632150162454268
363 10.486469973748688 10.487074963888631
364 10.486469973748688 20.347022152521795
365 10.486469973748688 11.892399642398486
366 10.486469973748688 10.491455876200536
367 10.486469973748688 10.487072093640545
368 10.486469973748688 13.48989786596354
369 10.486469973748688 10.909880539799069
370 10.486469973748688 10.48706905348909
371 10.486469973748688 12.591463757724902
372 10.486469973748688 10.57763168417562
373 10.486469973748688 10.487068883585719
374 10.486469973748688 11.034392348452668
375 10.486469973748688 10.487068883585719
376 10.486469973748688 12.269252043050756
377 10.486469973748688 10.487062803282804
378 10.486469973748688 12.222255435012553
379 10.486469973748688 10.822415639337775
380 10.486469973748688 10.48706032355676
381 10.486469973748688 13.636356809089712
382 10.483310992652397 10.769282801031562
383 10.483310992652397 10.487039248477744
384 10.483310992652397 12.635887718732219
385 10.483310992652397 10.711002456395509
386 10.483310992652397 10.598341585699393
387 10.483310992652397 10.487091152073043
388 10.483310992652397 10.604809860872521
389 10.483310992652397 10.48705738521062
390 10.483310992652397 13.870258739220754
391 10.483310992652397 10.67098261249258
392 10.483310992652397 10.486828675151767
393 10.483310992652397 12.334917348587599
394 10.483310992652397 10.523499810015128
395 10.483310992652397 10.486767229351498
396 10.482285559597335 13.390175964037889
397 10.169548080248019 10.90168094211511
398 10.169548080248019 10.48512530998217
399 10.164362029044794 13.553966602473004
400 10.164362029044794 11.073327318393746
401 10.164362029044794 10.482321390017463
402 10.164362029044794 11.332583121311904
403 10.161856152235073 10.578587986160944
404 10.161856152235073 10.474387052358916
405 10.161856152235073 13.771835686081474
406 10.161856152235073 10.453611565995388
407 10.154828184077614 12.403358005096873
408 10.154828184077614 10.589679370929359
409 10.154828184077614 10.434677864487092
410 10.154828184077614 11.563827105249846
411 10.154828184077614 10.51774589146328
412 10.154828184077614 10.378308013076035
413 10.150534278887092 11.726818228508082
414 10.149260927307802 10.506855916454866
415 10.149260927307802 10.42955135362223
416 10.149260927307802 11.697483249161046
417 10.149260927307802 10.412386646922602
418 10.149260927307802 10.800955448008663
419 10.149260927307802 10.183960971596884
420 10.149260927307802 10.987296366600829
421 10.149260927307802 10.363895339590002
422 10.149260927307802 10.166339107793936
423 10.149260927307802 10.957475652269622
424 10.149260927307802 10.279438164631488
425 10.149260927307802 10.164145785349238
426 10.149260927307802 14.38611626969088
427 10.149260927307802 10.529790972366408
428 10.149260927307802 10.29417208635805
429 10.149260927307802 10.294996012625045
430 10.149260927307802 10.163887233974146
431 10.149260927307802 13.0270847387262
432 10.145397268484897 10.310667958499355
433 10.145397268484897 10.163199921281825
434 10.145397268484897 11.434577271397702
435 10.145397268484897 10.167452729351094
436 10.145397268484897 10.44366909208694
437 10.145397268484897 10.160625248355284
438 10.135083536846407 13.662892624287297
439 10.135083536846407 10.685344467664022
440 10.135083536846407 10.174330877709975
441 10.135083536846407 10.158335850199935
442 10.135083536846407 12.571544721169836
443 10.134718289401414 10.896717172255002
444 10.134718289401414 10.155807913485683
445 10.13316729100262 12.390601883493751
446 10.13316729100262 10.461446652091416
447 10.13316729100262 10.295872176280078
448 10.13316729100262 10.15377913343277
449 10.13316729100262 13.852050058809825
450 10.13316729100262 10.71307887666419
451 10.13316729100262 10.393847954663595
452 10.13316729100262 10.153140433894173
453 10.13316729100262 11.917811674510249
454 10.13316729100262 10.158756037283784
455 10.13316729100262 10.291628991800344
456 10.13316729100262 10.14845236704863
457 10.133013793832243 13.278754651898588
458 10.133013793832243 10.609433041789542
459 10.133013793832243 10.463335292615561
460 10.133013793832243 10.149503038773913
461 10.132589207069683 12.489155312001035
462 10.132589207069683 11.078906329951247
463 10.132589207069683 10.15005349976317
464 10.132589207069683 10.297040134203932
465 10.132589207069683 10.256360869447679
466 10.132589207069683 10.391157439232211
467 10.132589207069683 10.142428759356266
468 10.132215783882286 15.289776975370007
469 10.132215783882286 11.424230863203078
470 10.132215783882286 10.774659776961606
471 10.132215783882286 10.366651645878143
472 10.132215783882286 10.250949560115243
473 10.132215783882286 10.139042530608181
474 10.125950900226641 12.82044308294874
475 10.125950900226641 10.695592487857136
476 10.125950900226641 10.26040883952454
477 10.125950900226641 10.136063197489687
478 10.125950900226641 11.096007838932499
479 10.125950900226641 10.466344303478714
480 10.125950900226641 10.233015819556067
481 10.125950900226641 10.134851399309296
482 10.125723354907718 14.76410962646944
483 10.112469271784626 11.021577313916515
484 10.112469271784626 10.466359212926248
485 10.112469271784626 10.1352252547649
486 10.112469271784626 10.648700856288919
487 10.112469271784626 10.406213210355602
488 10.112469271784626 10.133656288247305
489 10.112469271784626 15.838525341500397
490 10.112469271784626 11.675759425497649
491 10.112469271784626 10.201214153747962
492 10.112469271784626 10.518478326128921
493 10.112469271784626 10.427793240911713
494 10.112469271784626 10.480691804955644
495 10.112469271784626 10.133528469479396
496 10.112469271784626 11.055009008010789
497 10.112469271784626 10.133126460381073
498 10.112469271784626 14.865328197072088
499 10.112469271784626 10.9424949281611
500 10.112469271784626 10.133700778855593
501 10.112469271784626 10.444982640229924
502 10.112469271784626 10.34314513073746
503 10.112469271784626 10.132768669531348
504 10.112469271784626 15.054938393146067
505 10.112469271784626 11.096215626746892
506 10.112469271784626 10.537942650075541
507 10.112469271784667 10.371363756669755
508 10.112469271784667 10.134101897667966
509 10.112469271784667 10.29144380649078
510 10.112469271784667 10.21512791718488
511 10.112469271784667 10.132532145046309
512 10.112161942570074 15.012615749716753
513 10.112161942570074 11.311107824008975
514 10.112161942570074 10.37480690996817
515 10.112161942570074 10.13258497436255
516 10.112161942570074 13.129621533259117
517 10.112161942570074 10.850071313005769
518 10.112161942570074 10.47420058899081
519 10.112161942570074 10.261380763737405
520 10.112161942570074 10.379238842438001
521 10.112161942570074 10.13203257779371
522 10.108262650835519 15.432027229814835
523 10.108262650835519 11.25441997803907
524 10.108262650835519 10.335546948963433
525 10.108262650835519 10.132524329497652
526 10.108262650835519 11.085299108539036
527 10.108262650835519 10.350402123886145
528 10.108262650835519 10.273786446341994
529 10.108262650835519 10.13125785935083
530 10.107792328438974 16.10156524215543
531 10.107792328438974 11.38495966530541
532 10.107792328438974 10.451876666169301
533 10.107792328438974 10.132856711861193
534 10.107792328438974 10.976024587453288
535 10.107792328438974 10.878205284524078
536 10.107792328438974 10.12986993433227
537 10.107792328438974 17.49091859090821
538 10.058067518270454 11.858916570759908
539 10.058067518270454 10.282762242661304
540 10.058067518270454 11.025487432956158
541 10.058067518270454 10.160930928701681
542 10.058067518270454 10.326315060774629
543 10.058067518270454 10.266821473830543
544 10.058067518270454 10.12670742357883
545 9.976538786511034 15.38620607992586
546 9.976538786511034 13.060015003188509
547 9.976538786511034 10.335415273472517
548 9.976538786511034 10.32817409543639
549 9.976538786511034 10.120721403289895
550 9.976538786511034 14.146028908614126
551 9.976538786511034 10.685587405082419
552 9.976538786511034 10.263017377423452
553 9.976538786511034 10.113175502009195
554 9.976538786511034 11.96540159028224
555 9.976538786511034 10.356489921735486
556 9.976538786511034 10.254759956527527
557 9.976538786511034 10.106422461216704
558 9.976538786511034 15.682857040352479
559 9.976538786511034 11.395827720182979
560 9.976538786511034 10.242342084718002
561 9.976538786511028 10.192830231584349
562 9.976538786511028 10.156693055877595
563 9.976538786511028 10.099777267756178
564 9.971566003822863 15.899035744707012
565 9.971566003822863 11.124418365915623
566 9.971566003822863 10.24405814241394
567 9.971566003822863 10.29152178637726
568 9.971566003822863 10.09252583416859
569 9.971566003822863 12.867873019873914
570 9.971566003822863 11.184944823843496
571 9.971566003822863 10.141718427713808
572 9.971566003822863 10.381384784770148
573 9.971566003822863 10.190675706249616
574 9.971566003822863 10.36589187941763
575 9.971566003822863 10.198131924002508
576 9.971566003822863 10.116997287606011
577 9.971566003822863 10.270895549376865
578 9.971566003822863 10.20513208200963
579 9.971566003822863 10.06734134188874
580 9.971566003822863 14.055189481036091
581 9.971566003822863 10.833758747896587
582 9.971566003822863 10.470225035084454
583 9.971566003822863 10.370563845169224
584 9.971566003822863 10.039406643170453
585 9.971566003822863 15.013947203706284
586 9.971566003822863 11.017180610214858
587 9.971566003822863 10.210777266089885
588 9.971566003822863 10.18683109688346
589 9.971566003822863 10.014005268799327
590 9.971566003822863 12.824803846343379
591 9.96845119846432 10.885032862966149
592 9.96845119846432 10.123682435898829
593 9.96845119846432 10.135257734543405
594 9.96845119846432 9.99438856524236
595 9.96845119846432 12.100340887655843
596 9.96845119846432 10.429055760333426
597 9.96845119846432 10.121884304879767
598 9.96845119846432 9.985533982609255
599 9.967340933068895 14.108473401924492
600 9.967340933068895 10.760669636932422
601 9.967340933068895 10.928212269909432
602 9.967340933068895 10.186713038008556
603 9.967340933068895 10.100697384209514
604 9.967340933068895 9.98272550225818
605 9.967340933068895 13.726072077060548
606 9.967340933068895 11.97184245002769
607 9.967340933068895 10.23415657443845
608 9.967340933068868 10.2380350829591
609 9.967340933068868 9.990428177957387
610 9.967340933068868 10.1666321055299
611 9.967340933068868 10.047906313423386
612 9.967340933068868 10.134801430083026
613 9.967340933068868 9.979196652957198
614 9.967340933068868 13.620247905854011
615 9.967340933068868 10.888405821833583
616 9.967340933068868 10.216253975646877
617 9.967340933068868 10.093232274185553
618 9.967340933068868 10.20489904746906
619 9.967340933068868 9.977742265966633
620 9.962694485158151 15.07524988777768
621 9.962694485158151 11.160419258964614
622 9.962694485158151 10.105731250941671
623 9.962694485158151 10.106900935611451
624 9.962694485158151 9.97628166234139
625 9.962694485158151 15.654633652743998
626 9.962694485158151 11.390633356211016
627 9.962694485158151 10.085000355891058
628 9.962694485158151 10.078582491978326
629 9.962694485158151 9.97603142253194
630 9.962694485158151 13.993936731690804
631 9.955975369403339 10.141049664363111
632 9.955975369403339 9.976278453552675
633 9.955975369403339 11.49398715760722
634 9.955975369403339 10.298765620571405
635 9.955975369403339 9.974665748962796
636 9.955975369403339 13.764713092430092
637 9.955975369403339 10.620238715786673
638 9.955975369403339 10.116631020821284
639 9.955975369403339 10.071080037272079
640 9.955975369403339 9.973474766906481
641 9.955165137498893 11.341327530493205
642 9.955165137498893 10.462625474419367
643 9.955165137498893 10.119606744520807
644 9.955165137498893 10.062597543289218
645 9.955165137498893 10.160076073415603
646 9.955165137498893 9.972074016064452
647 9.955165137498893 13.03665902246434
648 9.955165137498893 10.672591820833656
649 9.955165137498893 10.209337277853452
650 9.955165137498893 9.970567149173638
651 9.955165137498893 14.544911061855583
652 9.95516513749888 11.031541166675636
653 9.95516513749888 10.216027236573844
654 9.95516513749888 9.968459425774103
655 9.95516513749888 14.277780340233983
656 9.95516513749888 10.697117373425176
657 9.95516513749888 10.093276173890155
658 9.95516513749888 9.96723762698155
659 9.95516513749888 14.36085492254289
660 9.95516513749888 10.528226251978309
661 9.95516513749888 10.191894615114526
662 9.95516513749888 9.96565428615975
663 9.95516513749888 13.090759476641603
664 9.95516513749888 10.102147854878078
665 9.95516513749888 10.199673782708151
666 9.95516513749888 10.108073988634107
667 9.95516513749888 9.964758138865037
668 9.95135636477026 12.068169387134558
669 9.95135636477026 10.266671730500663
670 9.95135636477026 9.965390915342358
671 9.951176364084843 10.560193124937195
672 9.951176364084843 9.961990325368339
673 9.951176364084843 13.439243907547134
674 9.951176364084843 10.443775320203454
675 9.951176364084843 9.96177602380092
676 9.949554303718037 12.326945856082068
677 9.949554303718037 10.07673637721067
678 9.949554303718037 10.389088998539737
679 9.949554303718037 9.959313599097436
680 9.949554303718037 12.27652712494601
681 9.949554303718037 10.177299880767507
682 9.949554303718037 9.959086413436388
683 9.949554303718037 11.057072212827293
684 9.949554303718037 10.09402695030397
685 9.949554303718037 10.085748497691625
686 9.949554303718037 9.957310229591641
687 9.949554303718037 11.284699162403363
688 9.949554303718037 10.870199512427266
689 9.949554303718037 10.470616815124751
690 9.949554303718037 10.085181918747717
691 9.949554303718037 9.95549345837439
692 9.949554303718037 16.005135571759993
693 9.949554303718037 11.165283756189432
694 9.949554303718037 10.02842997204191
695 9.945798766129789 9.955475149373436
696 9.945798766129789 12.895159870708733
697 9.945798766129789 10.45350603271919
698 9.945798766129789 10.098383187750006
699 9.945798766129789 9.954310597918052
700 9.945798766129789 14.88859314850239
701 9.945798766129789 10.468970884694775
702 9.945798766129789 10.001905671173931
703 9.945798766129789 9.95309461492661
704 9.945793978382275 11.507469364679295
705 9.945793978382275 10.226604178583917
706 9.945793978382275 10.086129023150772
707 9.945793978382275 9.951920183813089
708 9.945715745476738 11.810558653249556
709 9.945715745476738 10.894700879503718
710 9.945715745476738 9.958863852915734
711 9.945715745476738 10.079100660156822
712 9.945715745476738 9.950823750306286
713 9.945662510336353 12.355503910705472
714 9.945662510336353 10.466711067505406
715 9.945662510336334 9.950436320165746
716 9.945662510336334 10.86675439660808
717 9.945662510336334 10.103770511778789
718 9.945662510336334 9.950075967697487
719 9.945662510336334 10.607488378486517
720 9.945662510336334 10.368944883612576
721 9.945662510336334 9.949190352028301
722 9.945662510336334 14.441989003381519
723 9.945662510336334 10.35952115778725
724 9.945662510336334 10.04791168469691
725 9.945662510336334 9.948688270672934
726 9.945662510336334 11.303484155814894
727 9.945662510336334 10.148639403317732
728 9.945662510336334 9.947976315770163
729 9.945662510336334 11.93984470506171
730 9.945662510336334 10.284943390638928
731 9.945662510336334 9.94714473244733
732 9.945662510336334 11.519432051572098
733 9.945662510336334 10.344773341614095
734 9.945662510336334 10.146372308755078
735 9.945662510336334 9.94601235513006
736 9.945662510336334 9.945815521223643
737 9.945662510336334 10.940363790616148
738 9.945662510336334 10.039020214226131
739 9.945662510336334 9.945785069519651
740 9.945662510336334 12.873672664598278
741 9.945662510336334 10.616697696584637
742 9.945662510336334 10.291614852922372
743 9.945662510336334 10.38701216885235
744 9.945662510336334 9.946729022654436
745 9.945662510336334 9.945743054498871
746 9.945662510336334 12.132026894294633
747 9.945662510336334 10.12237476591576
748 9.945662510336334 9.946511628345172
749 9.945662510336334 9.945721148753186
750 9.9456579657297 11.480255785077496
751 9.9456579657297 10.094129680269383
752 9.9456579657297 9.945773628564146
753 9.9456579657297 9.945701240398858
754 9.9456579657297 14.163732692296039
755 9.9456579657297 10.775534711438493
756 9.9456579657297 10.09666846606116
757 9.9456579657297 9.94568948511165
758 9.9456579657297 11.655390030453637
759 9.9456579657297 10.086953366347592
760 9.9456579657297 9.945939719890259
761 9.9456579657297 9.945674794746393
762 9.9456579657297 10.998695466347394
763 9.9456579657297 10.230768449762047
764 9.9456579657297 9.945666199187158
765 9.9456579657297 10.666834777470154
766 9.9456579657297 10.515184223140487
767 9.9456579657297 9.945662487613351
768 9.9456579657297 21.9193226680191
769 9.9456579657297 13.208275114533908
770 9.94380062138887 10.520527656202757
771 9.94380062138887 10.088778251730451
772 9.94380062138887 9.9458594814862
773 9.94380062138887 9.94565315544558
774 9.94380062138887 16.84540540034123
775 9.94380062138887 10.402740445311306
776 9.94380062138887 9.94565681144311
777 9.94380062138887 10.407347352764805
778 9.94380062138887 9.945790351494516
779 9.94380062138887 9.945624623441804
780 9.943800621388853 11.74339583227344
781 9.943800621388853 9.945586842576226
782 9.941472153346739 12.437540763358868
783 9.941472153346739 10.325621585301825
784 9.941472153346739 9.9456021057471
785 9.939761216904156 11.341517908096277
786 9.939761216904156 9.945471688589235
787 9.939761216904156 11.978689879552553
788 9.939761216904156 10.243559055411675
789 9.939761216904156 9.944916059849495
790 9.939761216904156 11.669579719544805
791 9.939761216904156 9.944284602837016
792 9.939721711657437 11.18499296647067
793 9.939721711657437 10.130988396884584
794 9.939721711657437 9.94390076117518
795 9.939721711657437 11.068073938927617
796 9.939721711657437 9.942874323435568
797 9.939721711657437 11.621218351186348
798 9.939721711657437 9.941764510335556
799 9.939721711657437 10.92151996717118
800 9.939721711657437 9.940789787765485
801 9.939721711657437 10.376076502085755
802 9.939721711657437 10.085616360570267
803 9.939721711657437 9.940331617082597
804 9.939721711657437 10.975108057052042
805 9.939721711657437 10.071933758539458
806 9.939721711657437 9.939877098836723
807 9.939721711657437 10.019187213845237
808 9.939721711657437 9.939760229272963
809 9.939721711657437 14.910795716783097
810 9.93972171165742 10.515433266552213
811 9.93972171165742 10.036304569534668
812 9.93972171165742 9.939757463905698
813 9.93972171165742 12.014220596580605
814 9.93972171165742 9.939754303485964
815 9.93972171165742 11.4922311938458
816 9.93972171165742 9.939749760382595
817 9.93972171165742 11.265049954481547
818 9.93972171165742 9.93974106922833
819 9.93972171165742 11.172815637802556
820 9.93972171165742 10.066954297128827
821 9.93972171165742 10.09187474447858
822 9.93972171165742 9.939833970401718
823 9.93972171165742 10.068889308976615
824 9.93972171165742 9.939731785495367
825 9.93972171165742 11.482311328224428
826 9.93972171165742 10.372528496941802
827 9.93972171165742 10.048321463102035
828 9.93972171165742 9.93972388444603
829 9.93972171165742 10.34978769537533
830 9.93972171165742 9.939721711657464
831 9.93972171165742 9.939721711657464
832 9.93972171165742 9.939721711657464
833 9.93972171165742 9.939721711657464
834 9.93972171165742 9.939721711657464
835 9.93972171165742 9.939721711657462
836 9.93972171165742 9.939721711657462
837 9.93972171165742 9.939721711657462
838 9.93972171165742 9.939721711657462
839 9.93972171165742 9.939721711657462
840 9.93972171165742 9.939721711657462
841 9.93972171165742 9.939721711657462
842 9.93972171165742 9.939721711657462
843 9.93972171165742 9.939721711657462
844 9.93972171165742 9.939721711657462
845 9.93972171165742 9.939721711657462
846 9.93972171165742 9.939721711657462
847 9.93972171165742 9.939721711657462
848 9.93972171165742 9.939721711657462
849 9.93972171165742 9.939721711657462
850 9.93972171165742 9.939721711657462
851 9.93972171165742 9.939721711657462
852 9.93972171165742 9.939721711657462
853 9.93972171165742 9.939721711657462
854 9.93972171165742 9.939721711657462
855 9.93972171165742 9.939721711657462
856 9.93972171165742 9.939721711657462
857 9.93972171165742 9.939721711657462
858 9.93972171165742 9.939721711657462
859 9.93972171165742 9.939721711657462
860 9.93972171165742 9.939721711657462
861 9.93972171165742 9.939721711657462
862 9.93972171165742 9.939721711657462
863 9.93972171165742 9.939721711657462
864 9.93972171165742 9.939721711657462
865 9.93972171165742 9.939721711657462
866 9.93972171165742 9.939721711657462
867 9.93972171165742 9.939721711657462
868 9.93972171165742 9.939721711657462
869 9.93972171165742 9.939721711657462
870 9.93972171165742 9.939721711657462
871 9.93972171165742 9.939721711657462
872 9.93972171165742 9.939721711657462
873 9.93972171165742 9.939721711657462
874 9.93972171165742 9.939721711657462
875 9.93972171165742 9.939721711657462
876 9.93972171165742 9.939721711657462
877 9.93972171165742 9.939721711657462
878 9.93972171165742 9.939721711657462
879 9.93972171165742 9.939721711657462
880 9.93972171165742 9.939721711657462
881 9.93972171165742 9.939721711657462
882 9.93972171165742 9.939721711657462
883 9.93972171165742 9.939721711657462
884 9.93972171165742 9.939721711657462
885 9.93972171165742 9.939721711657462
886 9.93972171165742 9.939721711657462
887 9.93972171165742 9.939721711657462
888 9.93972171165742 9.939721711657462
889 9.93972171165742 9.939721711657462
890 9.93972171165742 9.939721711657462
891 9.93972171165742 9.939721711657462
892 9.93972171165742 9.939721711657462
893 9.93972171165742 9.939721711657462
894 9.93972171165742 9.939721711657462
895 9.93972171165742 9.939721711657462
896 9.93972171165742 9.939721711657462
897 9.93972171165742 9.939721711657462
898 9.93972171165742 9.939721711657462
899 9.93972171165742 9.939721711657462
900 9.93972171165742 9.939721711657462
901 9.93972171165742 9.939721711657462
902 9.93972171165742 9.939721711657462
903 9.93972171165742 9.939721711657462
904 9.93972171165742 9.939721711657462
905 9.93972171165742 9.939721711657462
906 9.93972171165742 9.93972171165746
907 9.93972171165742 9.93972171165746
908 9.93972171165742 9.93972171165746
909 9.93972171165742 9.93972171165746
910 9.93972171165742 9.93972171165746
911 9.93972171165742 9.93972171165746
912 9.93972171165742 9.93972171165746
913 9.93972171165742 9.93972171165746
914 9.93972171165742 9.93972171165746
915 9.93972171165742 9.93972171165746
916 9.93972171165742 9.93972171165746
917 9.93972171165742 9.93972171165746
918 9.93972171165742 9.93972171165746
919 9.93972171165742 9.93972171165746
920 9.93972171165742 9.93972171165746
921 9.93972171165742 9.93972171165746
922 9.93972171165742 9.93972171165746
923 9.93972171165742 9.939721711657462
924 9.93972171165742 9.939721711657462
925 9.93972171165742 9.939721711657462
926 9.93972171165742 9.939721711657462
927 9.93972171165742 9.939721711657462
928 9.93972171165742 9.939721711657462
929 9.93972171165742 9.939721711657462
930 9.93972171165742 9.939721711657462
931 9.93972171165742 9.939721711657462
932 9.93972171165742 9.939721711657462
933 9.93972171165742 9.939721711657462
934 9.93972171165742 9.939721711657462
935 9.93972171165742 9.939721711657462
936 9.93972171165742 9.939721711657462
937 9.93972171165742 9.93972171165746
938 9.93972171165742 9.93972171165746
939 9.93972171165742 9.939721711657462
940 9.93972171165742 9.939721711657462
941 9.93972171165742 9.93972171165746
942 9.93972171165742 9.939721711657462
943 9.93972171165742 9.939721711657462
944 9.93972171165742 9.939721711657462
945 9.93972171165742 9.939721711657462
946 9.93972171165742 9.939721711657462
947 9.93972171165742 9.939721711657462
948 9.93972171165742 9.939721711657462
949 9.93972171165742 9.939721711657462
950 9.93972171165742 9.93972171165746
951 9.93972171165742 9.93972171165746
952 9.93972171165742 9.93972171165746
953 9.93972171165742 9.93972171165746
954 9.93972171165742 9.93972171165746
955 9.93972171165742 9.93972171165746
956 9.93972171165742 9.93972171165746
957 9.93972171165742 9.93972171165746
958 9.93972171165742 9.93972171165746
959 9.93972171165742 9.93972171165746
960 9.93972171165742 9.93972171165746
961 9.93972171165742 9.93972171165746
962 9.93972171165742 9.93972171165746
963 9.93972171165742 9.939721711657462
964 9.93972171165742 9.939721711657462
965 9.93972171165742 9.939721711657462
966 9.93972171165742 9.939721711657462
967 9.93972171165742 9.939721711657462
968 9.93972171165742 9.939721711657462
969 9.93972171165742 9.93972171165746
970 9.93972171165742 9.93972171165746
971 9.93972171165742 9.939721711657462
972 9.93972171165742 9.939721711657462
973 9.93972171165742 9.939721711657462
974 9.93972171165742 9.939721711657462
975 9.93972171165742 9.939721711657462
976 9.93972171165742 9.939721711657462
977 9.93972171165742 9.939721711657462
978 9.93972171165742 9.93972171165746
979 9.93972171165742 9.93972171165746
980 9.93972171165742 9.93972171165746
981 9.93972171165742 9.93972171165746
982 9.93972171165742 9.93972171165746
983 9.93972171165742 9.93972171165746
984 9.93972171165742 9.93972171165746
985 9.93972171165742 9.93972171165746
986 9.93972171165742 9.939721711657462
987 9.93972171165742 9.939721711657462
988 9.93972171165742 9.939721711657462
989 9.93972171165742 9.93972171165746
990 9.93972171165742 9.939721711657462
991 9.93972171165742 9.93972171165746
992 9.93972171165742 9.93972171165746
993 9.93972171165742 9.93972171165746
994 9.93972171165742 9.93972171165746
995 9.93972171165742 9.93972171165746
996 9.93972171165742 9.93972171165746
997 9.93972171165742 9.93972171165746
998 9.93972171165742 9.93972171165746
999 9.93972171165742 9.93972171165746
1000 9.93972171165742 9.93972171165746
1001 9.93972171165742 9.93972171165746
1002 9.93972171165742 9.93972171165746
1003 9.93972171165742 9.93972171165746
1004 9.93972171165742 9.93972171165746
1005 9.93972171165742 9.93972171165746
1006 9.93972171165742 9.93972171165746
1007 9.93972171165742 9.93972171165746
1008 9.93972171165742 9.93972171165746
1009 9.93972171165742 9.93972171165746
1010 9.93972171165742 9.93972171165746
1011 9.93972171165742 9.93972171165746
1012 9.93972171165742 9.93972171165746
1013 9.93972171165742 9.93972171165746
1014 9.93972171165742 9.93972171165746
1015 9.93972171165742 9.93972171165746
1016 9.93972171165742 9.93972171165746
1017 9.93972171165742 9.93972171165746
1018 9.93972171165742 9.93972171165746
1019 9.93972171165742 9.93972171165746
1020 9.93972171165742 9.93972171165746
1021 9.93972171165742 9.93972171165746
1022 9.93972171165742 9.93972171165746
1023 9.93972171165742 9.93972171165746
1024 9.93972171165742 9.93972171165746
1025 9.93972171165742 9.93972171165746
1026 9.93972171165742 9.93972171165746
1027 9.93972171165742 9.93972171165746
1028 9.93972171165742 9.93972171165746
1029 9.93972171165742 9.93972171165746
1030 9.93972171165742 9.93972171165746
1031 9.93972171165742 9.93972171165746
1032 9.93972171165742 9.93972171165746
1033 9.93972171165742 9.93972171165746
1034 9.93972171165742 9.93972171165746
1035 9.93972171165742 9.93972171165746
1036 9.93972171165742 9.93972171165746
1037 9.93972171165742 9.93972171165746
1038 9.93972171165742 9.93972171165746
1039 9.93972171165742 9.93972171165746
1040 9.93972171165742 9.93972171165746
1041 9.93972171165742 9.93972171165746
1042 9.93972171165742 9.93972171165746
1043 9.93972171165742 9.93972171165746
1044 9.93972171165742 9.93972171165746
1045 9.93972171165742 9.93972171165746
1046 9.93972171165742 9.93972171165746
1047 9.93972171165742 9.93972171165746
1048 9.93972171165742 9.93972171165746
1049 9.93972171165742 9.93972171165746
1050 9.93972171165742 9.93972171165746
1051 9.93972171165742 9.93972171165746
1052 9.93972171165742 9.93972171165746
1053 9.93972171165742 9.93972171165746
1054 9.93972171165742 9.93972171165746
1055 9.93972171165742 9.93972171165746
1056 9.93972171165742 9.93972171165746
1057 9.93972171165742 9.93972171165746
1058 9.93972171165742 9.93972171165746
1059 9.93972171165742 9.93972171165746
1060 9.93972171165742 9.93972171165746
1061 9.93972171165742 9.93972171165746
1062 9.93972171165742 9.93972171165746
1063 9.93972171165742 9.93972171165746
1064 9.93972171165742 9.93972171165746
1065 9.93972171165742 9.93972171165746
1066 9.93972171165742 9.93972171165746
1067 9.93972171165742 9.93972171165746
1068 9.93972171165742 9.93972171165746
1069 9.93972171165742 9.93972171165746
1070 9.93972171165742 9.93972171165746
1071 9.93972171165742 9.93972171165746
1072 9.93972171165742 9.93972171165746
1073 9.93972171165742 9.93972171165746
1074 9.93972171165742 9.93972171165746
1075 9.93972171165742 9.93972171165746
1076 9.93972171165742 9.93972171165746
1077 9.93972171165742 9.93972171165746
1078 9.93972171165742 9.93972171165746
1079 9.93972171165742 9.93972171165746
1080 9.93972171165742 9.93972171165746
1081 9.93972171165742 9.93972171165746
1082 9.93972171165742 9.93972171165746
1083 9.93972171165742 9.93972171165746
1084 9.93972171165742 9.939721711657462
1085 9.93972171165742 9.939721711657462
1086 9.93972171165742 9.939721711657462
1087 9.93972171165742 9.939721711657462
1088 9.93972171165742 9.939721711657462
1089 9.93972171165742 9.939721711657462
1090 9.93972171165742 9.939721711657462
1091 9.93972171165742 9.939721711657462
1092 9.93972171165742 9.939721711657462
1093 9.93972171165742 9.939721711657462
1094 9.93972171165742 9.939721711657462
1095 9.93972171165742 9.939721711657462
1096 9.93972171165742 9.939721711657462
1097 9.93972171165742 9.939721711657462
1098 9.93972171165742 9.939721711657462
1099 9.93972171165742 9.939721711657462
1100 9.93972171165742 9.939721711657462
1101 9.93972171165742 9.939721711657462
1102 9.93972171165742 9.939721711657462
1103 9.93972171165742 9.939721711657462
1104 9.93972171165742 9.939721711657462
1105 9.93972171165742 9.939721711657462
1106 9.93972171165742 9.939721711657462
1107 9.93972171165742 9.939721711657462
1108 9.93972171165742 9.939721711657462
1109 9.93972171165742 9.939721711657462
1110 9.93972171165742 9.939721711657462
1111 9.93972171165742 9.939721711657462
1112 9.93972171165742 9.939721711657462
1113 9.93972171165742 9.939721711657462
1114 9.93972171165742 9.939721711657462
1115 9.93972171165742 9.939721711657462
1116 9.93972171165742 9.939721711657462
1117 9.93972171165742 9.939721711657462
1118 9.93972171165742 9.939721711657462
1119 9.93972171165742 9.939721711657462
1120 9.93972171165742 9.939721711657462
1121 9.93972171165742 9.939721711657462
1122 9.93972171165742 9.939721711657462
1123 9.93972171165742 9.939721711657462
1124 9.93972171165742 9.939721711657462
1125 9.93972171165742 9.939721711657462
1126 9.93972171165742 9.939721711657462
1127 9.93972171165742 9.939721711657462
1128 9.93972171165742 9.939721711657462
1129 9.93972171165742 9.939721711657462
1130 9.93972171165742 9.939721711657462
1131 9.93972171165742 9.939721711657462
1132 9.93972171165742 9.93972171165746
1133 9.93972171165742 9.939721711657462
1134 9.93972171165742 9.939721711657462
1135 9.93972171165742 9.939721711657462
1136 9.93972171165742 9.93972171165746
1137 9.93972171165742 9.93972171165746
1138 9.93972171165742 9.93972171165746
1139 9.93972171165742 9.93972171165746
1140 9.93972171165742 9.93972171165746
1141 9.93972171165742 9.93972171165746
1142 9.93972171165742 9.93972171165746
1143 9.93972171165742 9.93972171165746
1144 9.93972171165742 9.93972171165746
1145 9.93972171165742 9.93972171165746
1146 9.93972171165742 9.93972171165746
1147 9.93972171165742 9.93972171165746
1148 9.93972171165742 9.93972171165746
1149 9.93972171165742 9.93972171165746
1150 9.93972171165742 9.93972171165746
1151 9.93972171165742 9.93972171165746
1152 9.93972171165742 9.93972171165746
1153 9.93972171165742 9.93972171165746
1154 9.93972171165742 9.93972171165746
1155 9.93972171165742 9.93972171165746
1156 9.93972171165742 9.93972171165746
1157 9.93972171165742 9.93972171165746
1158 9.93972171165742 9.93972171165746
1159 9.93972171165742 9.93972171165746
1160 9.93972171165742 9.93972171165746
1161 9.93972171165742 9.93972171165746
1162 9.93972171165742 9.93972171165746
1163 9.93972171165742 9.93972171165746
1164 9.93972171165742 9.93972171165746
1165 9.93972171165742 9.93972171165746
1166 9.93972171165742 9.93972171165746
1167 9.93972171165742 9.93972171165746
1168 9.93972171165742 9.93972171165746
1169 9.93972171165742 9.93972171165746
1170 9.93972171165742 9.93972171165746
1171 9.93972171165742 9.93972171165746
1172 9.93972171165742 9.93972171165746
1173 9.93972171165742 9.93972171165746
1174 9.93972171165742 9.93972171165746
1175 9.93972171165742 9.93972171165746
1176 9.93972171165742 9.93972171165746
1177 9.93972171165742 9.93972171165746
1178 9.93972171165742 9.93972171165746
1179 9.93972171165742 9.93972171165746
1180 9.93972171165742 9.93972171165746
1181 9.93972171165742 9.93972171165746
1182 9.93972171165742 9.93972171165746
1183 9.93972171165742 9.93972171165746
1184 9.93972171165742 9.93972171165746
1185 9.93972171165742 9.93972171165746
1186 9.93972171165742 9.93972171165746
1187 9.93972171165742 9.93972171165746
1188 9.93972171165742 9.939721711657462
1189 9.93972171165742 9.93972171165746
1190 9.93972171165742 9.93972171165746
1191 9.93972171165742 9.93972171165746
1192 9.93972171165742 9.93972171165746
1193 9.93972171165742 9.93972171165746
1194 9.93972171165742 9.93972171165746
1195 9.93972171165742 9.93972171165746
1196 9.93972171165742 9.93972171165746
1197 9.93972171165742 9.93972171165746
1198 9.93972171165742 9.93972171165746
1199 9.93972171165742 9.93972171165746
1200 9.93972171165742 9.93972171165746
1201 9.93972171165742 9.93972171165746
1202 9.93972171165742 9.93972171165746
1203 9.93972171165742 9.93972171165746
1204 9.93972171165742 9.93972171165746
1205 9.93972171165742 9.93972171165746
1206 9.93972171165742 9.93972171165746
1207 9.93972171165742 9.93972171165746
1208 9.93972171165742 9.93972171165746
1209 9.93972171165742 9.93972171165746
1210 9.93972171165742 9.93972171165746
1211 9.93972171165742 9.93972171165746
1212 9.93972171165742 9.93972171165746
1213 9.93972171165742 9.93972171165746
1214 9.93972171165742 9.93972171165746
1215 9.93972171165742 9.93972171165746
1216 9.93972171165742 9.93972171165746
1217 9.93972171165742 9.93972171165746
1218 9.93972171165742 9.939721711657462
1219 9.93972171165742 9.939721711657462
1220 9.93972171165742 9.939721711657462
1221 9.93972171165742 9.939721711657462
1222 9.93972171165742 9.939721711657462
1223 9.93972171165742 9.939721711657462
1224 9.93972171165742 9.939721711657462
1225 9.93972171165742 9.939721711657462
1226 9.93972171165742 9.93972171165746
1227 9.93972171165742 9.93972171165746
1228 9.93972171165742 9.93972171165746
1229 9.93972171165742 9.93972171165746
1230 9.93972171165742 9.93972171165746
1231 9.93972171165742 9.93972171165746
1232 9.93972171165742 9.93972171165746
1233 9.93972171165742 9.93972171165746
1234 9.93972171165742 9.93972171165746
1235 9.93972171165742 9.93972171165746
1236 9.93972171165742 9.93972171165746
1237 9.93972171165742 9.93972171165746
1238 9.93972171165742 9.93972171165746
1239 9.93972171165742 9.93972171165746
1240 9.93972171165742 9.93972171165746
1241 9.93972171165742 9.93972171165746
1242 9.93972171165742 9.93972171165746
1243 9.93972171165742 9.93972171165746
1244 9.93972171165742 9.93972171165746
1245 9.93972171165742 9.93972171165746
1246 9.93972171165742 9.93972171165746
1247 9.93972171165742 9.93972171165746
1248 9.93972171165742 9.93972171165746
1249 9.93972171165742 9.93972171165746
1250 9.93972171165742 9.93972171165746
1251 9.93972171165742 9.93972171165746
1252 9.93972171165742 9.93972171165746
1253 9.93972171165742 9.93972171165746
1254 9.93972171165742 9.93972171165746
1255 9.93972171165742 9.93972171165746
1256 9.93972171165742 9.93972171165746
1257 9.93972171165742 9.93972171165746
1258 9.93972171165742 9.93972171165746
1259 9.93972171165742 9.93972171165746
1260 9.93972171165742 9.93972171165746
1261 9.93972171165742 9.93972171165746
1262 9.93972171165742 9.93972171165746
1263 9.93972171165742 9.93972171165746
1264 9.93972171165742 9.93972171165746
1265 9.93972171165742 9.93972171165746
1266 9.93972171165742 9.93972171165746
1267 9.93972171165742 9.93972171165746
1268 9.93972171165742 9.93972171165746
1269 9.93972171165742 9.93972171165746
1270 9.93972171165742 9.93972171165746
1271 9.93972171165742 9.93972171165746
1272 9.93972171165742 9.93972171165746
1273 9.93972171165742 9.93972171165746
1274 9.93972171165742 9.93972171165746
1275 9.93972171165742 9.93972171165746
1276 9.93972171165742 9.93972171165746
1277 9.93972171165742 9.93972171165746
1278 9.93972171165742 9.93972171165746
1279 9.93972171165742 9.93972171165746
1280 9.93972171165742 9.93972171165746
1281 9.93972171165742 9.93972171165746
1282 9.93972171165742 9.93972171165746
1283 9.93972171165742 9.93972171165746
1284 9.93972171165742 9.93972171165746
1285 9.93972171165742 9.93972171165746
1286 9.93972171165742 9.93972171165746
1287 9.93972171165742 9.93972171165746
1288 9.93972171165742 9.93972171165746
1289 9.93972171165742 9.93972171165746
1290 9.93972171165742 9.93972171165746
1291 9.93972171165742 9.93972171165746
1292 9.93972171165742 9.939721711657462
1293 9.93972171165742 9.939721711657462
1294 9.93972171165742 9.939721711657462
1295 9.93972171165742 9.939721711657462
1296 9.93972171165742 9.93972171165746
1297 9.93972171165742 9.93972171165746
1298 9.93972171165742 9.93972171165746
1299 9.93972171165742 9.939721711657462
1300 9.93972171165742 9.939721711657462
1301 9.93972171165742 9.939721711657462
1302 9.93972171165742 9.939721711657462
1303 9.93972171165742 9.939721711657462
1304 9.93972171165742 9.939721711657462
1305 9.93972171165742 9.939721711657462
1306 9.93972171165742 9.939721711657462
1307 9.93972171165742 9.939721711657462
1308 9.93972171165742 9.93972171165746
1309 9.93972171165742 9.93972171165746
1310 9.93972171165742 9.93972171165746
1311 9.93972171165742 9.93972171165746
1312 9.93972171165742 9.939721711657462
1313 9.93972171165742 9.939721711657462
1314 9.93972171165742 9.939721711657462
1315 9.93972171165742 9.939721711657462
1316 9.93972171165742 9.93972171165746
1317 9.93972171165742 9.93972171165746
1318 9.93972171165742 9.93972171165746
1319 9.93972171165742 9.93972171165746
1320 9.93972171165742 9.93972171165746
1321 9.93972171165742 9.93972171165746
1322 9.93972171165742 9.93972171165746
1323 9.93972171165742 9.93972171165746
1324 9.93972171165742 9.93972171165746
1325 9.93972171165742 9.93972171165746
1326 9.93972171165742 9.93972171165746
1327 9.93972171165742 9.93972171165746
1328 9.93972171165742 9.93972171165746
1329 9.93972171165742 9.93972171165746
1330 9.93972171165742 9.93972171165746
1331 9.93972171165742 9.93972171165746
1332 9.93972171165742 9.93972171165746
1333 9.93972171165742 9.93972171165746
1334 9.93972171165742 9.93972171165746
1335 9.93972171165742 9.93972171165746
1336 9.93972171165742 9.93972171165746
1337 9.93972171165742 9.93972171165746
1338 9.93972171165742 9.93972171165746
1339 9.93972171165742 9.93972171165746
1340 9.93972171165742 9.93972171165746
1341 9.93972171165742 9.93972171165746
1342 9.93972171165742 9.93972171165746
1343 9.93972171165742 9.93972171165746
1344 9.93972171165742 9.939721711657462
1345 9.93972171165742 9.939721711657462
1346 9.93972171165742 9.939721711657462
1347 9.93972171165742 9.939721711657462
1348 9.93972171165742 9.939721711657462
1349 9.93972171165742 9.939721711657462
1350 9.93972171165742 9.939721711657462
1351 9.93972171165742 9.939721711657462
1352 9.93972171165742 9.939721711657462
1353 9.93972171165742 9.939721711657462
1354 9.93972171165742 9.939721711657462
1355 9.93972171165742 9.939721711657462
1356 9.93972171165742 9.939721711657462
1357 9.93972171165742 9.939721711657462
1358 9.93972171165742 9.939721711657462
1359 9.93972171165742 9.939721711657462
1360 9.93972171165742 9.939721711657462
1361 9.93972171165742 9.939721711657462
1362 9.93972171165742 9.939721711657462
1363 9.93972171165742 9.939721711657462
1364 9.93972171165742 9.939721711657462
1365 9.93972171165742 9.939721711657462
1366 9.93972171165742 9.939721711657462
1367 9.93972171165742 9.939721711657462
1368 9.93972171165742 9.939721711657462
1369 9.93972171165742 9.939721711657462
1370 9.93972171165742 9.939721711657462
1371 9.93972171165742 9.939721711657462
1372 9.93972171165742 9.939721711657462
1373 9.93972171165742 9.939721711657462
1374 9.93972171165742 9.939721711657462
1375 9.93972171165742 9.939721711657462
1376 9.93972171165742 9.939721711657462
1377 9.93972171165742 9.939721711657462
1378 9.93972171165742 9.939721711657462
1379 9.93972171165742 9.939721711657462
1380 9.93972171165742 9.93972171165746
1381 9.93972171165742 9.93972171165746
1382 9.93972171165742 9.93972171165746
1383 9.93972171165742 9.93972171165746
1384 9.93972171165742 9.93972171165746
1385 9.93972171165742 9.93972171165746
1386 9.93972171165742 9.939721711657462
1387 9.93972171165742 9.939721711657462
1388 9.93972171165742 9.939721711657462
1389 9.93972171165742 9.939721711657462
1390 9.93972171165742 9.939721711657462
1391 9.93972171165742 9.939721711657462
1392 9.93972171165742 9.939721711657462
1393 9.93972171165742 9.939721711657462
1394 9.93972171165742 9.939721711657462
1395 9.93972171165742 9.939721711657462
1396 9.93972171165742 9.939721711657462
1397 9.93972171165742 9.939721711657462
1398 9.93972171165742 9.939721711657462
1399 9.93972171165742 9.939721711657462
1400 9.93972171165742 9.939721711657462
1401 9.93972171165742 9.939721711657462
1402 9.93972171165742 9.939721711657462
1403 9.93972171165742 9.939721711657462
1404 9.93972171165742 9.939721711657462
1405 9.93972171165742 9.939721711657462
1406 9.93972171165742 9.939721711657462
1407 9.93972171165742 9.939721711657462
1408 9.93972171165742 9.939721711657462
1409 9.93972171165742 9.939721711657462
1410 9.93972171165742 9.939721711657462
1411 9.93972171165742 9.939721711657462
1412 9.93972171165742 9.939721711657462
1413 9.93972171165742 9.939721711657462
1414 9.93972171165742 9.939721711657462
1415 9.93972171165742 9.939721711657462
1416 9.93972171165742 9.939721711657462
1417 9.93972171165742 9.939721711657462
1418 9.93972171165742 9.939721711657462
1419 9.93972171165742 9.939721711657462
1420 9.93972171165742 9.939721711657462
1421 9.93972171165742 9.939721711657462
1422 9.93972171165742 9.939721711657462
1423 9.93972171165742 9.939721711657462
1424 9.93972171165742 9.939721711657462
1425 9.93972171165742 9.939721711657462
1426 9.93972171165742 9.939721711657462
1427 9.93972171165742 9.939721711657462
1428 9.93972171165742 9.939721711657462
1429 9.93972171165742 9.939721711657462
1430 9.93972171165742 9.939721711657462
1431 9.93972171165742 9.939721711657462
1432 9.93972171165742 9.939721711657462
1433 9.93972171165742 9.939721711657462
1434 9.93972171165742 9.939721711657462
1435 9.93972171165742 9.939721711657462
1436 9.93972171165742 9.939721711657462
1437 9.93972171165742 9.939721711657462
1438 9.93972171165742 9.939721711657462
1439 9.93972171165742 9.939721711657462
1440 9.93972171165742 9.939721711657462
1441 9.93972171165742 9.939721711657462
1442 9.93972171165742 9.939721711657462
1443 9.93972171165742 9.939721711657462
1444 9.93972171165742 9.939721711657462
1445 9.93972171165742 9.939721711657462
1446 9.93972171165742 9.939721711657462
1447 9.93972171165742 9.939721711657462
1448 9.93972171165742 9.93972171165746
1449 9.93972171165742 9.93972171165746
1450 9.93972171165742 9.93972171165746
1451 9.93972171165742 9.93972171165746
1452 9.93972171165742 9.93972171165746
1453 9.93972171165742 9.93972171165746
1454 9.93972171165742 9.93972171165746
1455 9.93972171165742 9.93972171165746
1456 9.93972171165742 9.93972171165746
1457 9.93972171165742 9.93972171165746
1458 9.93972171165742 9.93972171165746
1459 9.93972171165742 9.93972171165746
1460 9.93972171165742 9.93972171165746
1461 9.93972171165742 9.93972171165746
1462 9.93972171165742 9.93972171165746
1463 9.93972171165742 9.93972171165746
1464 9.93972171165742 9.93972171165746
1465 9.93972171165742 9.93972171165746
1466 9.93972171165742 9.93972171165746
1467 9.93972171165742 9.93972171165746
1468 9.93972171165742 9.93972171165746
1469 9.93972171165742 9.93972171165746
1470 9.93972171165742 9.93972171165746
1471 9.93972171165742 9.93972171165746
1472 9.93972171165742 9.93972171165746
1473 9.93972171165742 9.93972171165746
1474 9.93972171165742 9.93972171165746
1475 9.93972171165742 9.93972171165746
1476 9.93972171165742 9.93972171165746
1477 9.93972171165742 9.93972171165746
1478 9.93972171165742 9.93972171165746
1479 9.93972171165742 9.93972171165746
1480 9.93972171165742 9.93972171165746
1481 9.93972171165742 9.93972171165746
1482 9.93972171165742 9.93972171165746
1483 9.93972171165742 9.93972171165746
1484 9.93972171165742 9.93972171165746
1485 9.93972171165742 9.93972171165746
1486 9.93972171165742 9.93972171165746
1487 9.93972171165742 9.93972171165746
1488 9.93972171165742 9.93972171165746
1489 9.93972171165742 9.93972171165746
1490 9.93972171165742 9.93972171165746
1491 9.93972171165742 9.93972171165746
1492 9.93972171165742 9.93972171165746
1493 9.93972171165742 9.93972171165746
1494 9.93972171165742 9.93972171165746
1495 9.93972171165742 9.93972171165746
1496 9.93972171165742 9.93972171165746
1497 9.93972171165742 9.93972171165746
1498 9.93972171165742 9.93972171165746
1499 9.93972171165742 9.93972171165746
1500 9.93972171165742 9.93972171165746
1501 9.93972171165742 9.93972171165746
1502 9.93972171165742 9.93972171165746
1503 9.93972171165742 9.93972171165746
1504 9.93972171165742 9.93972171165746
1505 9.93972171165742 9.93972171165746
1506 9.93972171165742 9.93972171165746
1507 9.93972171165742 9.93972171165746
1508 9.93972171165742 9.93972171165746
1509 9.93972171165742 9.93972171165746
1510 9.93972171165742 9.93972171165746
1511 9.93972171165742 9.93972171165746
1512 9.93972171165742 9.93972171165746
1513 9.93972171165742 9.93972171165746
1514 9.93972171165742 9.93972171165746
1515 9.93972171165742 9.93972171165746
1516 9.93972171165742 9.93972171165746
1517 9.93972171165742 9.93972171165746
1518 9.93972171165742 9.93972171165746
1519 9.93972171165742 9.93972171165746
1520 9.93972171165742 9.93972171165746
1521 9.93972171165742 9.93972171165746
1522 9.93972171165742 9.93972171165746
1523 9.93972171165742 9.93972171165746
1524 9.93972171165742 9.93972171165746
1525 9.93972171165742 9.93972171165746
1526 9.93972171165742 9.93972171165746
1527 9.93972171165742 9.93972171165746
1528 9.93972171165742 9.93972171165746
1529 9.93972171165742 9.93972171165746
1530 9.93972171165742 9.93972171165746
1531 9.93972171165742 9.93972171165746
1532 9.93972171165742 9.93972171165746
1533 9.93972171165742 9.93972171165746
1534 9.93972171165742 9.93972171165746
1535 9.93972171165742 9.93972171165746
1536 9.93972171165742 9.93972171165746
1537 9.93972171165742 9.93972171165746
1538 9.93972171165742 9.93972171165746
1539 9.93972171165742 9.93972171165746
1540 9.93972171165742 9.93972171165746
1541 9.93972171165742 9.93972171165746
1542 9.93972171165742 9.93972171165746
1543 9.93972171165742 9.93972171165746
1544 9.93972171165742 9.93972171165746
1545 9.93972171165742 9.93972171165746
1546 9.93972171165742 9.93972171165746
1547 9.93972171165742 9.93972171165746
1548 9.93972171165742 9.93972171165746
1549 9.93972171165742 9.93972171165746
1550 9.93972171165742 9.93972171165746
1551 9.93972171165742 9.93972171165746
1552 9.93972171165742 9.93972171165746
1553 9.93972171165742 9.93972171165746
1554 9.93972171165742 9.93972171165746
1555 9.93972171165742 9.93972171165746
1556 9.93972171165742 9.93972171165746
1557 9.93972171165742 9.93972171165746
1558 9.93972171165742 9.93972171165746
1559 9.93972171165742 9.93972171165746
1560 9.93972171165742 9.93972171165746
1561 9.93972171165742 9.93972171165746
1562 9.93972171165742 9.93972171165746
1563 9.93972171165742 9.93972171165746
1564 9.93972171165742 9.93972171165746
1565 9.93972171165742 9.93972171165746
1566 9.93972171165742 9.93972171165746
1567 9.93972171165742 9.93972171165746
1568 9.93972171165742 9.93972171165746
1569 9.93972171165742 9.93972171165746
1570 9.93972171165742 9.93972171165746
1571 9.93972171165742 9.93972171165746
1572 9.93972171165742 9.93972171165746
1573 9.93972171165742 9.93972171165746
1574 9.93972171165742 9.93972171165746
1575 9.93972171165742 9.93972171165746
1576 9.93972171165742 9.93972171165746
1577 9.93972171165742 9.93972171165746
1578 9.93972171165742 9.93972171165746
1579 9.93972171165742 9.93972171165746
1580 9.93972171165742 9.93972171165746
1581 9.93972171165742 9.939721711657462
1582 9.93972171165742 9.939721711657462
1583 9.93972171165742 9.939721711657462
1584 9.93972171165742 9.93972171165746
1585 9.93972171165742 9.93972171165746
1586 9.93972171165742 9.93972171165746
1587 9.93972171165742 9.93972171165746
1588 9.93972171165742 9.93972171165746
1589 9.93972171165742 9.93972171165746
1590 9.93972171165742 9.939721711657462
1591 9.93972171165742 9.939721711657462
1592 9.93972171165742 9.939721711657462
1593 9.93972171165742 9.939721711657462
1594 9.93972171165742 9.939721711657462
1595 9.93972171165742 9.93972171165746
1596 9.93972171165742 9.93972171165746
1597 9.93972171165742 9.93972171165746
1598 9.93972171165742 9.93972171165746
1599 9.93972171165742 9.93972171165746
1600 9.93972171165742 9.93972171165746
1601 9.93972171165742 9.93972171165746
1602 9.93972171165742 9.93972171165746
1603 9.93972171165742 9.93972171165746
1604 9.93972171165742 9.93972171165746
1605 9.93972171165742 9.93972171165746
1606 9.93972171165742 9.93972171165746
1607 9.93972171165742 9.93972171165746
1608 9.93972171165742 9.93972171165746
1609 9.93972171165742 9.93972171165746
1610 9.93972171165742 9.93972171165746
1611 9.93972171165742 9.93972171165746
1612 9.93972171165742 9.93972171165746
1613 9.93972171165742 9.93972171165746
1614 9.93972171165742 9.93972171165746
1615 9.93972171165742 9.93972171165746
1616 9.93972171165742 9.93972171165746
1617 9.93972171165742 9.93972171165746
1618 9.93972171165742 9.93972171165746
1619 9.93972171165742 9.93972171165746
1620 9.93972171165742 9.93972171165746
1621 9.93972171165742 9.93972171165746
1622 9.93972171165742 9.93972171165746
1623 9.93972171165742 9.93972171165746
1624 9.93972171165742 9.93972171165746
1625 9.93972171165742 9.93972171165746
1626 9.93972171165742 9.93972171165746
1627 9.93972171165742 9.93972171165746
1628 9.93972171165742 9.93972171165746
1629 9.93972171165742 9.93972171165746
1630 9.93972171165742 9.93972171165746
1631 9.93972171165742 9.93972171165746
1632 9.93972171165742 9.93972171165746
1633 9.93972171165742 9.93972171165746
1634 9.93972171165742 9.93972171165746
1635 9.93972171165742 9.93972171165746
1636 9.93972171165742 9.93972171165746
1637 9.93972171165742 9.93972171165746
1638 9.93972171165742 9.93972171165746
1639 9.93972171165742 9.93972171165746
1640 9.93972171165742 9.93972171165746
1641 9.93972171165742 9.93972171165746
1642 9.93972171165742 9.93972171165746
1643 9.93972171165742 9.93972171165746
1644 9.93972171165742 9.93972171165746
1645 9.93972171165742 9.93972171165746
1646 9.93972171165742 9.93972171165746
1647 9.93972171165742 9.93972171165746
1648 9.93972171165742 9.93972171165746
1649 9.93972171165742 9.93972171165746
1650 9.93972171165742 9.93972171165746
1651 9.93972171165742 9.93972171165746
1652 9.93972171165742 9.93972171165746
1653 9.93972171165742 9.93972171165746
1654 9.93972171165742 9.93972171165746
1655 9.93972171165742 9.93972171165746
1656 9.93972171165742 9.93972171165746
1657 9.93972171165742 9.93972171165746
1658 9.93972171165742 9.93972171165746
1659 9.93972171165742 9.93972171165746
1660 9.93972171165742 9.93972171165746
1661 9.93972171165742 9.93972171165746
1662 9.93972171165742 9.93972171165746
1663 9.93972171165742 9.93972171165746
1664 9.93972171165742 9.93972171165746
1665 9.93972171165742 9.93972171165746
1666 9.93972171165742 9.93972171165746
1667 9.93972171165742 9.93972171165746
1668 9.93972171165742 9.93972171165746
1669 9.93972171165742 9.93972171165746
1670 9.93972171165742 9.93972171165746
1671 9.93972171165742 9.93972171165746
1672 9.93972171165742 9.93972171165746
1673 9.93972171165742 9.93972171165746
1674 9.93972171165742 9.93972171165746
1675 9.93972171165742 9.93972171165746
1676 9.93972171165742 9.93972171165746
1677 9.93972171165742 9.93972171165746
1678 9.93972171165742 9.93972171165746
1679 9.93972171165742 9.93972171165746
1680 9.93972171165742 9.93972171165746
1681 9.93972171165742 9.93972171165746
1682 9.93972171165742 9.93972171165746
1683 9.93972171165742 9.93972171165746
1684 9.93972171165742 9.93972171165746
1685 9.93972171165742 9.93972171165746
1686 9.93972171165742 9.93972171165746
1687 9.93972171165742 9.93972171165746
1688 9.93972171165742 9.93972171165746
1689 9.93972171165742 9.93972171165746
1690 9.93972171165742 9.93972171165746
1691 9.93972171165742 9.93972171165746
1692 9.93972171165742 9.93972171165746
1693 9.93972171165742 9.93972171165746
1694 9.93972171165742 9.93972171165746
1695 9.93972171165742 9.93972171165746
1696 9.93972171165742 9.93972171165746
1697 9.93972171165742 9.93972171165746
1698 9.93972171165742 9.93972171165746
1699 9.93972171165742 9.93972171165746
1700 9.93972171165742 9.93972171165746
1701 9.93972171165742 9.93972171165746
1702 9.93972171165742 9.93972171165746
1703 9.93972171165742 9.93972171165746
1704 9.93972171165742 9.93972171165746
1705 9.93972171165742 9.93972171165746
1706 9.93972171165742 9.93972171165746
1707 9.93972171165742 9.93972171165746
1708 9.93972171165742 9.93972171165746
1709 9.93972171165742 9.93972171165746
1710 9.93972171165742 9.93972171165746
1711 9.93972171165742 9.93972171165746
1712 9.93972171165742 9.93972171165746
1713 9.93972171165742 9.93972171165746
1714 9.93972171165742 9.93972171165746
1715 9.93972171165742 9.93972171165746
1716 9.93972171165742 9.93972171165746
1717 9.93972171165742 9.93972171165746
1718 9.93972171165742 9.93972171165746
1719 9.93972171165742 9.93972171165746
1720 9.93972171165742 9.93972171165746
1721 9.93972171165742 9.93972171165746
1722 9.93972171165742 9.93972171165746
1723 9.93972171165742 9.93972171165746
1724 9.93972171165742 9.93972171165746
1725 9.93972171165742 9.93972171165746
1726 9.93972171165742 9.93972171165746
1727 9.93972171165742 9.93972171165746
1728 9.93972171165742 9.93972171165746
1729 9.93972171165742 9.93972171165746
1730 9.93972171165742 9.93972171165746
1731 9.93972171165742 9.93972171165746
1732 9.93972171165742 9.93972171165746
1733 9.93972171165742 9.93972171165746
1734 9.93972171165742 9.93972171165746
1735 9.93972171165742 9.93972171165746
1736 9.93972171165742 9.93972171165746
1737 9.93972171165742 9.93972171165746
1738 9.93972171165742 9.93972171165746
1739 9.93972171165742 9.93972171165746
1740 9.93972171165742 9.93972171165746
1741 9.93972171165742 9.93972171165746
1742 9.93972171165742 9.93972171165746
1743 9.93972171165742 9.93972171165746
1744 9.93972171165742 9.93972171165746
1745 9.93972171165742 9.93972171165746
1746 9.93972171165742 9.93972171165746
1747 9.93972171165742 9.93972171165746
1748 9.93972171165742 9.93972171165746
1749 9.93972171165742 9.93972171165746
1750 9.93972171165742 9.93972171165746
1751 9.93972171165742 9.93972171165746
1752 9.93972171165742 9.93972171165746
1753 9.93972171165742 9.93972171165746
1754 9.93972171165742 9.93972171165746
1755 9.93972171165742 9.93972171165746
1756 9.93972171165742 9.93972171165746
1757 9.93972171165742 9.93972171165746
1758 9.93972171165742 9.93972171165746
1759 9.93972171165742 9.93972171165746
1760 9.93972171165742 9.939721711657462
1761 9.93972171165742 9.939721711657462
1762 9.93972171165742 9.939721711657462
1763 9.93972171165742 9.939721711657462
1764 9.93972171165742 9.939721711657462
1765 9.93972171165742 9.93972171165746
1766 9.93972171165742 9.93972171165746
1767 9.93972171165742 9.93972171165746
1768 9.93972171165742 9.93972171165746
1769 9.93972171165742 9.93972171165746
1770 9.93972171165742 9.93972171165746
1771 9.93972171165742 9.93972171165746
1772 9.93972171165742 9.93972171165746
1773 9.93972171165742 9.93972171165746
1774 9.93972171165742 9.93972171165746
1775 9.93972171165742 9.93972171165746
1776 9.93972171165742 9.93972171165746
1777 9.93972171165742 9.93972171165746
1778 9.93972171165742 9.93972171165746
1779 9.93972171165742 9.93972171165746
1780 9.93972171165742 9.93972171165746
1781 9.93972171165742 9.93972171165746
1782 9.93972171165742 9.93972171165746
1783 9.93972171165742 9.93972171165746
1784 9.93972171165742 9.93972171165746
1785 9.93972171165742 9.939721711657462
1786 9.93972171165742 9.939721711657462
1787 9.93972171165742 9.939721711657462
1788 9.93972171165742 9.939721711657462
1789 9.93972171165742 9.939721711657462
1790 9.93972171165742 9.939721711657462
1791 9.93972171165742 9.93972171165746
1792 9.93972171165742 9.93972171165746
1793 9.93972171165742 9.93972171165746
1794 9.93972171165742 9.93972171165746
1795 9.93972171165742 9.93972171165746
1796 9.93972171165742 9.93972171165746
1797 9.93972171165742 9.93972171165746
1798 9.93972171165742 9.93972171165746
1799 9.93972171165742 9.93972171165746
1800 9.93972171165742 9.93972171165746
1801 9.93972171165742 9.939721711657462
1802 9.93972171165742 9.939721711657462
1803 9.93972171165742 9.939721711657462
1804 9.93972171165742 9.93972171165746
1805 9.93972171165742 9.93972171165746
1806 9.93972171165742 9.939721711657462
1807 9.93972171165742 9.939721711657462
1808 9.93972171165742 9.939721711657462
1809 9.93972171165742 9.93972171165746
1810 9.93972171165742 9.93972171165746
1811 9.93972171165742 9.93972171165746
1812 9.93972171165742 9.93972171165746
1813 9.93972171165742 9.93972171165746
1814 9.93972171165742 9.93972171165746
1815 9.93972171165742 9.93972171165746
1816 9.93972171165742 9.93972171165746
1817 9.93972171165742 9.93972171165746
1818 9.93972171165742 9.93972171165746
1819 9.93972171165742 9.93972171165746
1820 9.93972171165742 9.93972171165746
1821 9.93972171165742 9.93972171165746
1822 9.93972171165742 9.93972171165746
1823 9.93972171165742 9.93972171165746
1824 9.93972171165742 9.93972171165746
1825 9.93972171165742 9.93972171165746
1826 9.93972171165742 9.93972171165746
1827 9.93972171165742 9.93972171165746
1828 9.93972171165742 9.93972171165746
1829 9.93972171165742 9.93972171165746
1830 9.93972171165742 9.93972171165746
1831 9.93972171165742 9.93972171165746
1832 9.93972171165742 9.93972171165746
1833 9.93972171165742 9.93972171165746
1834 9.93972171165742 9.93972171165746
1835 9.93972171165742 9.93972171165746
1836 9.93972171165742 9.93972171165746
1837 9.93972171165742 9.93972171165746
1838 9.93972171165742 9.93972171165746
1839 9.93972171165742 9.93972171165746
1840 9.93972171165742 9.93972171165746
1841 9.93972171165742 9.93972171165746
1842 9.93972171165742 9.93972171165746
1843 9.93972171165742 9.93972171165746
1844 9.93972171165742 9.93972171165746
1845 9.93972171165742 9.93972171165746
1846 9.93972171165742 9.93972171165746
1847 9.93972171165742 9.939721711657462
1848 9.93972171165742 9.939721711657462
1849 9.93972171165742 9.93972171165746
1850 9.93972171165742 9.93972171165746
1851 9.93972171165742 9.93972171165746
1852 9.93972171165742 9.93972171165746
1853 9.93972171165742 9.93972171165746
1854 9.93972171165742 9.93972171165746
1855 9.93972171165742 9.939721711657462
1856 9.93972171165742 9.939721711657462
1857 9.93972171165742 9.939721711657462
1858 9.93972171165742 9.939721711657462
1859 9.93972171165742 9.939721711657462
1860 9.93972171165742 9.939721711657462
1861 9.93972171165742 9.93972171165746
1862 9.93972171165742 9.93972171165746
1863 9.93972171165742 9.93972171165746
1864 9.93972171165742 9.93972171165746
1865 9.93972171165742 9.93972171165746
1866 9.93972171165742 9.93972171165746
1867 9.93972171165742 9.93972171165746
1868 9.93972171165742 9.93972171165746
1869 9.93972171165742 9.93972171165746
1870 9.93972171165742 9.93972171165746
1871 9.93972171165742 9.93972171165746
1872 9.93972171165742 9.93972171165746
1873 9.93972171165742 9.93972171165746
1874 9.93972171165742 9.93972171165746
1875 9.93972171165742 9.93972171165746
1876 9.93972171165742 9.93972171165746
1877 9.93972171165742 9.93972171165746
1878 9.93972171165742 9.93972171165746
1879 9.93972171165742 9.93972171165746
1880 9.93972171165742 9.93972171165746
1881 9.93972171165742 9.93972171165746
1882 9.93972171165742 9.93972171165746
1883 9.93972171165742 9.93972171165746
1884 9.93972171165742 9.93972171165746
1885 9.93972171165742 9.93972171165746
1886 9.93972171165742 9.93972171165746
1887 9.93972171165742 9.93972171165746
1888 9.93972171165742 9.93972171165746
1889 9.93972171165742 9.93972171165746
1890 9.93972171165742 9.93972171165746
1891 9.93972171165742 9.93972171165746
1892 9.93972171165742 9.93972171165746
1893 9.93972171165742 9.93972171165746
1894 9.93972171165742 9.93972171165746
1895 9.93972171165742 9.93972171165746
1896 9.93972171165742 9.93972171165746
1897 9.93972171165742 9.93972171165746
1898 9.93972171165742 9.93972171165746
1899 9.93972171165742 9.93972171165746
1900 9.93972171165742 9.93972171165746
1901 9.93972171165742 9.93972171165746
1902 9.93972171165742 9.93972171165746
1903 9.93972171165742 9.93972171165746
1904 9.93972171165742 9.93972171165746
1905 9.93972171165742 9.93972171165746
1906 9.93972171165742 9.93972171165746
1907 9.93972171165742 9.93972171165746
1908 9.93972171165742 9.93972171165746
1909 9.93972171165742 9.93972171165746
1910 9.93972171165742 9.93972171165746
1911 9.93972171165742 9.93972171165746
1912 9.93972171165742 9.93972171165746
1913 9.93972171165742 9.93972171165746
1914 9.93972171165742 9.93972171165746
1915 9.93972171165742 9.93972171165746
1916 9.93972171165742 9.93972171165746
1917 9.93972171165742 9.93972171165746
1918 9.93972171165742 9.93972171165746
1919 9.93972171165742 9.93972171165746
1920 9.93972171165742 9.93972171165746
1921 9.93972171165742 9.93972171165746
1922 9.93972171165742 9.93972171165746
1923 9.93972171165742 9.93972171165746
1924 9.93972171165742 9.93972171165746
1925 9.93972171165742 9.93972171165746
1926 9.93972171165742 9.93972171165746
1927 9.93972171165742 9.93972171165746
1928 9.93972171165742 9.93972171165746
1929 9.93972171165742 9.93972171165746
1930 9.93972171165742 9.93972171165746
1931 9.93972171165742 9.93972171165746
1932 9.93972171165742 9.93972171165746
1933 9.93972171165742 9.93972171165746
1934 9.93972171165742 9.93972171165746
1935 9.93972171165742 9.93972171165746
1936 9.93972171165742 9.93972171165746
1937 9.93972171165742 9.93972171165746
1938 9.93972171165742 9.93972171165746
1939 9.93972171165742 9.93972171165746
1940 9.93972171165742 9.93972171165746
1941 9.93972171165742 9.93972171165746
1942 9.93972171165742 9.93972171165746
1943 9.93972171165742 9.93972171165746
1944 9.93972171165742 9.93972171165746
1945 9.93972171165742 9.93972171165746
1946 9.93972171165742 9.93972171165746
1947 9.93972171165742 9.93972171165746
1948 9.93972171165742 9.93972171165746
1949 9.93972171165742 9.93972171165746
1950 9.93972171165742 9.93972171165746
1951 9.93972171165742 9.93972171165746
1952 9.93972171165742 9.93972171165746
1953 9.93972171165742 9.93972171165746
1954 9.93972171165742 9.93972171165746
1955 9.93972171165742 9.93972171165746
1956 9.93972171165742 9.93972171165746
1957 9.93972171165742 9.93972171165746
1958 9.93972171165742 9.93972171165746
1959 9.93972171165742 9.93972171165746
1960 9.93972171165742 9.93972171165746
1961 9.93972171165742 9.93972171165746
1962 9.93972171165742 9.93972171165746
1963 9.93972171165742 9.93972171165746
1964 9.93972171165742 9.93972171165746
1965 9.93972171165742 9.93972171165746
1966 9.93972171165742 9.93972171165746
1967 9.93972171165742 9.93972171165746
1968 9.93972171165742 9.93972171165746
1969 9.93972171165742 9.93972171165746
1970 9.93972171165742 9.93972171165746
1971 9.93972171165742 9.93972171165746
1972 9.93972171165742 9.93972171165746
1973 9.93972171165742 9.93972171165746
1974 9.93972171165742 9.93972171165746
1975 9.93972171165742 9.93972171165746
1976 9.93972171165742 9.93972171165746
1977 9.93972171165742 9.93972171165746
1978 9.93972171165742 9.93972171165746
1979 9.93972171165742 9.93972171165746
1980 9.93972171165742 9.93972171165746
1981 9.93972171165742 9.93972171165746
1982 9.93972171165742 9.93972171165746
1983 9.93972171165742 9.93972171165746
1984 9.93972171165742 9.93972171165746
1985 9.93972171165742 9.93972171165746
1986 9.93972171165742 9.93972171165746
1987 9.93972171165742 9.93972171165746
1988 9.93972171165742 9.93972171165746
1989 9.93972171165742 9.93972171165746
1990 9.93972171165742 9.93972171165746
1991 9.93972171165742 9.93972171165746
1992 9.93972171165742 9.93972171165746
1993 9.93972171165742 9.93972171165746
1994 9.93972171165742 9.93972171165746
1995 9.93972171165742 9.93972171165746
1996 9.93972171165742 9.93972171165746
1997 9.93972171165742 9.93972171165746
1998 9.93972171165742 9.93972171165746
1999 9.93972171165742 9.93972171165746
2000 9.93972171165742 9.93972171165746
2001 9.93972171165742 9.93972171165746
2002 9.93972171165742 9.93972171165746
2003 9.93972171165742 9.93972171165746
2004 9.93972171165742 9.93972171165746
2005 9.93972171165742 9.93972171165746
2006 9.93972171165742 9.93972171165746
2007 9.93972171165742 9.93972171165746
2008 9.93972171165742 9.93972171165746
2009 9.93972171165742 9.93972171165746
2010 9.93972171165742 9.93972171165746
2011 9.93972171165742 9.93972171165746
2012 9.93972171165742 9.93972171165746
2013 9.93972171165742 9.93972171165746
2014 9.93972171165742 9.93972171165746
2015 9.93972171165742 9.93972171165746
2016 9.93972171165742 9.93972171165746
2017 9.93972171165742 9.93972171165746
2018 9.93972171165742 9.93972171165746
2019 9.93972171165742 9.93972171165746
2020 9.93972171165742 9.93972171165746
2021 9.93972171165742 9.93972171165746
2022 9.93972171165742 9.93972171165746
2023 9.93972171165742 9.93972171165746
2024 9.93972171165742 9.93972171165746
2025 9.93972171165742 9.93972171165746
2026 9.93972171165742 9.93972171165746
2027 9.93972171165742 9.93972171165746
2028 9.93972171165742 9.93972171165746
2029 9.93972171165742 9.93972171165746
2030 9.93972171165742 9.93972171165746
2031 9.93972171165742 9.93972171165746
2032 9.93972171165742 9.93972171165746
2033 9.93972171165742 9.93972171165746
2034 9.93972171165742 9.93972171165746
2035 9.93972171165742 9.93972171165746
2036 9.93972171165742 9.93972171165746
2037 9.93972171165742 9.93972171165746
2038 9.93972171165742 9.93972171165746
2039 9.93972171165742 9.93972171165746
2040 9.93972171165742 9.93972171165746
2041 9.93972171165742 9.93972171165746
2042 9.93972171165742 9.93972171165746
2043 9.93972171165742 9.93972171165746
2044 9.93972171165742 9.93972171165746
2045 9.93972171165742 9.93972171165746
2046 9.93972171165742 9.93972171165746
2047 9.93972171165742 9.93972171165746
2048 9.93972171165742 9.93972171165746
2049 9.93972171165742 9.93972171165746
2050 9.93972171165742 9.93972171165746
2051 9.93972171165742 9.93972171165746
2052 9.93972171165742 9.93972171165746
2053 9.93972171165742 9.93972171165746
2054 9.93972171165742 9.93972171165746
2055 9.93972171165742 9.93972171165746
2056 9.93972171165742 9.93972171165746
2057 9.93972171165742 9.93972171165746
2058 9.93972171165742 9.93972171165746
2059 9.93972171165742 9.93972171165746
2060 9.93972171165742 9.93972171165746
2061 9.93972171165742 9.93972171165746
2062 9.93972171165742 9.93972171165746
2063 9.93972171165742 9.93972171165746
2064 9.93972171165742 9.93972171165746
2065 9.93972171165742 9.93972171165746
2066 9.93972171165742 9.93972171165746
2067 9.93972171165742 9.93972171165746
2068 9.93972171165742 9.93972171165746
2069 9.93972171165742 9.93972171165746
2070 9.93972171165742 9.93972171165746
2071 9.93972171165742 9.93972171165746
2072 9.93972171165742 9.939721711657462
2073 9.93972171165742 9.939721711657462
2074 9.93972171165742 9.939721711657462
2075 9.93972171165742 9.939721711657462
2076 9.93972171165742 9.939721711657462
2077 9.93972171165742 9.939721711657462
2078 9.93972171165742 9.939721711657462
2079 9.93972171165742 9.939721711657462
2080 9.93972171165742 9.939721711657462
2081 9.93972171165742 9.939721711657462
2082 9.93972171165742 9.939721711657462
2083 9.93972171165742 9.939721711657462
2084 9.93972171165742 9.939721711657462
2085 9.93972171165742 9.939721711657462
2086 9.93972171165742 9.939721711657462
2087 9.93972171165742 9.939721711657462
2088 9.93972171165742 9.939721711657462
2089 9.93972171165742 9.939721711657462
2090 9.93972171165742 9.93972171165746
2091 9.93972171165742 9.93972171165746
2092 9.93972171165742 9.93972171165746
2093 9.93972171165742 9.93972171165746
2094 9.93972171165742 9.93972171165746
2095 9.93972171165742 9.93972171165746
2096 9.93972171165742 9.93972171165746
2097 9.93972171165742 9.93972171165746
2098 9.93972171165742 9.93972171165746
2099 9.93972171165742 9.93972171165746
2100 9.93972171165742 9.93972171165746
2101 9.93972171165742 9.93972171165746
2102 9.93972171165742 9.93972171165746
2103 9.93972171165742 9.93972171165746
2104 9.93972171165742 9.93972171165746
2105 9.93972171165742 9.93972171165746
2106 9.93972171165742 9.93972171165746
2107 9.93972171165742 9.93972171165746
2108 9.93972171165742 9.93972171165746
2109 9.93972171165742 9.93972171165746
2110 9.93972171165742 9.93972171165746
2111 9.93972171165742 9.93972171165746
2112 9.93972171165742 9.93972171165746
2113 9.93972171165742 9.93972171165746
2114 9.93972171165742 9.939721711657462
2115 9.93972171165742 9.939721711657462
2116 9.93972171165742 9.939721711657462
2117 9.93972171165742 9.939721711657462
2118 9.93972171165742 9.939721711657462
2119 9.93972171165742 9.939721711657462
2120 9.93972171165742 9.939721711657462
2121 9.93972171165742 9.939721711657462
2122 9.93972171165742 9.939721711657462
2123 9.93972171165742 9.939721711657462
2124 9.93972171165742 9.939721711657462
2125 9.93972171165742 9.939721711657462
2126 9.93972171165742 9.939721711657462
2127 9.93972171165742 9.939721711657462
2128 9.93972171165742 9.93972171165746
2129 9.93972171165742 9.93972171165746
2130 9.93972171165742 9.93972171165746
2131 9.93972171165742 9.93972171165746
2132 9.93972171165742 9.93972171165746
2133 9.93972171165742 9.93972171165746
2134 9.93972171165742 9.93972171165746
2135 9.93972171165742 9.93972171165746
2136 9.93972171165742 9.93972171165746
2137 9.93972171165742 9.93972171165746
2138 9.93972171165742 9.93972171165746
2139 9.93972171165742 9.93972171165746
2140 9.93972171165742 9.93972171165746
2141 9.93972171165742 9.93972171165746
2142 9.93972171165742 9.93972171165746
2143 9.93972171165742 9.93972171165746
2144 9.93972171165742 9.93972171165746
2145 9.93972171165742 9.93972171165746
2146 9.93972171165742 9.93972171165746
2147 9.93972171165742 9.93972171165746
2148 9.93972171165742 9.93972171165746
2149 9.93972171165742 9.939721711657462
2150 9.93972171165742 9.939721711657462
2151 9.93972171165742 9.93972171165746
2152 9.93972171165742 9.939721711657462
2153 9.93972171165742 9.939721711657462
2154 9.93972171165742 9.939721711657462
2155 9.93972171165742 9.939721711657462
2156 9.93972171165742 9.939721711657462
2157 9.93972171165742 9.93972171165746
2158 9.93972171165742 9.93972171165746
2159 9.93972171165742 9.93972171165746
2160 9.93972171165742 9.93972171165746
2161 9.93972171165742 9.93972171165746
2162 9.93972171165742 9.93972171165746
2163 9.93972171165742 9.93972171165746
2164 9.93972171165742 9.93972171165746
2165 9.93972171165742 9.93972171165746
2166 9.93972171165742 9.93972171165746
2167 9.93972171165742 9.93972171165746
2168 9.93972171165742 9.939721711657462
2169 9.93972171165742 9.93972171165746
2170 9.93972171165742 9.93972171165746
2171 9.93972171165742 9.93972171165746
2172 9.93972171165742 9.93972171165746
2173 9.93972171165742 9.93972171165746
2174 9.93972171165742 9.93972171165746
2175 9.93972171165742 9.93972171165746
2176 9.93972171165742 9.93972171165746
2177 9.93972171165742 9.93972171165746
2178 9.93972171165742 9.93972171165746
2179 9.93972171165742 9.93972171165746
2180 9.93972171165742 9.93972171165746
2181 9.93972171165742 9.93972171165746
2182 9.93972171165742 9.93972171165746
2183 9.93972171165742 9.93972171165746
2184 9.93972171165742 9.93972171165746
2185 9.93972171165742 9.93972171165746
2186 9.93972171165742 9.93972171165746
2187 9.93972171165742 9.93972171165746
2188 9.93972171165742 9.93972171165746
2189 9.93972171165742 9.93972171165746
2190 9.93972171165742 9.93972171165746
2191 9.93972171165742 9.93972171165746
2192 9.93972171165742 9.93972171165746
2193 9.93972171165742 9.93972171165746
2194 9.93972171165742 9.93972171165746
2195 9.93972171165742 9.93972171165746
2196 9.93972171165742 9.93972171165746
2197 9.93972171165742 9.93972171165746
2198 9.93972171165742 9.93972171165746
2199 9.93972171165742 9.93972171165746
2200 9.93972171165742 9.93972171165746
2201 9.93972171165742 9.93972171165746
2202 9.93972171165742 9.93972171165746
2203 9.93972171165742 9.93972171165746
2204 9.93972171165742 9.93972171165746
2205 9.93972171165742 9.93972171165746
2206 9.93972171165742 9.93972171165746
2207 9.93972171165742 9.93972171165746
2208 9.93972171165742 9.93972171165746
2209 9.93972171165742 9.93972171165746
2210 9.93972171165742 9.93972171165746
2211 9.93972171165742 9.93972171165746
2212 9.93972171165742 9.93972171165746
2213 9.93972171165742 9.93972171165746
2214 9.93972171165742 9.93972171165746
2215 9.93972171165742 9.93972171165746
2216 9.93972171165742 9.93972171165746
2217 9.93972171165742 9.93972171165746
2218 9.93972171165742 9.93972171165746
2219 9.93972171165742 9.93972171165746
2220 9.93972171165742 9.93972171165746
2221 9.93972171165742 9.93972171165746
2222 9.93972171165742 9.93972171165746
2223 9.93972171165742 9.93972171165746
2224 9.93972171165742 9.93972171165746
2225 9.93972171165742 9.93972171165746
2226 9.93972171165742 9.93972171165746
2227 9.93972171165742 9.93972171165746
2228 9.93972171165742 9.93972171165746
2229 9.93972171165742 9.93972171165746
2230 9.93972171165742 9.93972171165746
2231 9.93972171165742 9.93972171165746
2232 9.93972171165742 9.93972171165746
2233 9.93972171165742 9.93972171165746
2234 9.93972171165742 9.93972171165746
2235 9.93972171165742 9.93972171165746
2236 9.93972171165742 9.93972171165746
2237 9.93972171165742 9.93972171165746
2238 9.93972171165742 9.93972171165746
2239 9.93972171165742 9.93972171165746
2240 9.93972171165742 9.93972171165746
2241 9.93972171165742 9.93972171165746
2242 9.93972171165742 9.93972171165746
2243 9.93972171165742 9.93972171165746
2244 9.93972171165742 9.93972171165746
2245 9.93972171165742 9.93972171165746
2246 9.93972171165742 9.93972171165746
2247 9.93972171165742 9.93972171165746
2248 9.93972171165742 9.93972171165746
2249 9.93972171165742 9.93972171165746
2250 9.93972171165742 9.93972171165746
2251 9.93972171165742 9.93972171165746
2252 9.93972171165742 9.93972171165746
2253 9.93972171165742 9.93972171165746
2254 9.93972171165742 9.93972171165746
2255 9.93972171165742 9.93972171165746
2256 9.93972171165742 9.93972171165746
2257 9.93972171165742 9.93972171165746
2258 9.93972171165742 9.93972171165746
2259 9.93972171165742 9.93972171165746
2260 9.93972171165742 9.93972171165746
2261 9.93972171165742 9.93972171165746
2262 9.93972171165742 9.93972171165746
2263 9.93972171165742 9.93972171165746
2264 9.93972171165742 9.93972171165746
2265 9.93972171165742 9.93972171165746
2266 9.93972171165742 9.93972171165746
2267 9.93972171165742 9.93972171165746
2268 9.93972171165742 9.93972171165746
2269 9.93972171165742 9.93972171165746
2270 9.93972171165742 9.93972171165746
2271 9.93972171165742 9.93972171165746
2272 9.93972171165742 9.93972171165746
2273 9.93972171165742 9.93972171165746
2274 9.93972171165742 9.939721711657462
2275 9.93972171165742 9.939721711657462
2276 9.93972171165742 9.93972171165746
2277 9.93972171165742 9.93972171165746
2278 9.93972171165742 9.93972171165746
2279 9.93972171165742 9.93972171165746
2280 9.93972171165742 9.93972171165746
2281 9.93972171165742 9.93972171165746
2282 9.93972171165742 9.93972171165746
2283 9.93972171165742 9.93972171165746
2284 9.93972171165742 9.93972171165746
2285 9.93972171165742 9.93972171165746
2286 9.93972171165742 9.93972171165746
2287 9.93972171165742 9.93972171165746
2288 9.93972171165742 9.93972171165746
2289 9.93972171165742 9.93972171165746
2290 9.93972171165742 9.93972171165746
2291 9.93972171165742 9.93972171165746
2292 9.93972171165742 9.93972171165746
2293 9.93972171165742 9.93972171165746
2294 9.93972171165742 9.93972171165746
2295 9.93972171165742 9.93972171165746
2296 9.93972171165742 9.93972171165746
2297 9.93972171165742 9.93972171165746
2298 9.93972171165742 9.93972171165746
2299 9.93972171165742 9.93972171165746
2300 9.93972171165742 9.93972171165746
2301 9.93972171165742 9.93972171165746
2302 9.93972171165742 9.93972171165746
2303 9.93972171165742 9.93972171165746
2304 9.93972171165742 9.93972171165746
2305 9.93972171165742 9.93972171165746
2306 9.93972171165742 9.93972171165746
2307 9.93972171165742 9.93972171165746
2308 9.93972171165742 9.93972171165746
2309 9.93972171165742 9.93972171165746
2310 9.93972171165742 9.93972171165746
2311 9.93972171165742 9.93972171165746
2312 9.93972171165742 9.93972171165746
2313 9.93972171165742 9.93972171165746
2314 9.93972171165742 9.93972171165746
2315 9.93972171165742 9.93972171165746
2316 9.93972171165742 9.93972171165746
2317 9.93972171165742 9.93972171165746
2318 9.93972171165742 9.93972171165746
2319 9.93972171165742 9.93972171165746
2320 9.93972171165742 9.93972171165746
2321 9.93972171165742 9.93972171165746
2322 9.93972171165742 9.93972171165746
2323 9.93972171165742 9.93972171165746
2324 9.93972171165742 9.93972171165746
2325 9.93972171165742 9.93972171165746
2326 9.93972171165742 9.93972171165746
2327 9.93972171165742 9.93972171165746
2328 9.93972171165742 9.93972171165746
2329 9.93972171165742 9.93972171165746
2330 9.93972171165742 9.93972171165746
2331 9.93972171165742 9.93972171165746
2332 9.93972171165742 9.93972171165746
2333 9.93972171165742 9.93972171165746
2334 9.93972171165742 9.93972171165746
2335 9.93972171165742 9.93972171165746
2336 9.93972171165742 9.93972171165746
2337 9.93972171165742 9.93972171165746
2338 9.93972171165742 9.93972171165746
2339 9.93972171165742 9.93972171165746
2340 9.93972171165742 9.93972171165746
2341 9.93972171165742 9.93972171165746
2342 9.93972171165742 9.93972171165746
2343 9.93972171165742 9.93972171165746
2344 9.93972171165742 9.93972171165746
2345 9.93972171165742 9.93972171165746
2346 9.93972171165742 9.93972171165746
2347 9.93972171165742 9.93972171165746
2348 9.93972171165742 9.93972171165746
2349 9.93972171165742 9.93972171165746
2350 9.93972171165742 9.93972171165746
2351 9.93972171165742 9.93972171165746
2352 9.93972171165742 9.93972171165746
2353 9.93972171165742 9.93972171165746
2354 9.93972171165742 9.93972171165746
2355 9.93972171165742 9.93972171165746
2356 9.93972171165742 9.93972171165746
2357 9.93972171165742 9.93972171165746
2358 9.93972171165742 9.93972171165746
2359 9.93972171165742 9.93972171165746
2360 9.93972171165742 9.93972171165746
2361 9.93972171165742 9.93972171165746
2362 9.93972171165742 9.93972171165746
2363 9.93972171165742 9.93972171165746
2364 9.93972171165742 9.93972171165746
2365 9.93972171165742 9.93972171165746
2366 9.93972171165742 9.939721711657462
2367 9.93972171165742 9.939721711657462
2368 9.93972171165742 9.939721711657462
2369 9.93972171165742 9.939721711657462
2370 9.93972171165742 9.939721711657462
2371 9.93972171165742 9.939721711657462
2372 9.93972171165742 9.939721711657462
2373 9.93972171165742 9.939721711657462
2374 9.93972171165742 9.939721711657462
2375 9.93972171165742 9.939721711657462
2376 9.93972171165742 9.939721711657462
2377 9.93972171165742 9.939721711657462
2378 9.93972171165742 9.939721711657462
2379 9.93972171165742 9.939721711657462
2380 9.93972171165742 9.939721711657462
2381 9.93972171165742 9.939721711657462
2382 9.93972171165742 9.939721711657462
2383 9.93972171165742 9.93972171165746
2384 9.93972171165742 9.939721711657462
2385 9.93972171165742 9.939721711657462
2386 9.93972171165742 9.939721711657462
2387 9.93972171165742 9.939721711657462
2388 9.93972171165742 9.939721711657462
2389 9.93972171165742 9.939721711657462
2390 9.93972171165742 9.939721711657462
2391 9.93972171165742 9.939721711657462
2392 9.93972171165742 9.939721711657462
2393 9.93972171165742 9.939721711657462
2394 9.93972171165742 9.939721711657462
2395 9.93972171165742 9.939721711657462
2396 9.93972171165742 9.939721711657462
2397 9.93972171165742 9.939721711657462
2398 9.93972171165742 9.939721711657462
2399 9.93972171165742 9.939721711657462
2400 9.93972171165742 9.939721711657462
2401 9.93972171165742 9.939721711657462
2402 9.93972171165742 9.939721711657462
2403 9.93972171165742 9.939721711657462
2404 9.93972171165742 9.939721711657462
2405 9.93972171165742 9.93972171165746
2406 9.93972171165742 9.93972171165746
2407 9.93972171165742 9.93972171165746
2408 9.93972171165742 9.93972171165746
2409 9.93972171165742 9.93972171165746
2410 9.93972171165742 9.93972171165746
2411 9.93972171165742 9.93972171165746
2412 9.93972171165742 9.93972171165746
2413 9.93972171165742 9.93972171165746
2414 9.93972171165742 9.93972171165746
2415 9.93972171165742 9.93972171165746
2416 9.93972171165742 9.93972171165746
2417 9.93972171165742 9.93972171165746
2418 9.93972171165742 9.93972171165746
2419 9.93972171165742 9.93972171165746
2420 9.93972171165742 9.93972171165746
2421 9.93972171165742 9.93972171165746
2422 9.93972171165742 9.93972171165746
2423 9.93972171165742 9.93972171165746
2424 9.93972171165742 9.93972171165746
2425 9.93972171165742 9.93972171165746
2426 9.93972171165742 9.93972171165746
2427 9.93972171165742 9.93972171165746
2428 9.93972171165742 9.93972171165746
2429 9.93972171165742 9.93972171165746
2430 9.93972171165742 9.93972171165746
2431 9.93972171165742 9.93972171165746
2432 9.93972171165742 9.93972171165746
2433 9.93972171165742 9.93972171165746
2434 9.93972171165742 9.93972171165746
2435 9.93972171165742 9.93972171165746
2436 9.93972171165742 9.939721711657462
2437 9.93972171165742 9.939721711657462
2438 9.93972171165742 9.939721711657462
2439 9.93972171165742 9.939721711657462
2440 9.93972171165742 9.939721711657462
2441 9.93972171165742 9.939721711657462
2442 9.93972171165742 9.939721711657462
2443 9.93972171165742 9.939721711657462
2444 9.93972171165742 9.939721711657462
2445 9.93972171165742 9.939721711657462
2446 9.93972171165742 9.939721711657462
2447 9.93972171165742 9.939721711657462
2448 9.93972171165742 9.939721711657462
2449 9.93972171165742 9.939721711657462
2450 9.93972171165742 9.939721711657462
2451 9.93972171165742 9.93972171165746
2452 9.93972171165742 9.93972171165746
2453 9.93972171165742 9.939721711657462
2454 9.93972171165742 9.93972171165746
2455 9.93972171165742 9.93972171165746
2456 9.93972171165742 9.93972171165746
2457 9.93972171165742 9.93972171165746
2458 9.93972171165742 9.93972171165746
2459 9.93972171165742 9.93972171165746
2460 9.93972171165742 9.93972171165746
2461 9.93972171165742 9.93972171165746
2462 9.93972171165742 9.93972171165746
2463 9.93972171165742 9.93972171165746
2464 9.93972171165742 9.93972171165746
2465 9.93972171165742 9.93972171165746
2466 9.93972171165742 9.93972171165746
2467 9.93972171165742 9.93972171165746
2468 9.93972171165742 9.93972171165746
2469 9.93972171165742 9.939721711657462
2470 9.93972171165742 9.939721711657462
2471 9.93972171165742 9.939721711657462
2472 9.93972171165742 9.939721711657462
2473 9.93972171165742 9.939721711657462
2474 9.93972171165742 9.939721711657462
2475 9.93972171165742 9.939721711657462
2476 9.93972171165742 9.939721711657462
2477 9.93972171165742 9.939721711657462
2478 9.93972171165742 9.939721711657462
2479 9.93972171165742 9.939721711657462
2480 9.93972171165742 9.939721711657462
2481 9.93972171165742 9.939721711657462
2482 9.93972171165742 9.939721711657462
2483 9.93972171165742 9.939721711657462
2484 9.93972171165742 9.939721711657462
2485 9.93972171165742 9.939721711657462
2486 9.93972171165742 9.939721711657462
2487 9.93972171165742 9.939721711657462
2488 9.93972171165742 9.939721711657462
2489 9.93972171165742 9.939721711657462
2490 9.93972171165742 9.939721711657462
2491 9.93972171165742 9.939721711657462
2492 9.93972171165742 9.939721711657462
2493 9.93972171165742 9.939721711657462
2494 9.93972171165742 9.939721711657462
2495 9.93972171165742 9.939721711657462
2496 9.93972171165742 9.939721711657462
2497 9.93972171165742 9.939721711657462
2498 9.93972171165742 9.939721711657462
2499 9.93972171165742 9.939721711657462
